0 0.252344 0.588195 0.367188 0.823611
0 0.459375 0.266667 0.034375 0.086111
0 0.467187 0.351389 0.040625 0.063889
0 0.501172 0.334028 0.035156 0.065278
0 0.491406 0.263194 0.028125 0.065278
0 0.591016 0.297222 0.096094 0.252778
0 0.612500 0.502083 0.048437 0.131944
0 0.582422 0.703472 0.022656 0.062500
0 0.575391 0.759028 0.028906 0.054167
63 0.651172 0.549306 0.057031 0.081944
67 0.576953 0.722222 0.057031 0.152778
0 0.668750 0.433333 0.025000 0.050000
0 0.663281 0.384028 0.034375 0.040278
0 0.476562 0.716667 0.076563 0.300000
0 0.707031 0.381250 0.021875 0.040278
0 0.747656 0.609028 0.479688 0.781944
