chair 193 137 217 169
chair 175 194 193 232
chair 334 193 362 219
chair 303 193 327 221
chair 110 204 136 234
chair 322 143 336 175
chair 389 149 407 181
chair 375 143 389 153
chair 239 219 263 239
chair 372 162 390 192
chair 259 202 275 226
chair 38 198 56 226
umbrella 62 83 126 113
umbrella 117 158 185 194
umbrella 154 92 218 120
umbrella 44 148 106 178
umbrella 73 115 129 143
umbrella 319 215 415 241
person 232 56 252 104
person 387 67 405 109
person 255 58 273 104
person 204 199 228 239
person 201 183 221 217
person 405 57 415 113
person 393 199 407 215
person 113 192 135 220
person 265 214 287 238
chair 161 122 177 144
chair 191 123 211 141
chair 147 217 169 239
chair 96 187 112 213
chair 61 215 83 239
chair 295 213 313 235
chair 284 153 304 179
chair 291 136 307 156
chair 304 157 328 177
chair 310 178 326 200
chair 341 177 363 197
chair 358 152 370 174
person 108 145 126 173
person 160 190 182 232
person 391 214 409 230
potted_plant 63 177 103 239
potted_plant 132 83 170 151
