chair 193 137 217 169
chair 109 205 133 235
chair 177 194 193 232
chair 334 190 362 220
chair 322 143 336 175
chair 303 192 327 222
chair 390 149 408 181
chair 375 144 389 154
chair 161 125 183 153
chair 240 219 264 239
chair 260 202 276 226
chair 196 123 210 135
chair 48 199 66 227
chair 372 161 390 191
umbrella 63 84 125 112
umbrella 117 158 185 194
umbrella 154 92 218 120
umbrella 44 148 108 178
umbrella 73 115 129 143
umbrella 323 219 409 239
person 232 57 252 105
person 387 67 405 109
person 255 57 273 105
person 201 185 221 225
person 205 199 229 239
person 406 57 416 113
person 393 199 407 215
person 113 192 135 218
person 264 214 286 238
chair 58 217 84 239
chair 97 191 109 213
chair 148 221 170 239
chair 306 157 326 179
chair 286 154 304 184
chair 291 137 303 155
chair 356 151 374 179
chair 346 178 364 202
chair 306 175 332 197
chair 291 208 311 232
person 156 190 182 230
person 110 147 128 173
person 390 215 410 231
potted_plant 63 177 101 239
potted_plant 134 80 162 154
