chair 194 138 216 170
chair 177 196 193 232
chair 333 190 363 220
chair 111 204 135 236
chair 322 144 336 176
chair 387 150 405 182
chair 304 192 326 222
chair 37 198 59 228
chair 148 216 172 238
chair 196 124 210 136
umbrella 64 85 126 113
umbrella 73 114 135 144
umbrella 154 93 218 121
umbrella 118 161 188 207
umbrella 45 148 107 178
umbrella 324 219 408 239
person 232 59 254 107
person 257 60 273 106
person 387 69 403 111
person 200 185 222 223
person 205 200 229 238
person 406 59 416 113
person 393 200 407 216
person 113 193 135 219
person 411 73 415 117
person 389 215 411 237
person 261 215 281 239
chair 343 177 365 201
chair 308 178 332 198
chair 283 155 303 185
chair 305 156 329 178
chair 289 137 309 159
chair 370 166 388 192
chair 358 155 372 177
chair 372 143 388 159
chair 160 123 178 145
chair 62 217 88 239
chair 97 190 111 216
chair 239 220 259 238
chair 259 201 279 215
chair 291 211 311 235
person 111 147 127 175
person 158 191 182 231
potted_plant 62 177 104 239
potted_plant 131 82 165 150
