chair 193 139 217 171
chair 176 197 194 231
chair 111 203 135 237
chair 321 145 335 177
chair 332 189 362 221
chair 386 152 404 184
chair 304 192 326 224
chair 375 146 389 156
chair 46 197 66 229
umbrella 64 86 128 114
umbrella 73 116 135 146
umbrella 119 162 187 206
umbrella 44 149 108 189
umbrella 154 95 220 141
umbrella 324 219 410 239
person 232 58 254 108
person 257 61 273 107
person 199 185 221 223
person 387 70 403 112
person 205 201 229 239
person 391 201 407 217
person 114 194 134 220
person 405 59 415 115
person 393 218 407 234
person 373 216 381 220
person 411 72 415 118
chair 190 125 212 145
chair 280 156 306 182
chair 288 137 308 159
chair 307 155 325 177
chair 309 176 327 200
chair 340 177 364 209
chair 355 151 375 177
chair 367 166 389 194
chair 257 202 279 224
chair 239 222 259 238
chair 290 210 316 234
chair 144 213 172 239
chair 66 221 90 239
chair 97 188 115 216
chair 160 127 182 147
person 158 193 182 231
person 111 149 129 177
potted_plant 62 179 106 239
potted_plant 134 81 164 149
