potted_plant 57 181 107 237
chair 193 137 217 173
chair 321 146 335 178
chair 177 197 195 233
chair 111 204 135 238
chair 387 153 403 185
chair 304 198 326 226
chair 160 130 184 162
chair 375 147 389 157
chair 331 192 361 222
chair 46 198 66 228
chair 371 167 389 197
umbrella 66 88 128 114
umbrella 119 162 187 206
umbrella 47 151 111 187
umbrella 75 117 135 147
umbrella 155 95 221 151
umbrella 323 221 411 239
person 232 61 254 109
person 255 63 273 109
person 385 72 403 114
person 201 188 223 224
person 204 202 230 238
person 405 66 415 118
person 392 202 406 218
person 115 197 137 231
person 393 219 407 233
person 106 152 124 196
chair 65 221 89 239
chair 95 193 115 217
chair 145 215 167 239
chair 190 124 216 142
chair 282 157 302 181
chair 290 138 306 156
chair 306 159 328 179
chair 310 178 324 200
chair 340 182 364 206
chair 356 154 374 180
chair 256 203 278 225
chair 241 223 261 239
chair 290 211 316 239
person 162 195 186 233
potted_plant 136 82 164 152
