potted_plant 58 181 106 239
chair 174 200 196 236
chair 194 143 214 175
chair 111 203 137 237
chair 321 147 335 179
chair 388 150 406 186
chair 304 196 326 230
chair 160 131 182 161
chair 46 198 66 230
chair 99 194 117 218
chair 197 127 211 139
chair 261 204 275 220
umbrella 66 90 128 116
umbrella 120 164 188 206
umbrella 47 152 111 182
umbrella 75 119 135 147
umbrella 157 97 219 125
umbrella 324 221 412 239
umbrella 157 98 219 162
person 232 62 254 110
person 255 64 273 110
person 385 73 403 115
person 202 189 222 225
person 204 204 230 238
person 405 65 415 119
person 392 202 406 220
person 106 153 126 195
person 257 217 277 239
person 392 219 406 233
person 115 197 137 231
chair 64 217 88 239
chair 147 223 171 239
chair 242 224 262 238
chair 294 214 312 238
chair 340 199 362 221
chair 343 182 363 208
chair 310 180 328 204
chair 306 162 328 186
chair 282 158 306 184
chair 287 139 305 167
chair 356 157 372 181
chair 367 171 387 195
chair 372 147 388 163
person 162 196 186 236
potted_plant 139 84 165 156
