potted_plant 56 180 108 240
chair 113 203 137 237
chair 176 201 196 235
chair 202 139 218 171
chair 388 152 406 186
chair 320 148 334 178
chair 161 131 181 161
chair 304 196 326 230
umbrella 47 153 111 183
umbrella 68 91 128 115
umbrella 119 164 189 208
umbrella 77 119 135 147
umbrella 154 97 220 151
umbrella 323 221 411 239
person 233 63 253 111
person 255 65 273 111
person 384 74 404 116
person 202 192 224 234
person 405 66 415 120
person 392 204 406 220
person 115 197 137 231
person 210 204 234 238
person 392 220 406 234
person 411 79 415 119
person 106 154 126 194
person 256 217 276 239
chair 194 125 214 147
chair 147 224 171 240
chair 99 188 117 220
chair 45 194 65 226
chair 62 221 88 239
chair 259 205 277 221
chair 242 225 260 239
chair 294 215 310 237
chair 339 201 363 221
chair 345 182 363 204
chair 308 180 330 204
chair 307 163 325 183
chair 284 158 300 180
chair 290 144 306 162
chair 356 156 372 180
chair 370 170 390 194
chair 371 148 387 160
person 161 196 187 234
potted_plant 135 81 167 153
