chair 192 131 216 163
chair 238 215 266 239
chair 322 136 336 168
chair 390 144 408 176
chair 107 196 133 230
chair 303 190 327 218
chair 168 188 188 226
chair 34 190 52 220
chair 341 184 365 214
chair 91 183 109 213
chair 372 155 392 185
umbrella 37 141 107 175
umbrella 153 84 217 134
umbrella 114 153 184 193
umbrella 59 75 123 105
umbrella 70 107 130 135
umbrella 310 212 410 240
person 231 48 251 98
person 254 48 272 98
person 389 57 407 103
person 205 189 227 239
person 203 174 223 206
person 396 208 414 234
person 404 46 414 108
person 110 187 134 225
person 397 193 411 209
person 268 208 292 238
chair 191 113 211 135
chair 155 116 175 140
chair 56 211 82 239
chair 146 213 170 239
chair 258 193 278 217
chair 292 205 316 231
chair 284 226 308 238
chair 309 168 333 192
chair 343 169 369 195
chair 359 144 377 174
chair 375 135 391 151
chair 305 152 329 172
chair 281 146 305 174
chair 290 130 308 150
person 269 221 285 239
person 107 139 123 163
person 159 183 183 229
potted_plant 52 172 100 238
potted_plant 131 72 159 140
