chair 178 202 198 236
chair 195 145 217 177
chair 113 204 137 238
chair 321 152 335 182
chair 333 199 361 227
chair 385 158 405 192
chair 304 198 326 230
chair 49 199 67 229
chair 263 209 275 223
umbrella 70 94 130 120
umbrella 50 155 114 189
umbrella 77 123 137 151
umbrella 118 166 190 208
umbrella 158 101 220 129
umbrella 321 223 413 239
person 232 65 254 115
person 256 68 274 114
person 386 77 402 119
person 203 195 223 233
person 407 73 415 125
person 212 206 234 238
person 390 205 406 221
person 115 199 135 229
person 392 223 406 237
person 123 201 147 237
chair 65 224 87 238
chair 102 195 114 221
chair 162 129 176 151
chair 196 129 214 145
chair 282 159 302 185
chair 305 166 325 188
chair 289 144 305 166
chair 356 159 372 185
chair 368 174 388 198
chair 371 151 387 163
chair 344 184 364 210
chair 306 182 330 208
chair 292 215 312 239
chair 242 225 258 239
person 164 196 184 234
person 114 154 126 194
potted_plant 65 182 103 238
potted_plant 139 85 173 157
