potted_plant 62 189 108 239
chair 179 202 197 236
chair 195 144 217 178
chair 114 202 138 238
chair 321 152 335 184
chair 385 158 405 192
chair 304 199 326 231
chair 259 209 275 235
chair 48 198 66 230
chair 373 154 387 162
umbrella 70 95 130 121
umbrella 50 157 112 189
umbrella 79 124 137 152
umbrella 125 168 189 206
umbrella 159 102 221 130
umbrella 322 223 410 239
person 232 67 254 115
person 256 69 274 115
person 385 79 401 119
person 204 197 224 233
person 405 73 415 125
person 211 206 235 238
person 391 206 405 222
person 116 199 136 229
person 282 160 302 192
person 392 223 406 237
person 108 157 128 195
chair 164 132 184 160
chair 196 131 214 155
chair 290 145 308 169
chair 304 165 324 187
chair 354 158 372 186
chair 368 174 388 198
chair 336 203 364 225
chair 341 184 365 210
chair 306 185 332 207
chair 293 214 311 238
chair 101 200 115 222
person 164 199 184 235
potted_plant 143 84 169 158
