chair 177 204 197 238
chair 331 199 361 229
chair 201 146 219 178
chair 319 154 333 184
chair 114 214 138 238
chair 386 160 404 192
chair 304 205 326 235
chair 198 134 212 146
chair 163 138 183 168
chair 262 211 276 225
chair 366 175 390 205
chair 50 206 66 236
umbrella 51 159 115 189
umbrella 71 98 131 122
umbrella 160 105 222 131
umbrella 82 126 138 154
umbrella 124 171 190 207
umbrella 324 228 408 238
person 232 72 254 118
person 256 73 274 117
person 385 82 401 122
person 205 200 225 238
person 405 74 415 126
person 119 202 145 238
person 212 211 236 239
person 390 208 404 224
person 392 224 406 238
person 247 72 259 116
person 245 227 269 239
chair 284 165 302 189
chair 289 148 305 166
chair 307 168 325 188
chair 370 153 386 165
chair 356 162 372 190
chair 342 187 362 205
chair 309 186 329 210
chair 288 215 310 239
chair 102 196 120 230
person 164 199 186 235
person 116 158 130 200
potted_plant 70 187 108 239
potted_plant 139 92 169 160
