potted_plant 61 185 107 239
chair 178 205 198 237
chair 202 146 220 178
chair 113 215 135 239
chair 386 160 404 192
chair 335 201 363 229
chair 321 155 333 185
chair 305 205 327 235
chair 48 206 66 236
chair 262 212 276 226
chair 353 163 367 191
chair 161 139 183 167
umbrella 52 160 116 190
umbrella 72 99 130 123
umbrella 160 105 222 131
umbrella 124 171 190 207
umbrella 81 127 139 153
umbrella 328 228 406 238
person 233 72 255 120
person 256 75 274 117
person 384 83 402 123
person 205 200 225 238
person 405 75 415 127
person 213 212 237 238
person 120 202 146 238
person 390 209 404 227
person 245 227 269 239
person 245 73 259 117
person 391 224 405 238
chair 104 200 118 224
chair 197 134 215 152
chair 283 166 303 190
chair 306 168 328 190
chair 288 149 308 171
chair 368 178 388 200
chair 371 155 385 167
chair 307 188 327 206
chair 344 187 364 213
chair 289 220 311 238
person 167 202 187 238
person 117 159 131 199
potted_plant 142 94 168 160
