potted_plant 63 190 109 238
chair 202 154 220 184
chair 178 209 198 237
chair 333 207 359 233
chair 301 207 327 235
chair 321 161 333 191
chair 165 144 185 176
chair 121 213 143 239
umbrella 76 105 134 129
umbrella 85 133 141 161
umbrella 126 175 190 207
umbrella 160 112 224 138
umbrella 55 166 117 196
person 234 79 254 125
person 256 80 274 124
person 206 207 226 239
person 384 89 400 129
person 217 217 239 239
person 405 83 415 133
person 244 230 268 240
person 122 208 144 238
person 387 212 407 234
person 388 229 410 239
chair 54 208 74 238
chair 106 205 120 227
chair 197 141 217 159
chair 283 169 303 197
chair 290 154 308 174
chair 304 171 322 195
chair 308 191 326 215
chair 340 192 362 218
chair 354 168 372 194
chair 365 183 385 207
chair 384 165 402 193
chair 368 159 384 171
chair 261 216 277 238
chair 293 223 309 239
person 167 206 189 238
person 119 164 133 202
potted_plant 146 100 168 166
