potted_plant 64 192 110 238
chair 203 154 221 186
chair 332 206 358 234
chair 319 162 333 192
chair 302 210 326 236
chair 180 210 198 236
chair 385 168 401 198
chair 167 146 185 176
umbrella 76 106 134 134
umbrella 57 167 117 197
umbrella 85 134 143 162
umbrella 125 177 193 219
umbrella 160 114 224 162
person 233 81 255 127
person 208 208 226 238
person 259 83 275 127
person 383 92 399 130
person 217 219 239 239
person 405 84 415 136
person 123 208 145 238
person 244 231 258 239
person 385 215 407 237
person 383 231 405 239
person 114 168 134 208
chair 199 143 215 155
chair 117 219 135 239
chair 57 212 75 234
chair 108 205 124 229
chair 258 216 278 234
chair 308 192 326 212
chair 341 194 361 216
chair 356 167 370 195
chair 366 184 384 208
chair 369 161 385 173
chair 284 174 304 198
chair 305 174 325 194
chair 290 154 306 172
person 166 207 190 239
potted_plant 144 105 170 167
