potted_plant 67 190 119 238
chair 200 158 220 190
chair 319 163 333 191
chair 333 208 357 236
chair 178 212 198 238
chair 386 169 400 199
chair 303 215 327 237
chair 362 183 380 213
umbrella 79 108 133 134
umbrella 86 137 142 165
umbrella 125 178 193 218
umbrella 163 115 223 143
umbrella 59 168 119 198
person 233 81 255 129
person 257 84 275 128
person 208 212 226 238
person 382 91 396 135
person 217 219 241 239
person 405 89 415 137
person 124 209 146 237
person 384 216 406 236
person 243 232 257 238
person 382 231 404 239
person 243 231 269 239
person 404 188 414 240
chair 55 210 75 236
chair 108 210 124 232
chair 167 146 183 162
chair 200 144 216 162
chair 283 174 301 198
chair 304 175 324 197
chair 289 158 305 174
chair 355 171 367 195
chair 371 162 383 176
chair 341 196 361 220
chair 307 196 331 216
chair 260 218 278 236
person 167 208 189 238
person 120 168 134 206
potted_plant 146 104 174 168
