potted_plant 64 192 112 238
chair 202 158 220 190
chair 333 207 357 235
chair 319 164 333 192
chair 179 212 199 238
chair 353 170 371 204
chair 310 166 330 198
chair 166 147 186 177
umbrella 79 108 133 134
umbrella 86 137 142 165
umbrella 59 169 119 199
umbrella 163 116 223 142
umbrella 126 180 192 210
person 234 82 256 130
person 257 85 277 129
person 206 213 226 239
person 405 89 415 137
person 383 91 395 135
person 217 219 241 239
person 125 209 145 237
person 384 217 406 237
person 244 233 256 239
person 114 170 134 208
person 382 231 404 239
chair 55 211 75 235
chair 109 209 123 229
chair 198 144 216 160
chair 284 175 304 199
chair 290 156 304 176
chair 369 164 381 174
chair 381 170 403 196
chair 366 183 386 207
chair 339 196 359 220
chair 307 195 331 219
chair 302 211 326 237
chair 260 219 280 233
chair 119 221 131 239
person 168 207 190 239
person 405 191 415 229
potted_plant 143 104 173 170
