potted_plant 68 192 118 238
chair 203 161 221 191
chair 178 216 200 238
chair 351 176 367 206
chair 385 175 399 203
chair 320 168 332 196
chair 306 180 326 206
umbrella 82 113 136 137
umbrella 130 182 192 212
umbrella 60 172 118 204
umbrella 89 140 145 168
umbrella 162 121 224 145
person 235 88 255 134
person 256 90 276 132
person 208 217 228 239
person 403 94 415 140
person 383 93 395 139
person 125 214 147 238
person 385 220 401 236
person 403 191 415 237
person 224 227 238 239
chair 169 150 185 170
chair 200 149 216 161
chair 59 215 77 237
chair 110 209 124 229
chair 261 221 279 237
chair 304 215 324 237
chair 335 216 357 238
chair 342 201 360 223
chair 309 197 327 217
chair 284 179 300 203
chair 290 163 306 181
chair 367 165 383 179
chair 365 186 385 212
person 169 213 191 239
person 120 172 138 200
potted_plant 147 109 173 173
