potted_plant 68 193 118 237
chair 204 161 222 193
chair 384 175 400 203
chair 320 168 332 198
chair 179 216 199 238
chair 333 215 357 239
chair 169 152 185 182
umbrella 82 115 136 137
umbrella 62 172 122 204
umbrella 130 183 192 213
umbrella 90 141 146 167
umbrella 163 122 223 150
person 235 87 255 135
person 256 90 276 132
person 209 218 229 238
person 403 94 415 140
person 383 96 393 140
person 125 215 147 239
person 385 221 401 237
person 403 192 415 236
person 224 228 238 238
chair 200 147 218 167
chair 59 216 75 238
chair 110 210 126 236
chair 262 221 278 235
chair 304 215 324 237
chair 309 199 323 217
chair 340 200 360 220
chair 283 176 301 204
chair 290 162 306 184
chair 302 179 322 201
chair 352 177 370 203
chair 367 191 383 213
chair 366 166 382 180
person 169 213 193 239
person 125 172 139 202
potted_plant 149 107 171 175
