potted_plant 68 201 118 237
chair 203 166 221 196
chair 172 154 184 164
chair 333 218 357 238
chair 203 152 215 166
chair 322 174 332 196
chair 350 179 366 205
chair 368 172 382 182
umbrella 83 118 139 142
umbrella 64 175 122 205
umbrella 167 124 225 150
umbrella 89 145 147 173
umbrella 130 184 194 226
person 235 91 255 137
person 256 94 276 136
person 403 99 415 145
person 384 98 394 142
person 211 220 233 238
person 128 217 150 239
person 383 222 399 238
person 401 194 415 236
person 229 231 241 239
chair 301 217 325 239
chair 261 225 281 239
chair 283 181 303 203
chair 289 165 307 181
chair 306 186 322 204
chair 364 193 382 213
chair 383 177 397 199
chair 341 203 361 225
chair 308 201 324 219
chair 185 218 199 238
chair 113 213 129 233
person 168 217 192 239
person 126 174 140 208
potted_plant 149 112 173 174
