potted_plant 70 202 118 238
chair 203 169 223 199
chair 350 182 368 216
chair 322 179 332 199
chair 263 228 277 238
umbrella 85 120 139 144
umbrella 133 189 197 219
umbrella 170 127 224 151
umbrella 93 148 147 174
umbrella 66 179 124 207
person 235 96 255 140
person 255 97 275 139
person 401 103 415 145
person 382 102 394 144
person 216 223 232 239
person 382 224 398 238
person 128 219 150 239
person 401 191 415 237
person 232 233 242 239
chair 185 221 203 239
chair 112 215 130 237
chair 172 156 188 172
chair 200 155 218 169
chair 284 183 300 203
chair 305 186 323 204
chair 291 167 305 181
chair 365 194 383 216
chair 382 179 396 203
chair 364 173 380 187
chair 336 223 358 239
chair 302 217 324 239
chair 308 202 328 220
chair 341 204 359 228
person 168 217 192 239
person 126 179 142 209
potted_plant 147 114 175 178
