potted_plant 72 203 118 237
chair 204 169 224 199
chair 263 228 277 238
chair 322 177 332 201
umbrella 86 122 140 150
umbrella 134 190 196 220
umbrella 96 149 148 175
umbrella 169 129 225 157
umbrella 66 180 124 210
person 256 99 276 141
person 235 97 255 143
person 401 103 415 147
person 382 104 394 146
person 401 192 415 236
person 382 227 398 239
person 130 220 150 238
person 212 227 236 239
chair 170 157 188 175
chair 198 156 222 170
chair 114 217 130 239
chair 182 222 204 238
chair 301 219 323 239
chair 332 221 358 239
chair 340 205 360 227
chair 351 182 369 208
chair 307 204 325 222
chair 283 183 301 211
chair 289 169 307 185
chair 304 186 326 206
chair 365 175 379 183
chair 379 181 399 203
chair 365 194 381 218
person 169 219 195 239
person 125 180 143 216
potted_plant 153 116 175 180
