potted_plant 72 202 120 238
chair 204 168 224 200
chair 263 230 277 238
chair 349 183 367 215
umbrella 87 122 141 150
umbrella 65 181 125 211
umbrella 135 190 195 220
umbrella 169 131 225 157
umbrella 96 150 148 176
person 257 100 275 142
person 236 98 254 142
person 382 106 394 146
person 401 104 415 148
person 401 193 415 237
person 381 227 395 239
person 130 221 150 239
person 212 227 236 239
chair 186 220 202 238
chair 114 215 130 239
chair 171 158 187 176
chair 200 154 220 172
chair 284 184 304 210
chair 291 170 307 190
chair 306 189 324 209
chair 315 175 333 199
chair 307 204 327 226
chair 301 220 325 238
chair 332 223 358 239
chair 336 206 360 232
chair 362 196 382 220
chair 380 181 398 207
chair 364 174 382 188
person 171 219 193 239
person 126 181 144 215
potted_plant 152 118 176 180
