0 0.085156 0.240972 0.032812 0.062500
0 0.112500 0.239583 0.021875 0.051389
0 0.093359 0.304861 0.024219 0.051389
0 0.121875 0.290972 0.020312 0.048611
0 0.184375 0.265278 0.064062 0.191667
0 0.269141 0.319444 0.027344 0.038889
0 0.314063 0.403472 0.029687 0.129167
0 0.432422 0.248611 0.057031 0.155556
0 0.346875 0.250694 0.023438 0.040278
0 0.357812 0.293750 0.010937 0.034722
0 0.378125 0.281250 0.014062 0.031944
0 0.368750 0.239583 0.010937 0.040278
0 0.476172 0.320139 0.013281 0.029167
0 0.477734 0.351389 0.017969 0.030556
0 0.505469 0.351389 0.017188 0.033333
0 0.502734 0.315972 0.014844 0.029167
0 0.541797 0.388889 0.024219 0.108333
0 0.523438 0.389583 0.020312 0.076389
58 0.067969 0.541667 0.135937 0.486111
41 0.439453 0.661111 0.039844 0.075000
41 0.551562 0.654167 0.037500 0.080556
41 0.838672 0.663194 0.036719 0.087500
41 0.210156 0.695833 0.039062 0.083333
0 0.454688 0.467361 0.234375 0.418056
0 0.268359 0.502778 0.228906 0.411111
0 0.683203 0.477083 0.183594 0.426389
0 0.866406 0.470139 0.267188 0.520833
