handbag 550 236 628 354
handbag 454 352 544 438
person 336 159 454 485
person 447 196 551 474
person 548 183 674 483
person 268 228 334 410
person 154 174 276 470
person 10 218 74 420
person 792 227 830 389
person 2 209 36 409
person 148 222 168 248
person 491 171 565 293
person 72 188 174 478
handbag 18 254 70 328
handbag 76 229 154 341
handbag 176 227 252 343
handbag 305 312 339 362
handbag 333 232 385 348
handbag 310 337 352 459
handbag 627 230 667 332
person 363 194 441 478
person 572 187 598 237
