handbag 552 237 628 351
handbag 457 352 545 438
handbag 20 259 70 327
handbag 334 225 408 363
person 339 155 457 487
person 449 198 555 474
person 549 183 673 483
person 62 195 178 477
person 153 175 277 467
person 10 227 76 389
person 793 226 831 388
person 2 210 36 404
person 149 223 169 247
person 257 231 273 257
person 455 164 567 272
handbag 628 236 668 328
handbag 319 348 351 466
handbag 315 306 335 356
handbag 186 221 260 343
handbag 79 243 167 339
person 570 187 606 231
person 358 186 446 478
