handbag 466 352 556 438
handbag 343 228 403 358
handbag 568 228 646 362
person 460 199 562 475
person 557 186 673 480
person 66 193 184 477
person 161 178 283 468
person 38 217 88 401
person 3 208 41 436
person 804 236 832 376
person 154 221 178 251
person 473 166 581 262
handbag 321 317 343 361
handbag 328 337 358 465
handbag 194 224 270 342
handbag 71 243 169 353
handbag 40 254 84 330
person 23 211 49 255
person 277 224 337 394
person 384 181 460 479
person 340 158 422 478
person 565 185 615 241
