truck 355 29 753 213
truck 1043 1 1221 64
truck 101 155 245 289
car 725 309 907 407
car 469 320 663 414
car 1618 53 1764 135
person 1230 301 1268 395
person 1742 142 1774 224
person 921 480 953 548
person 1789 148 1821 228
person 229 667 303 791
person 944 480 992 544
person 411 660 461 718
person 1852 144 1886 206
person 431 50 459 110
person 1899 147 1915 197
person 922 0 954 31
person 1841 146 1871 210
person 386 90 412 118
person 207 649 249 749
person 1866 149 1888 197
umbrella 19 871 443 1011
umbrella 129 979 569 1079
