truck 313 94 673 286
truck 40 226 182 362
truck 1000 41 1172 151
car 269 437 461 533
car 525 416 729 522
car 1481 145 1617 235
person 1183 369 1223 469
person 1689 220 1717 294
person 1746 223 1772 295
person 383 127 413 187
person 1774 224 1798 290
person 318 757 366 813
person 887 46 923 106
person 1115 2 1147 68
person 144 764 200 876
person 1827 226 1849 270
person 1802 229 1822 283
person 880 561 924 611
person 167 723 213 813
person 1270 3 1290 45
person 847 547 885 613
person 288 170 316 244
umbrella 13 945 359 1079
car 1770 42 1884 152
