truck 331 142 655 324
truck 12 277 162 409
truck 966 98 1122 186
car 1713 107 1835 189
bicycle 871 108 903 144
car 423 482 641 586
car 144 501 354 599
car 1402 203 1554 281
person 1158 411 1200 507
person 1717 262 1749 338
person 1660 258 1690 330
person 809 603 847 671
person 265 807 309 863
person 1741 266 1767 332
person 870 86 906 142
person 148 756 188 854
person 357 165 391 231
person 842 602 884 660
person 1769 267 1799 325
person 234 213 274 285
person 1238 36 1258 86
person 1792 272 1814 314
person 109 755 143 851
person 731 124 755 200
person 1204 30 1226 100
person 1097 33 1123 89
person 1132 21 1156 77
