truck 296 150 618 334
truck 8 281 160 413
truck 963 102 1123 192
car 1711 119 1815 205
car 407 491 629 595
car 98 513 334 611
car 1407 210 1525 292
person 1153 417 1199 515
person 1714 270 1748 342
person 1655 267 1685 337
person 260 814 304 868
person 806 610 838 680
person 1735 273 1767 339
person 227 224 263 300
person 873 102 899 146
person 144 763 182 869
person 1775 275 1803 323
person 1233 46 1253 96
person 838 611 880 663
person 358 171 386 239
person 1207 46 1225 94
person 108 759 142 845
person 976 109 994 137
person 723 124 759 216
person 1092 31 1128 107
person 1137 20 1167 96
