truck 283 154 619 344
truck 955 106 1123 202
truck 4 289 158 421
car 1699 121 1815 209
car 388 500 598 610
car 87 526 303 626
car 1390 223 1518 299
bicycle 869 126 899 158
person 1651 273 1685 347
person 1153 421 1195 517
person 1712 278 1744 350
person 801 618 833 684
person 829 617 875 679
person 866 97 902 157
person 715 142 747 214
person 250 822 300 878
person 212 240 250 310
person 1736 282 1766 344
person 1771 285 1799 329
person 137 771 181 871
person 1228 49 1248 101
person 354 179 384 243
person 1201 53 1219 99
person 969 114 987 140
person 1128 31 1152 99
