truck 268 186 632 370
truck 945 131 1107 223
truck 0 315 136 457
car 323 539 535 647
car 1330 249 1488 333
car 60 563 238 663
bicycle 177 277 225 339
person 1142 449 1184 539
person 1641 296 1671 370
person 862 117 892 177
person 1701 300 1733 368
person 777 641 813 715
person 180 258 224 334
person 1741 307 1765 357
person 83 777 117 893
person 812 643 852 697
person 1209 80 1229 128
person 218 854 270 908
person 120 792 168 884
person 1762 311 1784 351
person 337 202 367 264
person 1184 80 1202 128
person 1506 6 1526 26
car 1660 150 1764 242
person 1103 56 1127 118
person 1067 57 1097 123
person 688 160 728 236
