truck 256 195 604 375
truck 942 137 1106 233
truck 3 323 116 461
car 1646 165 1752 249
car 287 557 521 663
car 1323 266 1465 346
car 68 577 200 673
car 1884 109 1916 181
person 1136 454 1180 548
person 771 650 805 722
person 1696 310 1732 380
person 203 866 249 918
person 1634 304 1670 378
person 1737 313 1771 371
person 799 653 845 713
person 77 788 115 888
person 858 128 888 188
person 1199 83 1227 145
person 695 177 723 247
person 174 275 214 345
person 1506 1 1530 38
person 1172 87 1192 137
person 119 799 159 901
person 335 211 367 271
person 1110 61 1134 125
