truck 236 211 602 389
truck 3 338 130 478
truck 926 147 1090 249
car 1619 181 1731 269
car 253 574 475 686
car 1307 277 1439 361
car 51 603 161 691
car 1870 127 1918 193
person 1133 466 1173 562
person 1688 319 1718 395
person 1626 316 1656 388
person 685 188 717 266
person 189 880 241 936
person 1503 2 1529 48
person 755 663 785 733
person 67 800 105 908
person 1196 100 1216 150
person 110 814 150 916
person 1738 327 1766 373
person 793 667 837 727
person 1701 325 1733 389
person 328 223 360 289
person 932 162 948 192
person 864 155 886 195
person 168 280 196 350
person 1172 103 1190 147
person 1094 73 1126 137
person 1065 85 1091 143
