truck 250 216 594 390
truck 2 339 129 477
car 1613 185 1729 271
car 937 162 1077 250
car 235 578 467 690
car 1297 287 1427 363
car 59 611 133 693
car 1853 120 1921 202
person 1132 467 1170 561
person 1684 322 1718 400
person 1625 320 1657 394
person 683 191 713 265
person 756 668 790 740
person 1504 7 1528 47
person 65 803 105 907
person 325 225 359 293
person 178 883 224 945
person 157 288 191 362
person 106 817 148 917
person 930 162 948 192
person 1729 329 1761 385
person 1162 103 1180 149
person 1194 100 1214 152
person 791 670 835 728
person 865 160 887 198
person 1706 329 1736 391
person 1099 82 1123 142
