truck 830 299 986 385
car 636 554 806 672
car 1072 455 1230 537
car 2 750 231 882
car 235 467 421 567
car 1571 323 1671 391
car 1370 51 1480 89
person 1611 431 1643 499
person 1158 562 1190 654
person 1492 490 1530 566
person 1670 429 1698 497
person 1569 498 1597 540
person 35 939 69 1039
person 1746 425 1770 471
person 743 314 771 372
person 0 935 32 1039
person 507 859 547 933
person 1028 256 1048 296
person 1448 132 1470 176
person 1719 426 1743 470
person 1464 135 1482 173
person 541 863 581 915
person 938 247 960 281
person 1720 448 1744 482
car 1764 246 1886 328
truck 131 338 533 512
