truck 831 301 987 387
car 1746 269 1848 341
car 1029 469 1197 551
car 7 776 137 886
car 310 454 490 552
car 1542 336 1640 400
person 1161 563 1199 647
person 1614 432 1648 500
person 1492 497 1532 569
person 740 317 766 377
person 1480 495 1510 573
person 1562 500 1588 540
person 1679 430 1709 494
person 30 937 66 1039
person 1023 257 1047 297
person 1716 428 1740 472
person 1451 133 1471 175
person 1463 135 1483 175
person 504 863 540 931
person 4 926 30 1046
person 1075 206 1097 254
person 1055 221 1073 263
person 536 857 584 985
person 1017 250 1055 308
car 571 564 737 696
truck 130 350 536 524
car 1363 43 1487 87
