truck 98 361 514 519
car 1738 269 1850 343
truck 851 299 981 387
car 558 587 740 699
car 1024 469 1198 551
car 316 452 494 552
car 1537 333 1635 405
car 6 779 132 885
person 1161 561 1199 647
person 1615 432 1649 500
person 740 316 766 376
person 1489 497 1531 569
person 1562 499 1588 541
person 1679 429 1707 493
person 1480 494 1512 572
person 1023 257 1047 295
person 1463 136 1483 176
person 30 938 66 1040
person 1450 134 1470 174
person 1715 429 1739 471
person 5 927 31 1045
person 1075 207 1097 255
person 504 863 540 931
person 1055 220 1075 262
person 950 240 976 286
car 1371 55 1475 89
