truck 118 359 504 529
truck 833 299 987 387
car 534 580 704 708
car 1005 474 1171 560
car 1724 269 1842 343
car 1521 335 1621 405
car 1 796 87 898
car 342 445 512 543
car 1379 52 1475 88
bicycle 1683 463 1707 495
person 1162 559 1200 647
person 1620 428 1652 500
person 1488 499 1530 569
person 1559 499 1587 541
person 1479 499 1511 573
person 1463 134 1485 176
person 1014 251 1048 309
person 499 866 535 934
person 1447 135 1467 175
person 953 241 977 287
person 1678 431 1708 493
person 30 940 64 1038
person 739 316 765 376
person 1077 207 1099 257
person 5 926 31 1046
person 1698 429 1736 489
person 1056 219 1076 263
person 529 868 575 928
