truck 120 364 490 528
truck 833 301 985 387
car 1517 327 1619 409
car 1716 268 1830 346
car 521 583 691 709
car 997 476 1173 562
car 352 442 524 540
car 3 799 76 907
car 1382 51 1476 87
person 1163 558 1201 648
person 1623 427 1653 499
person 1477 496 1511 574
person 1489 499 1527 567
person 1559 501 1585 541
person 1678 427 1710 495
person 1463 132 1485 176
person 498 866 534 934
person 1447 135 1465 175
person 1078 207 1100 257
person 739 314 765 374
person 954 242 978 288
person 4 925 32 1049
person 31 939 65 1039
person 1055 218 1075 264
person 1696 430 1732 488
person 526 869 574 929
person 1014 250 1050 308
