person 1020 257 1042 297
car 1714 270 1830 346
car 994 478 1160 562
car 1508 338 1608 410
car 353 441 535 539
car 517 585 685 709
car 1383 52 1477 88
car 1 801 47 903
person 1163 558 1203 648
person 1625 426 1653 500
person 1475 498 1511 574
person 1489 500 1527 568
person 1677 427 1709 497
person 1463 132 1485 176
person 737 319 757 371
person 957 243 979 287
person 1078 207 1100 257
person 1449 133 1467 175
person 1557 501 1583 539
person 31 939 65 1041
person 1053 217 1073 263
person 3 928 31 1046
person 499 866 535 932
person 1698 429 1730 489
person 526 863 574 981
person 1015 250 1049 308
truck 117 338 533 524
truck 822 287 988 377
