person 1551 509 1577 541
truck 121 364 491 528
car 1709 270 1825 352
car 494 593 666 715
car 978 481 1148 567
car 1502 343 1600 411
car 371 439 547 537
car 1384 52 1476 88
bicycle 1682 462 1708 496
bicycle 1667 450 1713 504
person 1166 559 1204 647
person 1473 497 1513 573
person 1630 427 1654 495
person 1463 131 1485 177
person 1680 430 1710 494
person 731 312 759 374
person 4 927 32 1047
person 31 941 65 1037
person 1447 134 1465 174
person 1078 207 1100 255
person 498 868 536 934
person 1055 221 1073 263
person 522 870 572 928
person 1688 428 1708 468
truck 816 282 1004 380
