person 1016 260 1040 296
truck 129 361 489 531
car 1707 271 1821 351
car 1496 344 1594 414
truck 826 311 984 383
car 972 484 1142 568
car 494 597 660 715
car 1384 52 1476 88
bicycle 1683 462 1707 494
person 1167 559 1205 647
person 1473 497 1513 575
person 1629 425 1655 497
person 1489 500 1527 568
person 1464 132 1484 176
person 1551 508 1577 542
person 1678 430 1708 496
person 731 314 759 374
person 3 927 31 1047
person 1448 134 1466 174
person 29 941 65 1037
person 497 868 535 934
person 1080 210 1100 252
person 1055 221 1075 265
person 522 869 572 929
person 97 398 129 462
car 379 438 559 528
