truck 127 363 481 529
car 382 437 558 533
car 1705 272 1819 352
car 966 485 1138 571
car 1492 345 1592 415
car 487 598 653 716
car 1383 51 1479 87
bicycle 1686 462 1710 496
bicycle 1664 451 1710 505
person 1167 559 1205 647
person 1472 496 1514 574
person 1630 427 1654 495
person 1464 135 1486 175
person 1488 501 1526 567
person 732 316 758 376
person 1550 508 1576 542
person 1681 429 1709 493
person 1014 261 1040 297
person 1446 135 1464 175
person 1078 209 1100 253
person 1055 222 1075 264
person 4 926 30 1048
person 29 940 65 1038
person 498 869 540 935
person 1687 427 1707 467
person 520 869 570 931
truck 819 282 987 386
