truck 140 356 494 530
truck 831 301 987 387
car 408 433 576 525
car 458 604 634 728
car 944 488 1122 580
car 1482 349 1580 421
car 1693 274 1805 358
car 1381 51 1477 89
bicycle 1651 453 1693 509
person 1170 559 1210 647
person 1470 496 1512 574
person 1629 426 1657 498
person 1464 135 1486 173
person 733 322 755 368
person 1017 260 1041 300
person 28 941 64 1037
person 1489 503 1521 567
person 1544 511 1570 547
person 2 932 34 1040
person 488 870 524 940
person 1677 430 1707 494
person 1686 428 1708 466
person 1078 210 1102 252
person 1056 221 1078 265
person 1445 136 1465 174
