truck 148 356 466 530
truck 830 306 982 384
car 921 499 1089 587
car 435 421 607 519
car 1458 357 1560 425
car 1682 279 1792 363
car 411 605 603 739
car 1377 53 1477 89
bicycle 1648 449 1680 511
bicycle 1658 458 1676 502
person 1173 557 1211 647
person 1468 500 1508 572
person 1630 427 1660 501
person 1679 427 1705 495
person 1464 135 1486 175
person 1539 507 1569 551
person 731 323 753 371
person 24 941 66 1041
person 1056 222 1076 262
person 2 929 32 1045
person 1445 133 1465 175
person 1014 260 1040 300
person 108 391 142 465
person 1081 211 1101 251
person 1491 508 1521 564
person 485 871 523 941
person 1653 432 1679 500
person 1688 429 1708 465
person 503 873 549 933
