truck 147 356 485 528
truck 832 303 986 387
car 390 621 576 749
car 1674 281 1788 363
car 899 501 1079 589
car 1443 358 1549 436
car 466 417 626 515
car 1379 53 1477 89
bicycle 1648 483 1676 509
person 1178 556 1212 646
person 1469 506 1503 578
person 1538 506 1566 552
person 27 941 67 1041
person 730 323 752 373
person 1682 428 1708 496
person 1020 263 1040 299
person 110 391 146 467
person 1 930 31 1044
person 1469 135 1487 173
person 1004 263 1022 299
person 1634 447 1674 511
person 478 871 526 943
person 1058 224 1080 264
person 1449 133 1467 175
person 1490 508 1518 566
person 1081 210 1103 254
person 501 875 551 933
person 1629 430 1655 468
