person 1017 260 1037 300
truck 142 357 490 529
truck 829 307 983 383
car 1663 282 1789 366
car 381 627 557 755
car 897 505 1070 591
car 1436 361 1550 437
car 477 411 631 513
car 1380 53 1476 89
bicycle 1626 477 1656 517
person 1179 556 1213 646
person 1466 501 1508 573
person 1536 506 1564 552
person 28 941 66 1039
person 730 322 752 376
person 1682 427 1708 495
person 1630 427 1662 497
person 1 932 33 1042
person 477 872 523 942
person 1468 135 1488 173
person 1448 134 1464 174
person 1082 209 1104 253
person 1059 222 1079 266
person 115 392 147 466
person 503 875 549 931
