truck 147 352 499 530
truck 828 306 982 384
car 347 630 537 770
car 877 511 1049 603
car 488 409 656 505
car 1425 366 1531 436
car 1649 293 1755 369
car 1376 53 1474 89
person 1181 554 1213 644
person 1463 503 1505 579
person 1532 504 1560 552
person 726 324 748 376
person 30 942 66 1040
person 0 932 32 1044
person 1684 427 1712 495
person 1468 132 1488 174
person 1624 426 1660 498
person 1019 259 1037 299
person 1003 259 1021 297
person 1061 222 1081 264
person 1449 128 1467 170
person 477 875 521 941
person 1081 210 1103 252
person 1615 447 1657 515
person 1631 429 1659 469
person 503 878 547 932
