truck 145 355 491 531
truck 826 308 984 384
car 1648 296 1754 370
car 343 630 531 772
car 866 514 1044 602
car 496 411 662 503
car 1421 366 1525 438
person 1605 467 1655 525
bicycle 1626 482 1654 514
person 1183 554 1219 642
person 1464 502 1506 580
person 1532 500 1560 548
person 0 931 33 1045
person 725 323 747 377
person 1685 427 1713 495
person 29 941 67 1041
person 1061 224 1081 264
person 1468 134 1488 174
person 1623 425 1661 501
person 1017 259 1037 301
person 1447 133 1463 175
person 1002 258 1022 298
person 1084 210 1104 250
person 503 878 549 932
