truck 143 353 485 533
truck 830 302 986 386
car 863 516 1039 606
car 503 412 665 502
car 1413 361 1529 441
car 1642 296 1754 372
car 1376 52 1474 90
bicycle 1620 483 1650 513
bicycle 1605 467 1655 523
bicycle 1614 496 1646 522
person 1183 554 1221 642
person 1463 504 1507 580
person 720 323 750 379
person 1623 425 1663 499
person 1685 426 1713 496
person 1532 504 1560 552
person 1 933 32 1041
person 29 941 67 1041
person 1061 223 1081 265
person 1018 259 1036 301
person 1468 134 1488 174
person 1001 258 1019 298
person 1085 209 1105 251
person 1449 134 1465 174
person 1614 449 1656 513
car 323 636 523 772
