truck 142 350 478 532
truck 845 301 981 387
car 303 646 497 778
car 842 522 1028 612
car 1629 297 1749 373
car 1401 374 1513 440
car 529 408 681 500
car 1379 52 1473 90
bicycle 1600 468 1648 522
person 1182 554 1222 644
person 1464 503 1504 579
person 1685 426 1713 496
person 1531 504 1557 554
person 1 934 32 1042
person 1627 426 1661 498
person 720 321 748 379
person 31 940 67 1040
person 1467 134 1489 174
person 1063 222 1081 266
person 1447 134 1465 174
person 1020 261 1038 301
person 1001 256 1019 298
person 1083 209 1103 253
