truck 145 349 471 531
truck 832 302 982 386
car 839 523 1021 613
car 532 406 686 498
car 1622 298 1744 378
car 1399 362 1515 444
car 293 634 499 778
car 1378 52 1472 90
person 1183 554 1221 642
person 1466 504 1504 578
person 1685 426 1713 498
person 721 321 747 381
person 1531 505 1557 555
person 1637 426 1667 496
person 0 934 31 1040
person 31 940 67 1040
person 1467 134 1489 176
person 1064 223 1082 267
person 1017 260 1035 302
person 1448 134 1466 174
person 1001 256 1019 298
person 1082 210 1102 254
person 472 879 508 947
person 1613 497 1641 525
person 503 878 541 932
person 1590 467 1634 527
person 1598 445 1624 481
