truck 139 351 479 529
truck 846 302 980 386
car 812 536 994 628
car 580 397 730 487
car 1367 380 1471 454
car 1602 309 1710 377
car 241 662 427 800
car 1379 53 1471 89
person 1595 498 1619 528
person 1187 556 1225 642
person 1638 429 1670 493
person 1465 508 1503 578
person 1690 425 1718 497
person 1522 511 1550 559
person 716 321 744 381
person 0 934 33 1040
person 1063 227 1083 267
person 1465 130 1491 178
person 1449 505 1477 583
person 28 941 64 1039
person 472 880 506 946
person 1580 460 1620 530
person 1567 460 1603 528
person 1000 260 1020 302
person 1017 260 1035 302
person 143 391 177 439
person 1451 127 1473 173
person 460 879 492 949
person 1085 212 1107 252
person 490 886 540 944
