truck 130 347 478 531
truck 833 299 981 385
car 784 542 962 636
car 596 396 748 486
car 1590 310 1694 392
car 1353 379 1457 461
car 201 675 389 813
car 1881 192 1917 268
car 1377 54 1473 90
person 1189 553 1227 641
person 1470 510 1502 576
person 1638 428 1670 494
person 1691 426 1719 498
person 1448 505 1476 583
person 1 935 34 1039
person 716 323 742 381
person 1061 219 1085 267
person 1468 134 1492 176
person 1522 514 1546 556
person 1556 463 1592 529
person 25 941 65 1041
person 1580 463 1608 529
person 1088 219 1108 261
person 996 260 1018 304
person 1011 251 1043 311
person 471 881 511 947
person 968 262 984 292
person 1482 525 1502 563
person 458 877 492 951
person 1559 462 1583 502
person 1450 134 1468 174
