truck 134 343 484 531
car 819 302 975 388
car 755 549 941 641
car 611 388 771 482
car 1572 313 1678 393
car 1336 383 1438 467
car 167 679 371 819
car 1872 211 1916 271
car 1380 54 1476 90
person 1191 552 1227 642
person 1638 428 1672 494
person 1691 428 1719 496
person 1445 508 1473 584
person 1464 511 1498 577
person 1561 462 1599 536
person 1469 134 1493 176
person 0 933 33 1043
person 715 322 741 382
person 1066 223 1084 265
person 25 941 65 1041
person 1000 264 1022 304
person 459 877 491 951
person 1521 517 1545 553
person 1028 246 1046 274
person 1091 209 1111 253
person 1024 263 1042 299
person 473 883 515 947
person 1448 134 1466 174
person 1021 270 1039 310
person 968 262 984 292
person 1538 458 1568 528
