truck 142 346 486 532
truck 832 300 980 386
car 702 566 888 656
car 1544 313 1668 403
car 1833 217 1917 279
car 666 377 808 467
car 1300 399 1406 473
car 92 697 296 847
car 1381 56 1477 90
car 1896 243 1918 345
person 1196 549 1234 639
person 1438 509 1470 587
person 1462 515 1492 579
person 1643 424 1677 494
person 1693 426 1721 496
person 1 929 30 1045
person 1000 260 1022 306
person 27 941 65 1041
person 1508 514 1534 558
person 1477 135 1499 173
person 1024 263 1042 295
person 1547 469 1579 533
person 454 885 492 953
person 1084 223 1104 259
person 1065 228 1083 260
person 1508 464 1538 526
person 713 323 733 375
person 469 886 515 948
person 963 265 979 295
person 1105 210 1125 252
person 1450 130 1470 168
person 1445 136 1463 174
person 1031 252 1047 274
person 1047 262 1065 288
person 1563 512 1585 542
