truck 136 338 486 524
truck 831 300 979 386
car 691 569 875 663
car 1820 220 1916 282
car 671 379 819 467
car 1534 318 1662 406
car 1288 400 1398 476
car 73 707 273 855
car 1 583 88 685
car 1378 57 1480 91
person 1198 550 1236 638
person 1641 424 1681 494
person 1437 509 1471 587
person 0 927 32 1049
person 1693 426 1721 496
person 1462 516 1494 578
person 1472 134 1496 174
person 999 261 1019 303
person 26 941 66 1043
person 1495 465 1527 503
person 1024 263 1040 293
person 1083 211 1107 253
person 1047 249 1069 277
person 961 265 977 295
person 1504 511 1530 559
person 1049 262 1067 286
person 713 325 731 367
person 1537 474 1573 546
person 451 885 493 955
person 1034 251 1050 275
person 1104 209 1124 253
person 1451 131 1473 167
person 161 381 203 435
