truck 139 346 489 532
truck 835 298 989 384
car 681 572 869 662
car 1818 221 1914 281
car 1531 318 1661 406
car 679 377 821 465
car 1283 406 1395 476
car 62 709 268 857
car 1 578 95 686
car 1378 56 1478 90
person 1198 549 1236 639
person 1641 425 1681 495
person 1436 511 1466 585
person 1462 517 1492 579
person 0 926 30 1050
person 1693 426 1721 496
person 998 261 1018 303
person 1472 134 1496 174
person 1537 465 1569 537
person 1490 466 1524 528
person 26 941 64 1041
person 1505 509 1529 561
person 1051 247 1069 279
person 1084 212 1106 252
person 960 265 976 295
person 1025 264 1039 292
person 1103 208 1125 254
person 1036 250 1050 276
person 451 886 491 954
person 1052 261 1068 285
person 468 888 518 948
person 1005 274 1019 308
person 1450 131 1470 167
person 1018 280 1030 306
person 691 311 737 377
