chair 531 701 631 815
bicycle 1064 102 1122 156
person 1062 63 1124 153
person 267 465 371 651
person 1198 40 1248 110
person 172 680 336 914
person 533 571 577 653
person 538 585 612 723
person 104 500 172 678
person 565 650 677 792
person 722 630 826 746
person 164 887 286 1063
umbrella 658 432 1126 594
umbrella 595 333 971 471
chair 704 732 842 876
chair 181 790 319 926
chair 56 937 128 1063
chair 160 942 232 1064
chair 404 558 496 676
dining_table 275 738 421 896
dining_table 7 837 151 1059
