dining_table 447 687 569 819
chair 675 629 787 739
chair 307 830 435 1016
chair 471 626 579 762
umbrella 824 365 1230 555
person 319 620 471 850
person 5 646 145 930
person 413 383 503 525
person 680 494 722 570
person 251 428 315 608
person 1380 1 1414 27
person 684 517 780 665
umbrella 728 262 1120 404
chair 188 858 298 1034
chair 856 666 986 808
chair 321 713 459 833
chair 552 479 652 593
dining_table 84 753 318 981
person 308 821 460 1013
person 837 570 935 664
person 888 555 986 645
person 446 369 494 441
