dining_table 443 688 561 814
chair 665 628 787 740
chair 473 625 577 769
person 675 596 795 730
umbrella 822 363 1230 555
person 6 646 142 934
person 319 618 469 852
person 410 397 510 581
person 679 496 721 570
person 685 519 781 665
person 1377 1 1411 27
person 251 432 307 608
dining_table 71 752 313 988
chair 849 675 993 813
chair 327 715 455 851
chair 199 873 281 1035
chair 305 868 391 1036
chair 537 486 645 576
umbrella 720 257 1098 407
person 286 828 442 1018
person 851 577 925 685
person 895 561 989 663
person 443 375 487 447
