dining_table 443 687 559 817
chair 668 632 784 740
chair 470 627 570 767
umbrella 822 366 1226 554
person 4 651 140 935
person 402 395 504 581
person 319 619 467 851
person 675 500 717 570
person 245 430 309 604
person 871 563 959 679
person 754 556 844 694
person 680 595 796 725
person 685 518 783 664
person 298 822 436 1000
person 442 375 482 437
umbrella 732 253 1096 407
chair 543 479 651 593
chair 321 723 447 839
chair 204 866 276 1030
chair 307 874 379 1046
chair 853 664 989 826
dining_table 66 741 302 1005
