truck 347 35 737 213
truck 1044 2 1200 77
truck 96 164 246 296
car 457 333 635 427
car 706 318 890 418
car 1605 64 1741 142
person 1222 309 1262 405
person 1734 153 1766 229
person 1785 156 1819 232
person 401 675 453 729
person 428 56 456 120
person 1838 153 1868 221
person 214 670 288 800
person 909 485 941 555
person 922 1 948 39
person 940 487 986 543
person 1895 156 1913 200
person 370 96 396 126
person 207 656 249 750
person 931 487 965 549
person 1872 158 1892 202
person 495 77 513 109
umbrella 9 879 403 1017
umbrella 114 983 558 1079
