truck 313 111 681 307
truck 34 242 182 380
car 1778 73 1864 153
truck 999 65 1135 153
car 508 431 716 533
car 242 449 446 547
car 1468 154 1604 244
bicycle 270 193 306 259
person 1178 377 1218 477
person 1681 228 1713 302
person 839 570 875 636
person 1739 233 1767 301
person 1768 231 1796 297
person 870 568 912 626
person 378 135 408 195
person 1804 235 1828 287
person 890 51 918 109
person 309 764 359 826
person 166 731 210 833
person 277 175 307 251
person 1008 64 1024 94
person 1266 9 1286 49
person 1239 7 1257 51
person 148 770 196 892
umbrella 12 967 378 1079
