truck 323 119 669 307
truck 24 248 178 384
truck 975 72 1139 164
car 1749 80 1845 168
bicycle 876 93 908 125
car 205 466 413 564
car 482 450 698 552
car 1451 176 1581 256
bicycle 254 212 298 272
person 1673 237 1703 313
person 831 580 863 648
person 1174 386 1214 482
person 859 579 903 643
person 293 780 339 834
person 1766 245 1794 305
person 1737 242 1763 312
person 161 742 205 834
person 879 66 913 122
person 368 143 400 205
person 1258 22 1276 58
person 1805 249 1829 295
person 262 192 296 264
person 1112 29 1128 63
person 124 730 154 840
person 1232 22 1250 60
person 997 78 1013 104
umbrella 0 965 348 1079
