truck 254 167 626 347
truck 964 115 1106 211
truck 4 312 144 438
car 1677 135 1797 219
car 354 521 576 629
car 68 538 278 632
car 1369 237 1499 311
person 1144 432 1190 534
person 1645 281 1679 357
person 1704 287 1740 359
person 235 837 281 893
person 791 629 821 697
person 1766 292 1792 340
person 711 150 743 232
person 118 775 170 889
person 864 103 898 161
person 208 245 244 319
person 821 630 869 680
person 1735 292 1765 352
person 802 627 838 695
person 1207 63 1227 113
person 1225 60 1245 114
person 94 766 124 868
person 1188 62 1206 112
person 959 127 979 151
person 1124 39 1148 107
person 1077 54 1111 112
