truck 250 220 594 394
truck 2 340 127 480
car 1612 189 1724 275
truck 935 162 1075 254
car 221 588 461 698
car 1288 288 1420 372
car 59 614 129 694
car 1852 120 1922 206
bicycle 147 313 193 371
person 1131 469 1169 563
person 1622 322 1656 394
person 1682 327 1716 401
person 683 197 711 265
person 755 669 789 741
person 155 290 189 362
person 64 803 102 925
person 323 226 357 290
person 177 887 225 947
person 107 822 151 918
person 1503 9 1525 49
person 1729 331 1761 387
person 851 148 881 206
person 928 163 944 195
person 1177 106 1195 152
person 783 672 821 732
person 1195 103 1213 155
person 1705 333 1733 391
person 1158 105 1174 153
person 1484 8 1504 50
person 1689 324 1707 344
person 1094 82 1120 146
