truck 217 234 567 416
truck 903 184 1071 278
truck 0 365 103 501
car 1558 224 1672 308
car 128 627 364 749
car 1216 323 1376 407
car 1816 168 1916 234
person 46 831 92 941
person 1125 491 1163 585
person 1660 352 1690 428
person 1167 130 1189 182
person 89 842 129 934
person 729 701 759 769
person 139 921 189 979
person 1612 346 1638 412
person 659 219 685 291
person 847 167 877 225
person 115 327 153 393
person 1477 36 1495 78
person 760 699 806 763
person 1495 37 1513 75
person 1139 130 1157 180
person 1712 361 1736 407
person 1673 350 1701 420
person 1617 347 1639 385
person 904 192 922 220
person 419 1005 463 1079
person 1075 100 1097 182
person 1041 109 1073 177
