truck 220 254 596 438
truck 3 384 90 516
truck 895 198 1051 288
car 1518 243 1634 331
car 1781 191 1897 253
car 36 659 302 787
car 1182 350 1324 430
person 1599 364 1631 434
person 1118 507 1152 601
person 1645 372 1681 442
person 710 716 742 784
person 1476 49 1496 93
person 740 717 786 777
person 44 846 88 956
person 845 191 867 231
person 80 857 118 953
person 97 344 127 412
person 1149 149 1171 197
person 1124 146 1144 198
person 110 942 160 1004
person 1689 374 1713 424
person 1702 378 1724 422
person 1659 369 1675 389
person 642 241 670 305
person 1068 118 1098 190
