truck 224 252 578 442
truck 7 384 80 520
truck 890 201 1054 295
car 1512 246 1620 336
car 1164 354 1320 440
car 21 672 279 796
car 1779 197 1889 257
person 1112 511 1150 607
person 1641 376 1677 444
person 1597 366 1627 436
person 1470 52 1496 94
person 1146 154 1168 198
person 708 719 740 789
person 35 846 77 958
person 737 721 781 783
person 1683 376 1717 428
person 93 346 123 416
person 299 274 335 338
person 844 193 866 231
person 1120 155 1140 195
person 641 243 665 311
person 80 859 118 953
person 1654 372 1672 392
person 100 949 154 1013
person 1453 55 1475 97
person 1065 117 1095 187
