dining_table 76 755 310 973
chair 656 626 764 750
chair 465 628 565 758
umbrella 801 369 1227 553
person 397 396 495 582
person 3 658 133 930
person 307 619 465 849
person 238 441 306 595
person 691 550 797 690
person 1316 3 1370 45
person 1344 5 1376 39
person 650 488 720 636
person 285 816 431 1012
person 843 588 921 698
person 891 564 969 662
umbrella 704 259 1088 413
chair 830 669 974 805
chair 316 717 448 839
chair 188 867 268 1047
chair 305 879 365 1041
chair 536 467 632 599
dining_table 402 681 542 809
