truck 207 260 571 444
truck 887 208 1041 300
truck 7 384 78 524
car 1493 258 1611 342
car 1147 366 1295 448
car 1761 202 1879 268
car 12 677 254 801
person 1109 514 1147 608
person 1592 369 1624 437
person 1636 381 1676 451
person 630 247 658 315
person 1469 56 1493 98
person 1140 159 1164 201
person 31 849 77 961
person 1676 381 1712 439
person 700 723 732 799
person 732 727 776 783
person 1118 159 1138 201
person 296 276 330 340
person 79 954 135 1014
person 836 187 868 245
person 84 359 112 425
person 1451 57 1473 97
person 1059 123 1089 193
person 82 866 118 944
