truck 211 267 555 443
truck 6 379 79 525
truck 885 209 1043 301
car 1492 258 1606 344
car 10 683 246 807
car 1145 368 1289 448
car 1755 206 1875 272
person 1106 513 1146 609
person 1591 371 1627 443
person 629 248 657 316
person 1140 157 1162 207
person 1639 379 1673 451
person 1472 59 1494 99
person 1115 159 1135 201
person 840 203 864 243
person 696 724 732 800
person 1677 378 1709 442
person 29 850 77 962
person 296 278 338 342
person 1452 58 1474 100
person 1066 139 1086 185
person 732 730 776 782
person 75 866 117 970
person 79 958 131 1016
person 82 359 110 427
