truck 196 274 560 444
truck 5 382 82 526
truck 885 211 1045 305
car 1481 266 1599 348
car 1137 371 1275 451
car 1746 210 1864 274
car 7 691 225 805
person 1105 516 1145 612
person 1591 372 1621 444
person 693 727 727 799
person 27 853 75 975
person 1137 160 1161 206
person 840 203 862 245
person 1674 380 1704 442
person 626 254 652 322
person 1628 377 1660 453
person 1472 63 1492 99
person 1644 379 1676 449
person 725 731 765 795
person 1451 60 1471 100
person 1111 161 1129 203
person 296 280 332 344
person 74 864 114 972
person 1654 375 1674 411
person 74 960 130 1022
person 1065 132 1091 206
