truck 204 281 554 451
truck 870 219 1034 311
truck 8 389 71 527
car 1451 275 1567 365
car 1093 387 1255 471
car 1727 224 1839 286
car 19 713 159 821
person 1099 523 1141 617
person 1585 378 1611 450
person 26 852 72 984
person 1618 393 1652 465
person 291 283 327 349
person 684 740 726 806
person 1120 170 1138 212
person 840 210 862 248
person 1463 70 1485 110
person 1654 382 1680 450
person 619 259 647 325
person 1134 173 1154 211
person 712 742 756 798
person 74 871 112 973
person 1448 66 1470 112
person 1096 171 1112 209
person 1675 397 1695 435
person 1058 153 1076 197
person 1655 384 1673 416
person 865 229 881 259
