truck 202 277 550 455
truck 6 393 65 529
truck 871 211 1033 305
car 1446 278 1562 366
car 1085 390 1241 474
car 1725 226 1837 288
car 13 716 155 824
person 1099 523 1141 617
person 1583 379 1611 451
person 1617 397 1653 467
person 25 853 69 987
person 683 741 717 807
person 290 285 328 351
person 711 743 753 799
person 1657 381 1685 447
person 1054 149 1074 191
person 1462 70 1484 114
person 837 207 863 251
person 612 258 640 324
person 1450 66 1474 116
person 66 868 106 974
person 1136 171 1154 213
person 1657 381 1677 417
person 59 972 103 1038
person 1093 159 1129 215
