truck 193 273 557 453
truck 6 390 67 530
truck 869 226 1031 318
car 1441 280 1563 368
car 1083 392 1237 476
car 1722 228 1834 290
car 12 719 148 823
person 1099 524 1141 618
person 1582 380 1610 452
person 1617 395 1651 469
person 25 857 69 985
person 681 742 715 814
person 1118 169 1140 215
person 1464 73 1484 115
person 1655 383 1687 447
person 1055 155 1075 197
person 711 743 751 799
person 1138 172 1156 214
person 65 868 105 974
person 1451 70 1471 114
person 289 287 327 361
person 613 260 639 324
person 1093 174 1107 206
person 56 972 100 1038
person 835 209 859 241
