truck 205 277 545 461
car 1418 289 1538 379
car 1061 399 1211 485
car 1686 235 1814 299
car 1 733 80 839
person 1096 530 1138 622
person 1579 382 1611 456
person 1646 387 1684 451
person 21 870 65 972
person 64 873 104 975
person 609 265 633 331
person 1616 399 1650 469
person 1111 171 1137 219
person 680 747 720 815
person 1446 73 1468 119
person 289 290 325 360
person 837 207 861 251
person 699 747 747 811
person 671 749 703 817
person 1464 78 1482 116
person 841 229 863 263
truck 868 230 1034 310
truck 0 409 60 535
person 1050 146 1076 218
person 1081 163 1109 235
