truck 165 292 509 466
truck 866 234 1018 322
truck 7 404 46 560
car 1385 302 1499 394
car 1030 417 1162 505
car 1660 249 1782 313
person 1097 534 1137 628
person 56 881 104 985
person 14 871 64 989
person 592 277 624 341
person 1110 183 1136 231
person 1643 390 1677 464
person 1452 80 1472 128
person 659 756 699 824
person 1579 391 1615 473
person 689 757 731 813
person 1612 415 1648 475
person 291 300 325 364
person 1589 404 1627 484
person 1084 186 1104 230
person 1053 167 1071 215
person 835 224 863 300
car 1398 7 1520 25
