truck 164 294 512 472
truck 863 235 1019 323
truck 6 362 45 558
car 1383 307 1499 397
car 997 424 1153 510
car 1655 252 1775 316
person 1097 535 1137 629
person 55 882 103 986
person 13 873 63 991
person 591 278 623 344
person 289 299 321 367
person 1644 394 1676 466
person 1449 83 1469 127
person 1612 415 1646 477
person 1577 392 1611 472
person 656 759 692 831
person 1113 185 1135 231
person 1589 407 1623 483
person 689 761 729 815
person 1084 189 1102 233
person 533 304 555 344
person 1039 150 1063 216
person 831 207 855 251
person 835 235 859 299
