truck 160 298 528 478
truck 852 236 1014 328
truck 9 408 46 562
car 974 433 1136 521
car 1635 261 1757 323
person 1097 538 1137 632
person 9 878 61 992
person 55 886 101 990
person 585 287 619 349
person 651 763 687 835
person 1443 86 1467 130
person 288 306 322 374
person 1576 395 1610 469
person 1105 192 1127 236
person 1642 397 1670 463
person 1082 194 1102 236
person 679 766 723 826
person 836 242 862 308
person 1585 425 1625 491
person 1644 433 1670 467
person 1615 431 1639 471
car 1357 315 1463 413
car 1400 2 1508 26
person 1050 159 1070 223
