truck 157 298 521 480
truck 849 241 1013 337
truck 3 400 50 558
car 950 444 1100 532
car 1618 266 1734 336
car 1337 324 1445 414
person 1099 541 1137 633
person 8 884 58 996
person 51 894 93 990
person 1445 90 1467 134
person 1577 406 1615 490
person 650 767 688 839
person 1641 399 1669 465
person 580 294 612 350
person 285 309 323 377
person 671 771 719 829
person 1087 189 1121 243
person 1615 436 1635 480
person 1104 197 1124 235
person 1645 435 1669 467
person 1045 159 1061 223
person 1065 181 1087 239
person 822 216 866 246
person 830 252 848 308
