truck 150 304 526 492
truck 842 261 1002 351
car 1263 351 1387 447
car 1561 295 1685 361
car 858 480 1028 574
car 1418 15 1494 37
person 1098 553 1142 643
person 1078 202 1112 260
person 562 301 594 369
person 627 787 659 857
person 814 265 844 325
person 1563 412 1603 510
person 1443 106 1467 144
person 287 318 319 384
person 45 906 81 1002
person 652 787 692 847
person 5 883 43 1021
person 1637 414 1667 482
person 842 241 864 277
person 1424 104 1444 144
person 1016 208 1032 246
person 1039 172 1073 256
