truck 156 318 516 504
truck 843 263 1005 351
car 844 487 1008 581
car 1550 300 1676 370
car 1262 362 1380 454
person 1099 554 1141 646
person 560 307 590 371
person 622 788 654 858
person 651 790 693 850
person 1438 107 1466 147
person 1560 416 1604 508
person 813 275 833 323
person 1074 204 1108 260
person 3 891 45 1015
person 287 319 319 383
person 1637 415 1667 485
person 1576 410 1610 490
person 47 908 79 1004
person 847 245 865 275
person 1424 107 1446 147
person 1627 427 1659 491
car 1393 17 1499 53
person 1035 173 1075 265
