truck 152 317 516 507
truck 840 265 1002 353
car 839 489 997 585
car 1541 300 1671 372
person 1099 554 1141 646
person 558 306 590 372
person 806 274 840 328
person 4 895 46 1011
person 623 790 659 858
person 1559 414 1599 508
person 1440 108 1466 148
person 1079 208 1103 254
person 1638 415 1668 485
person 1577 409 1609 491
person 46 909 78 1005
person 649 792 691 850
person 850 242 866 274
person 287 327 319 389
person 1627 427 1659 491
person 514 332 542 366
person 1020 210 1034 248
person 766 267 778 287
person 1424 108 1446 150
car 1238 350 1364 476
