truck 151 318 517 506
truck 843 263 997 353
car 827 499 979 591
car 1532 308 1654 376
car 1393 18 1497 54
person 1102 557 1142 647
person 290 324 318 394
person 556 310 586 374
person 1559 414 1599 508
person 1638 413 1668 485
person 810 277 832 333
person 1084 220 1106 260
person 1442 110 1466 150
person 621 794 651 864
person 1577 412 1609 490
person 4 898 44 1008
person 21 905 63 1007
person 1019 207 1035 249
person 646 797 690 849
person 1074 210 1112 266
person 1423 109 1443 151
person 839 233 877 289
car 1227 365 1357 465
person 1029 183 1073 263
