truck 158 318 512 508
truck 843 266 995 354
car 799 508 961 598
car 1516 313 1642 383
car 1401 21 1491 55
car 1903 218 1917 266
car 1012 60 1128 98
person 1102 558 1144 648
person 291 325 321 395
person 621 797 653 865
person 556 314 586 378
person 850 245 870 281
person 808 278 828 334
person 1555 448 1585 518
person 1071 212 1107 268
person 1445 111 1467 151
person 644 800 688 864
person 1578 416 1608 482
person 3 899 43 1011
person 1423 108 1443 154
person 1024 211 1038 247
person 1642 418 1672 484
person 1625 456 1649 494
person 1589 459 1611 505
person 23 907 63 1009
person 1055 226 1071 256
car 1199 380 1337 470
