truck 149 336 513 514
truck 843 267 997 361
car 1168 388 1294 484
car 739 526 907 626
car 1481 328 1611 396
car 1877 211 1915 277
car 1411 27 1495 49
person 1109 561 1145 657
person 545 317 575 383
person 1617 458 1643 502
person 292 327 324 393
person 4 905 42 1031
person 1645 427 1673 487
person 1075 222 1099 266
person 1444 117 1468 159
person 1550 459 1584 523
person 601 807 641 873
person 799 279 827 341
person 1579 418 1607 472
person 853 246 873 286
person 1054 224 1072 266
person 1583 467 1603 517
person 632 807 672 865
person 1424 115 1444 159
person 1036 224 1050 260
person 1890 329 1918 401
person 46 919 76 1015
person 1040 181 1070 233
