truck 154 331 516 513
truck 842 270 1000 360
car 1873 213 1915 279
car 1159 387 1279 487
car 719 536 891 628
car 1473 331 1601 403
car 1397 28 1493 62
person 1111 561 1147 657
person 542 318 574 384
person 4 908 40 1032
person 1616 462 1644 502
person 1445 118 1467 160
person 1643 426 1671 488
person 597 811 637 879
person 1077 222 1097 268
person 1581 420 1607 474
person 29 917 65 1021
person 294 327 324 395
person 1058 224 1078 266
person 798 288 816 336
person 1542 459 1570 525
person 632 810 674 866
person 854 244 874 286
person 1424 116 1444 160
person 1033 224 1047 260
person 1890 330 1916 402
person 1570 468 1590 520
person 1897 359 1915 401
