truck 153 336 517 516
truck 843 275 997 367
car 1138 400 1266 496
car 700 541 868 637
car 1456 337 1588 409
car 1854 230 1916 286
car 1404 32 1492 52
person 1110 563 1148 655
person 1615 464 1645 504
person 291 331 327 401
person 1540 458 1570 528
person 3 905 39 1035
person 537 322 573 388
person 1555 459 1589 525
person 798 287 816 341
person 1445 120 1467 162
person 1650 426 1674 490
person 597 813 633 881
person 31 918 65 1022
person 1581 422 1607 478
person 1034 225 1050 265
person 1057 218 1089 278
person 1421 120 1439 162
person 630 813 670 867
person 1060 230 1080 266
person 1879 338 1919 410
