truck 153 337 517 517
truck 841 273 995 367
car 1140 403 1262 497
car 685 545 861 643
car 1455 339 1583 409
car 1850 230 1916 286
car 1409 32 1493 52
person 1113 562 1149 656
person 534 322 572 390
person 1647 426 1677 492
person 1614 464 1646 504
person 4 909 40 1033
person 1540 462 1568 528
person 796 288 816 342
person 294 334 328 402
person 1578 426 1606 492
person 594 815 634 883
person 30 919 64 1023
person 1447 122 1467 162
person 1557 464 1591 524
person 1056 218 1088 278
person 622 814 670 880
person 1423 118 1441 162
person 1032 222 1050 266
person 1060 230 1080 268
