truck 145 337 501 519
truck 838 276 998 370
car 1092 412 1238 512
car 645 559 817 659
car 1429 347 1563 423
car 1838 231 1916 295
person 1118 560 1152 658
person 1581 427 1607 491
person 1647 428 1677 494
person 1538 461 1568 533
person 30 922 66 1026
person 2 916 40 1028
person 532 328 568 392
person 1609 475 1641 509
person 1446 124 1468 162
person 792 298 812 348
person 1557 465 1591 527
person 589 817 627 887
person 1059 232 1081 282
person 1424 123 1442 165
person 1027 225 1045 267
person 619 819 667 879
person 303 340 327 390
person 1074 236 1092 278
person 1868 354 1902 412
car 1388 31 1486 73
