person 863 256 883 298
truck 133 342 513 526
truck 850 283 986 375
car 1809 246 1905 306
car 1391 364 1529 434
car 575 582 767 684
car 1407 39 1487 69
person 1120 563 1154 659
person 1579 431 1611 493
person 1446 127 1468 165
person 526 333 558 397
person 785 300 805 352
person 1608 477 1640 511
person 1530 472 1564 544
person 1652 430 1682 500
person 1 923 41 1025
person 1420 125 1440 167
person 35 926 69 1024
person 1056 241 1078 281
person 1856 373 1886 417
person 1545 471 1583 535
person 300 337 334 415
person 579 822 613 894
person 594 825 634 887
person 612 828 656 880
car 1056 430 1180 526
person 1011 204 1041 288
