truck 138 344 506 526
truck 848 285 986 375
car 569 584 761 686
car 1387 366 1527 434
car 1811 248 1887 308
car 1407 40 1487 66
person 1119 563 1155 659
person 1581 432 1611 496
person 784 301 806 351
person 526 330 558 398
person 1447 128 1469 166
person 1607 477 1641 511
person 1531 472 1565 544
person 1848 368 1886 420
person 1653 431 1683 501
person 1421 125 1441 167
person 33 925 69 1025
person 1 923 41 1025
person 1548 474 1582 540
person 1053 241 1079 283
person 302 337 334 415
person 576 825 614 899
person 863 256 885 296
person 598 826 636 886
person 611 830 655 880
car 1050 426 1172 534
person 1006 207 1040 285
person 1045 185 1079 247
