person 868 258 886 296
truck 137 349 505 529
truck 832 299 990 369
car 1795 252 1893 316
car 552 594 738 694
car 1377 369 1515 435
car 1406 42 1486 68
person 1120 566 1154 662
person 519 331 549 399
person 778 299 808 359
person 1527 474 1555 544
person 1582 433 1614 497
person 300 339 338 415
person 1448 128 1468 166
person 1610 480 1636 512
person 1550 478 1580 540
person 1654 431 1682 497
person 29 929 69 1033
person 3 920 35 1046
person 1052 239 1078 283
person 1854 372 1880 416
person 575 829 609 899
person 1421 126 1441 168
person 1842 396 1864 428
person 1841 370 1873 426
person 1588 435 1612 467
person 601 830 639 884
car 1019 434 1163 544
