person 869 258 887 298
truck 140 347 500 529
truck 851 281 991 377
car 543 594 731 694
car 1367 371 1503 443
car 1792 253 1890 315
car 1406 42 1486 66
person 1121 565 1155 661
person 778 299 806 359
person 1582 434 1614 496
person 1527 474 1555 544
person 519 331 549 399
person 1652 432 1682 498
person 1448 129 1468 167
person 300 339 338 415
person 29 929 69 1033
person 1549 479 1581 541
person 1609 481 1637 513
person 3 923 35 1043
person 1854 373 1878 415
person 572 830 610 900
person 1839 394 1863 428
person 1421 127 1441 167
person 1045 231 1083 291
person 600 831 646 883
person 1587 435 1613 467
person 1840 371 1874 427
person 1024 245 1040 279
car 1024 434 1156 536
