truck 138 343 498 533
car 1771 262 1851 324
truck 857 283 995 379
car 1353 377 1475 451
car 489 610 673 714
car 1409 46 1487 68
person 1125 567 1161 659
person 1583 434 1615 496
person 1832 391 1858 433
person 775 302 803 362
person 3 924 39 1044
person 1526 476 1554 548
person 515 335 547 403
person 1658 433 1686 497
person 1550 479 1580 543
person 564 837 600 905
person 34 931 72 1035
person 1610 481 1636 517
person 1447 132 1469 166
person 596 835 644 893
person 1049 247 1075 283
person 1424 130 1444 166
person 1604 484 1626 514
person 307 344 341 416
person 1856 378 1874 410
car 1005 445 1129 557
