truck 140 348 492 532
car 1765 266 1849 324
truck 837 298 995 384
car 459 619 653 723
car 1326 382 1460 456
person 1129 566 1161 660
person 1584 432 1620 498
person 1657 434 1687 498
person 1829 394 1855 434
person 773 302 797 364
person 562 837 598 905
person 3 923 39 1047
person 1528 478 1556 546
person 44 933 78 1033
person 596 838 640 894
person 1448 133 1468 175
person 1611 483 1633 519
person 517 339 545 409
person 306 344 344 414
person 1548 483 1576 541
person 882 255 902 295
person 1424 129 1444 167
person 1047 209 1077 285
car 959 455 1103 569
car 1370 45 1484 91
