truck 136 346 496 530
car 1742 268 1832 336
truck 833 305 985 377
car 921 470 1079 570
car 421 631 615 737
car 1302 390 1444 466
car 1399 45 1489 81
person 1128 567 1166 661
person 1587 430 1621 504
person 2 925 40 1045
person 771 305 797 365
person 1825 393 1855 435
person 1529 480 1561 548
person 558 837 596 907
person 1659 431 1689 497
person 1447 133 1469 175
person 44 934 78 1032
person 591 839 633 897
person 1051 255 1073 291
person 1423 137 1443 175
person 883 256 905 294
person 1052 211 1074 251
person 1552 493 1572 537
