truck 133 345 495 533
car 913 472 1067 574
truck 836 286 1000 382
car 1735 269 1827 335
car 398 637 604 745
car 1290 396 1436 470
person 1129 568 1167 660
person 1592 431 1624 503
person 2 926 40 1046
person 1826 393 1854 437
person 1529 481 1561 549
person 1447 133 1469 175
person 44 936 78 1034
person 1660 432 1690 498
person 771 305 795 365
person 559 839 595 907
person 513 343 541 409
person 1053 255 1073 291
person 1512 474 1540 552
person 588 842 630 898
person 1552 494 1572 538
person 1604 495 1628 525
car 1372 45 1484 87
