truck 141 349 491 539
truck 847 285 983 381
car 370 645 572 753
car 1275 398 1415 476
car 2 539 93 641
car 1722 279 1812 341
car 1379 47 1481 83
bicycle 1808 413 1832 445
person 1130 568 1168 660
person 1591 432 1623 506
person 1660 434 1690 500
person 2 925 40 1049
person 1523 480 1565 552
person 1822 393 1850 437
person 1448 133 1470 175
person 550 844 582 916
person 317 343 357 417
person 582 844 630 898
person 770 304 794 366
person 45 937 77 1033
person 565 842 603 906
person 1511 475 1539 555
person 508 342 538 408
person 1054 254 1072 292
person 1044 225 1076 295
person 1055 212 1077 250
car 906 479 1050 581
