truck 105 350 479 538
truck 835 287 993 383
car 1687 295 1759 357
car 1852 226 1918 306
car 247 681 457 795
car 1214 420 1350 496
car 24 510 224 620
car 1377 50 1477 88
bicycle 1779 429 1803 457
person 1142 563 1178 657
person 1600 433 1628 505
person 533 849 575 919
person 1 930 37 1046
person 1659 435 1695 497
person 1803 410 1827 448
person 32 936 70 1038
person 1782 411 1808 455
person 762 309 788 369
person 1449 133 1467 175
person 1507 491 1533 557
person 572 849 616 901
person 1057 211 1079 251
person 1029 244 1063 304
person 1535 502 1557 552
person 1465 138 1481 170
person 327 344 359 416
person 483 344 529 452
person 904 256 922 296
person 1590 499 1612 527
car 807 504 957 618
