truck 95 352 483 530
truck 856 288 984 380
car 1834 239 1912 315
car 76 502 268 606
car 771 515 915 625
car 1645 302 1741 368
car 180 697 398 817
car 1173 430 1329 508
person 1603 435 1631 501
person 1150 564 1182 656
person 528 849 568 923
person 0 932 41 1046
person 1583 496 1613 532
person 31 937 71 1041
person 1500 490 1530 562
person 1793 414 1815 450
person 1667 435 1697 495
person 1764 427 1790 463
person 1522 493 1554 559
person 761 314 779 366
person 560 854 606 912
person 1025 247 1065 305
person 1452 135 1470 173
person 1775 416 1799 450
person 1055 220 1077 260
person 1464 137 1482 171
person 913 246 933 284
person 908 260 926 292
person 332 347 366 411
car 1372 45 1480 87
