truck 103 352 487 528
truck 832 288 994 382
car 1828 240 1912 316
car 161 706 385 820
car 1166 431 1318 507
car 1639 303 1735 367
car 93 500 287 602
person 1150 564 1182 656
person 1602 435 1632 501
person 0 933 41 1045
person 30 937 72 1041
person 530 851 564 923
person 758 316 778 366
person 1499 491 1535 563
person 1583 497 1611 533
person 1667 435 1697 495
person 1792 415 1814 451
person 1764 427 1790 463
person 1519 494 1553 560
person 1450 134 1470 174
person 332 346 366 414
person 560 854 600 912
person 1777 416 1799 448
person 1059 213 1081 249
person 1464 137 1482 171
person 1023 248 1065 300
person 1757 430 1779 464
car 751 520 913 636
car 1375 45 1475 85
