truck 102 352 486 524
truck 835 296 985 384
car 1817 245 1917 319
car 117 719 353 837
car 1147 436 1299 514
car 122 492 322 594
car 1626 300 1724 372
car 727 531 885 641
person 1151 563 1183 655
person 1604 432 1638 500
person 0 935 41 1043
person 1499 492 1531 564
person 31 938 71 1042
person 1751 430 1779 470
person 1581 497 1607 535
person 1667 432 1697 494
person 755 314 777 368
person 530 855 562 923
person 1780 415 1804 453
person 1026 243 1062 307
person 1520 496 1552 560
person 1449 134 1467 174
person 559 855 599 911
person 1056 214 1076 248
person 924 243 944 285
person 1464 138 1482 170
person 1049 220 1071 258
car 1370 43 1484 89
