truck 90 348 496 524
truck 834 296 986 384
car 724 532 878 642
car 1815 246 1915 318
car 1141 438 1299 514
car 111 719 349 837
car 1619 307 1719 373
car 128 492 332 592
car 1370 51 1478 89
person 1155 563 1187 655
person 1605 432 1637 500
person 1499 493 1533 563
person 0 932 40 1048
person 1668 432 1696 492
person 31 938 71 1042
person 755 314 777 370
person 1579 497 1607 535
person 1748 432 1780 470
person 529 856 565 922
person 1776 417 1800 453
person 1519 496 1551 560
person 1450 134 1468 174
person 557 856 599 912
person 1025 246 1061 304
person 1057 214 1077 248
person 1030 256 1054 292
person 925 245 945 285
person 1465 138 1481 170
person 1051 220 1073 258
