truck 101 351 493 521
truck 836 295 984 385
car 1804 238 1910 318
car 132 491 336 593
car 1135 437 1287 515
car 99 718 337 840
car 1616 309 1714 373
car 1371 50 1477 88
person 1155 563 1187 655
person 1605 432 1637 500
person 1497 494 1527 564
person 0 931 39 1049
person 751 312 781 372
person 31 937 71 1043
person 1668 432 1696 492
person 1747 431 1779 471
person 1579 500 1607 536
person 1783 425 1803 461
person 1520 497 1550 559
person 530 856 564 922
person 556 857 598 913
person 1450 132 1468 176
person 333 347 369 415
person 1058 215 1078 249
person 924 245 944 285
person 1023 246 1063 302
person 1465 137 1481 171
person 1029 256 1055 290
car 720 526 878 650
