person 929 244 947 286
truck 107 353 501 521
truck 836 297 982 385
car 1806 245 1906 325
car 700 536 864 648
car 74 724 304 852
car 1121 440 1273 520
car 1609 314 1699 378
car 162 481 354 587
car 1372 51 1476 89
person 1156 561 1188 657
person 1606 431 1638 497
person 1495 493 1523 565
person 750 311 778 373
person 1667 433 1697 495
person 32 937 72 1043
person 0 934 40 1044
person 1521 497 1551 559
person 1771 424 1795 462
person 518 854 552 926
person 1740 429 1768 471
person 1448 134 1470 176
person 1579 498 1605 534
person 551 855 597 913
person 1055 216 1071 248
person 535 856 573 920
person 1024 249 1062 305
person 1464 138 1482 172
