truck 831 299 985 385
truck 89 361 517 507
truck 1778 243 1904 329
car 647 550 813 672
car 1078 451 1246 533
car 17 743 243 871
car 1580 317 1680 389
car 223 471 403 571
car 1368 52 1480 90
person 1610 433 1640 499
person 1494 492 1534 566
person 1157 563 1191 655
person 1671 432 1697 498
person 744 316 774 374
person 1573 499 1599 539
person 33 938 71 1040
person 1 935 33 1039
person 1448 131 1470 177
person 507 861 549 933
person 1748 424 1774 470
person 59 405 95 465
person 1718 425 1744 469
person 542 861 582 915
person 1464 136 1482 172
