truck 81 360 519 506
truck 831 300 987 386
car 1762 258 1874 336
car 612 562 786 680
car 1067 458 1227 540
car 0 758 202 892
car 258 460 442 562
car 1564 327 1662 391
person 1159 562 1197 648
person 1612 433 1642 499
person 742 314 772 374
person 1495 494 1533 564
person 1567 499 1593 539
person 1674 429 1702 495
person 1740 426 1764 472
person 35 940 65 1038
person 506 860 546 934
person 4 931 30 1041
person 1449 133 1469 175
person 1483 493 1511 567
person 1714 427 1736 469
person 65 402 101 464
person 1709 429 1741 489
car 1365 50 1485 88
