truck 94 359 510 513
truck 832 302 988 386
car 596 569 764 681
car 1753 261 1867 337
car 1050 464 1212 544
car 6 769 164 889
car 1551 330 1651 398
car 282 462 460 556
person 1160 562 1198 648
person 1613 432 1645 500
person 1493 496 1533 566
person 1565 500 1591 540
person 741 315 767 375
person 1677 429 1707 497
person 505 860 545 932
person 1734 430 1758 472
person 1482 494 1510 568
person 30 937 64 1039
person 4 926 30 1046
person 1451 132 1471 176
person 1711 429 1731 471
person 1463 134 1483 176
person 1074 209 1094 251
person 538 864 578 916
person 69 401 101 465
car 1369 48 1481 90
