dining_table 59 796 261 986
dining_table 399 681 531 831
chair 643 631 743 747
chair 287 722 401 860
person 278 640 424 868
chair 459 636 529 696
bicycle 1266 8 1324 66
person 378 402 488 572
person 1 668 101 980
person 1269 0 1325 58
person 650 513 722 667
person 647 508 693 588
person 1404 0 1446 16
person 273 837 395 1015
person 706 587 794 727
person 215 444 285 594
person 822 570 936 692
umbrella 705 271 1081 409
umbrella 768 375 1230 523
chair 804 681 942 815
chair 515 489 601 595
chair 161 872 235 1068
chair 270 872 354 1064
