person 1025 257 1041 295
truck 102 362 510 520
truck 832 300 988 386
car 1748 262 1866 338
car 578 568 750 686
car 1039 469 1207 549
car 6 775 154 885
car 294 455 474 553
car 1546 333 1642 399
person 1160 563 1198 647
person 1614 432 1646 500
person 1563 500 1589 538
person 1482 496 1510 572
person 1679 430 1709 496
person 1495 498 1531 566
person 741 314 767 376
person 30 938 66 1038
person 503 862 543 932
person 1463 134 1483 176
person 1450 133 1470 175
person 3 930 31 1042
person 1733 430 1755 472
person 1713 430 1735 470
person 1074 207 1094 251
person 530 866 582 928
car 1367 49 1475 95
