truck 147 356 471 528
truck 832 301 990 387
car 427 604 611 738
car 926 496 1102 586
car 1466 349 1570 425
car 1681 279 1795 363
car 423 421 597 519
car 1382 51 1480 89
bicycle 1647 450 1689 510
bicycle 1657 459 1681 501
person 1175 557 1209 649
person 1470 499 1512 573
person 1630 428 1658 496
person 732 323 756 371
person 1464 133 1486 175
person 1540 507 1570 549
person 26 940 66 1040
person 1689 427 1709 467
person 1490 506 1520 566
person 2 928 34 1046
person 1447 131 1467 177
person 1057 221 1077 261
person 1007 255 1045 309
person 484 871 526 941
person 1082 210 1102 250
person 1677 430 1703 492
person 108 392 142 464
person 497 871 547 935
person 1649 435 1687 497
