truck 143 358 489 528
truck 830 303 986 385
car 1658 284 1776 366
car 887 508 1059 594
car 1432 364 1538 434
car 472 415 644 511
car 373 629 551 757
car 1379 52 1475 90
bicycle 1614 467 1662 521
person 1179 554 1213 646
person 1466 505 1506 579
person 722 322 752 380
person 1534 505 1562 551
person 28 941 64 1039
person 1683 427 1711 495
person 1 930 31 1044
person 1627 427 1663 499
person 1468 135 1488 173
person 1449 134 1465 174
person 1081 209 1103 253
person 1060 224 1080 264
person 477 872 525 942
person 496 876 550 934
person 1685 431 1707 467
