person 1001 257 1019 297
truck 143 351 487 533
truck 832 301 986 385
car 317 633 515 775
car 859 516 1035 608
car 506 410 672 502
car 1412 360 1524 442
car 1637 295 1753 373
car 1378 53 1474 91
bicycle 1603 467 1653 523
bicycle 1621 481 1651 515
person 1180 552 1214 644
person 1464 503 1506 579
person 719 322 751 378
person 1685 427 1713 495
person 1 932 32 1042
person 1531 505 1559 553
person 29 941 67 1041
person 1624 424 1662 500
person 1467 134 1489 174
person 1062 221 1082 265
person 1018 260 1036 300
person 1447 127 1467 171
person 1084 209 1104 251
person 1611 449 1655 513
person 476 878 512 948
