truck 141 347 483 529
truck 840 286 988 370
car 798 539 972 629
car 594 394 738 490
car 1362 382 1464 456
car 1600 307 1708 381
car 221 663 413 809
car 1379 53 1471 89
person 1187 554 1225 646
person 1690 426 1718 498
person 1469 510 1503 576
person 1637 429 1669 493
person 1523 514 1549 558
person 1 935 34 1039
person 717 321 743 381
person 1466 131 1492 177
person 1449 509 1475 583
person 28 942 66 1040
person 1064 225 1086 267
person 1000 258 1024 304
person 468 882 506 946
person 146 389 178 437
person 1577 460 1615 528
person 1011 251 1041 311
person 1482 522 1502 564
person 1086 212 1110 252
person 1562 453 1604 513
person 1591 497 1615 529
