truck 138 349 486 529
truck 834 301 980 385
car 793 540 967 632
car 601 395 739 489
car 1592 307 1706 385
car 1360 382 1462 456
car 1379 53 1471 89
car 213 677 401 811
person 1187 554 1227 642
person 1469 510 1503 576
person 1690 426 1718 498
person 1638 429 1670 493
person 1447 508 1477 582
person 1522 512 1548 558
person 717 322 743 382
person 1 934 36 1040
person 1468 132 1492 176
person 1065 223 1085 265
person 27 941 65 1039
person 998 257 1022 307
person 469 882 507 946
person 1593 498 1617 530
person 138 387 184 439
person 1579 460 1617 528
person 1555 462 1599 526
person 1024 261 1044 303
person 1085 221 1107 259
person 1483 523 1503 563
person 966 263 984 293
person 1451 127 1471 171
