truck 140 348 490 528
truck 832 299 982 385
car 787 542 965 634
car 594 396 746 486
car 1593 310 1697 390
car 1356 379 1456 461
car 210 674 400 814
car 1885 189 1917 271
car 1380 53 1472 91
person 1189 553 1227 641
person 1690 426 1718 498
person 1637 429 1669 493
person 1470 510 1502 576
person 1521 513 1547 557
person 1 935 36 1041
person 1448 507 1476 583
person 715 322 743 380
person 1468 133 1492 175
person 1063 222 1085 266
person 25 941 65 1039
person 998 258 1018 304
person 137 386 183 438
person 469 882 511 946
person 1556 452 1590 516
person 1025 260 1043 302
person 1582 461 1610 527
person 1086 220 1106 260
person 1482 524 1502 564
person 1592 498 1612 532
person 968 263 984 293
person 1015 250 1043 310
person 459 877 493 951
