dining_table 48 790 260 994
chair 633 634 741 750
bicycle 1244 29 1298 79
person 270 635 428 879
person 359 404 451 574
person 3 676 72 966
person 1244 2 1300 74
person 1378 0 1428 26
person 642 526 722 652
person 1311 419 1373 561
person 632 513 672 587
person 202 441 266 609
person 694 584 788 728
person 263 825 401 1011
person 810 571 930 685
umbrella 762 398 1230 526
umbrella 691 269 1067 425
chair 494 501 614 623
chair 819 685 931 819
chair 285 733 411 879
chair 159 878 233 1058
chair 267 898 339 1040
dining_table 373 693 517 833
