truck 126 346 480 532
truck 832 299 984 385
car 771 548 951 640
car 603 389 759 481
car 1582 311 1690 391
car 1340 387 1452 461
car 183 678 379 816
car 1876 210 1916 272
car 1378 54 1474 90
person 1189 552 1227 642
person 1638 429 1672 495
person 1467 510 1503 578
person 1691 428 1719 496
person 1 935 34 1041
person 1448 505 1474 585
person 1468 132 1492 176
person 715 322 741 382
person 1065 221 1085 265
person 25 942 65 1040
person 1559 463 1591 529
person 999 260 1023 306
person 1521 516 1545 554
person 1579 462 1607 530
person 1023 260 1043 302
person 471 882 507 946
person 459 879 491 951
person 1090 210 1110 252
person 1448 134 1466 174
person 968 260 982 290
person 1024 247 1042 271
person 1563 462 1587 502
