truck 132 345 482 531
truck 835 287 981 371
car 749 550 939 646
car 1332 389 1436 461
car 1567 313 1679 393
car 616 387 778 481
car 160 681 358 821
car 1870 212 1916 272
car 1381 54 1479 90
person 1191 552 1227 642
person 1638 428 1672 494
person 1443 506 1473 584
person 1465 510 1501 578
person 1691 428 1719 496
person 0 933 33 1041
person 1470 135 1494 175
person 716 321 740 381
person 28 942 64 1040
person 1067 224 1083 264
person 1562 461 1598 537
person 1000 260 1024 306
person 458 878 492 950
person 1534 458 1564 532
person 1029 247 1045 273
person 1515 514 1539 556
person 470 883 514 947
person 1024 262 1042 300
person 1020 269 1038 311
person 965 262 983 294
person 1090 210 1110 252
person 1450 131 1470 167
