truck 136 348 484 534
car 722 556 908 650
car 1555 316 1677 400
car 1310 397 1422 471
car 1844 214 1916 276
car 636 387 796 475
car 133 697 321 835
car 1381 56 1477 90
person 1194 547 1230 641
person 1640 426 1676 494
person 1442 508 1476 586
person 1460 510 1496 580
person 1692 427 1720 497
person 0 931 33 1045
person 1474 136 1496 174
person 26 942 66 1042
person 999 257 1019 305
person 713 322 735 376
person 1027 260 1043 296
person 1511 515 1535 555
person 1525 459 1553 531
person 1087 224 1105 260
person 471 886 521 948
person 455 883 491 951
person 964 262 980 294
person 1032 250 1046 276
person 1449 136 1465 174
person 1066 225 1084 261
person 1019 275 1033 309
truck 806 286 986 398
