truck 145 344 493 532
truck 828 299 986 387
car 676 573 864 665
car 681 380 831 464
car 1814 225 1912 285
car 1528 316 1660 408
car 1278 395 1396 477
car 54 712 260 860
car 0 578 106 688
car 1378 56 1478 92
bicycle 1530 493 1568 563
person 1641 423 1683 495
person 1198 549 1236 639
person 1436 512 1468 586
person 1462 517 1492 579
person 0 929 31 1047
person 1695 427 1727 493
person 1489 467 1525 531
person 999 260 1019 304
person 1474 130 1498 168
person 26 941 66 1041
person 1534 465 1570 537
person 1048 246 1070 280
person 1082 214 1104 252
person 1026 262 1042 294
person 1050 261 1068 287
person 464 888 514 948
person 1105 211 1125 253
person 451 888 493 954
person 1451 130 1473 168
person 960 266 976 294
person 171 389 205 433
person 1496 501 1532 561
person 1057 228 1077 260
person 699 311 737 373
