chair 344 223 354 239
umbrella 117 173 165 193
umbrella 125 195 171 219
umbrella 188 179 236 199
umbrella 99 220 153 240
umbrella 158 229 216 239
person 263 153 277 189
person 246 150 262 190
person 380 156 396 194
person 367 156 379 194
chair 4 104 20 130
chair 216 216 236 232
chair 191 203 205 219
chair 215 201 229 213
chair 286 225 300 239
chair 290 211 304 223
chair 311 217 327 229
chair 305 229 319 239
chair 369 221 379 237
chair 356 218 370 226
person 154 218 170 234
boat 199 21 415 63
person 39 8 49 28
potted_plant 170 165 198 221
umbrella 0 62 56 96
