umbrella 125 197 171 219
umbrella 117 174 165 194
umbrella 189 180 237 200
umbrella 99 221 153 239
umbrella 157 229 215 239
person 263 154 277 192
person 380 158 396 196
person 246 152 262 190
person 365 159 379 195
person 76 0 84 4
person 0 28 4 56
person 41 11 51 31
person 72 1 80 5
chair 5 106 25 132
chair 191 204 203 218
chair 216 203 232 211
chair 287 227 299 239
chair 291 212 305 224
chair 314 220 326 230
chair 303 231 321 239
chair 344 224 352 236
chair 355 217 365 225
chair 370 223 384 239
chair 219 218 235 232
boat 197 21 415 65
potted_plant 170 166 196 224
umbrella 0 65 60 95
