chair 216 204 234 236
handbag 389 167 397 175
umbrella 122 191 170 217
umbrella 115 168 163 188
umbrella 187 174 235 194
umbrella 99 217 149 239
umbrella 152 227 216 239
person 264 148 276 186
person 245 146 261 186
person 370 151 380 191
person 384 155 398 191
person 388 229 410 239
chair 2 99 16 125
chair 190 198 200 218
chair 215 198 227 206
chair 285 225 297 237
chair 291 210 303 222
chair 312 212 326 230
chair 303 225 321 239
chair 346 221 356 235
chair 356 231 368 239
chair 355 214 369 222
chair 370 219 384 231
person 151 214 163 232
boat 197 15 415 57
person 35 6 43 24
potted_plant 168 162 194 218
umbrella 0 56 54 88
