umbrella 120 175 168 195
umbrella 125 198 173 224
umbrella 190 181 236 201
umbrella 98 223 156 239
umbrella 162 231 208 239
person 264 154 276 192
person 365 159 379 197
person 247 154 263 192
person 380 157 394 197
person 0 32 4 60
person 73 0 79 8
person 1 109 7 125
person 43 14 51 32
person 77 1 83 7
person 84 1 90 5
chair 9 108 23 132
chair 220 218 234 234
chair 218 203 230 215
chair 191 205 203 217
chair 286 227 302 239
chair 291 216 303 224
chair 314 221 326 229
chair 305 229 319 239
chair 342 226 354 236
chair 355 219 367 229
chair 369 226 381 238
chair 3 124 19 140
boat 203 23 415 69
potted_plant 170 165 196 225
umbrella 0 68 62 100
