umbrella 119 176 167 200
umbrella 125 199 175 223
umbrella 190 183 236 201
umbrella 98 223 156 239
umbrella 163 231 209 239
person 264 156 276 194
person 246 154 262 194
person 380 160 394 200
person 364 160 378 198
person 44 13 54 37
person 1 111 13 125
chair 12 112 22 132
chair 192 206 204 220
chair 220 219 234 233
chair 217 205 229 215
chair 287 231 299 239
chair 293 217 305 229
chair 314 220 326 230
chair 308 233 320 239
chair 346 229 356 239
chair 357 221 367 225
chair 371 228 379 236
chair 5 129 21 141
boat 203 25 415 71
person 0 34 6 58
potted_plant 170 172 200 224
umbrella 0 69 68 103
