umbrella 121 176 167 200
umbrella 126 199 174 223
umbrella 190 183 236 201
umbrella 98 223 156 239
umbrella 162 234 210 238
person 263 157 277 193
person 247 154 261 194
person 379 159 395 201
person 363 162 377 198
person 46 13 54 37
person 0 33 6 59
person 1 112 13 126
person 71 1 81 11
person 76 0 86 10
person 85 0 91 6
chair 4 125 18 147
chair 13 111 23 129
chair 193 209 205 221
chair 219 221 237 233
chair 218 206 230 214
chair 290 231 298 239
chair 293 218 301 224
chair 315 221 325 231
chair 304 233 318 239
chair 344 229 352 239
chair 357 223 367 225
chair 371 227 381 235
boat 205 26 415 72
potted_plant 172 172 192 226
umbrella 0 69 62 101
