chair 219 216 239 238
umbrella 121 180 167 200
umbrella 126 201 176 225
umbrella 189 184 237 208
umbrella 102 227 162 239
person 263 160 277 196
person 248 157 262 195
person 379 161 395 201
person 362 165 376 199
person 49 19 57 39
person 4 115 14 129
person 77 1 87 15
person 0 29 6 63
chair 6 132 20 146
chair 17 114 29 134
chair 195 209 207 225
chair 219 208 233 214
chair 288 231 300 239
chair 293 220 301 224
chair 314 226 326 236
chair 343 230 353 238
chair 355 223 365 229
chair 370 228 380 236
boat 211 30 415 72
person 71 7 81 25
potted_plant 172 170 198 226
umbrella 0 74 64 104
