chair 219 215 239 239
umbrella 122 179 166 201
umbrella 127 201 177 225
umbrella 190 185 238 207
umbrella 102 227 162 239
person 264 160 276 196
person 247 157 263 197
person 380 162 394 202
person 362 165 376 199
person 49 19 57 39
person 76 2 88 16
person 4 115 14 129
person 69 6 79 18
person 1 29 5 63
chair 19 116 27 134
chair 10 131 28 147
chair 193 210 207 222
chair 219 208 231 214
chair 287 232 303 238
chair 293 219 303 227
chair 311 223 325 235
chair 344 231 354 239
chair 355 223 363 231
chair 368 229 380 237
boat 211 30 415 74
potted_plant 173 172 201 226
umbrella 0 72 64 108
