chair 218 215 238 239
umbrella 123 181 167 201
umbrella 128 203 176 225
umbrella 191 186 237 208
umbrella 103 228 163 240
person 379 165 393 203
person 249 158 263 198
person 263 160 277 198
person 362 167 376 201
person 50 22 58 40
person 90 0 96 10
person 78 4 88 16
person 71 7 79 19
person 5 116 15 132
person 1 33 7 61
chair 9 133 25 149
chair 16 117 28 131
chair 194 209 202 221
chair 219 209 233 215
chair 286 232 302 238
chair 291 218 303 228
chair 311 224 323 234
chair 343 232 351 238
chair 353 224 365 232
chair 368 229 378 237
boat 211 31 415 75
potted_plant 175 175 197 227
umbrella 0 74 64 108
