umbrella 124 182 168 202
umbrella 127 203 175 225
umbrella 191 188 237 208
umbrella 103 229 163 239
person 249 159 263 199
person 378 164 394 204
person 264 161 276 199
person 362 167 376 203
person 51 22 61 42
person 89 0 97 12
person 77 6 87 18
person 69 9 79 21
person 5 118 15 132
person 1 35 7 65
chair 342 231 350 239
chair 355 225 363 229
chair 370 229 378 239
chair 314 226 322 238
chair 292 220 302 232
chair 287 231 295 239
chair 195 210 203 222
chair 220 209 232 219
chair 7 132 25 144
chair 18 115 28 135
chair 219 220 237 238
boat 213 34 415 74
potted_plant 176 178 200 232
umbrella 0 77 64 109
