umbrella 192 189 236 209
umbrella 124 183 170 203
umbrella 129 205 175 225
umbrella 105 229 163 239
person 263 162 277 200
person 248 161 264 199
person 379 165 393 205
person 362 168 376 204
person 90 0 100 13
person 78 8 88 20
person 1 40 13 62
person 70 11 80 23
person 53 24 59 32
chair 10 133 22 149
chair 19 118 31 140
chair 195 213 207 229
chair 222 209 234 219
chair 287 231 295 239
chair 291 220 301 232
chair 314 227 322 237
chair 351 226 363 236
chair 369 229 377 239
chair 223 223 237 237
boat 211 34 415 80
potted_plant 174 178 198 230
umbrella 0 55 46 85
umbrella 0 78 70 110
