umbrella 130 207 178 233
umbrella 191 190 237 210
umbrella 125 185 171 207
umbrella 104 230 166 240
person 263 165 277 201
person 249 163 263 201
person 379 168 393 208
person 361 172 375 206
person 78 12 86 26
person 92 0 100 17
person 70 17 78 29
person 4 41 12 67
person 56 29 64 47
person 10 122 20 136
chair 10 138 28 150
chair 21 122 31 138
chair 195 213 207 225
chair 221 213 233 221
chair 291 224 305 232
chair 310 229 322 239
chair 352 228 362 236
chair 221 226 235 238
boat 215 37 415 83
potted_plant 175 178 201 232
umbrella 0 62 48 88
umbrella 0 83 74 111
