umbrella 126 186 172 208
umbrella 130 208 178 232
umbrella 192 192 238 216
umbrella 104 230 166 240
person 263 167 277 201
person 249 164 263 202
person 379 168 393 210
person 360 172 374 206
person 94 0 102 18
person 56 29 66 49
person 70 18 80 30
person 79 15 87 27
person 5 45 13 63
person 11 123 21 137
chair 354 228 364 236
chair 291 224 303 234
chair 312 229 322 239
chair 220 214 234 224
chair 221 226 237 238
chair 196 215 206 229
chair 13 140 29 154
chair 22 122 34 142
boat 217 38 415 84
potted_plant 176 178 200 234
umbrella 0 64 48 88
umbrella 0 81 72 111
