umbrella 127 187 171 207
umbrella 133 208 181 232
umbrella 191 192 239 216
umbrella 105 230 167 240
person 264 168 278 202
person 378 169 392 209
person 249 165 263 203
person 360 174 374 206
person 95 1 103 19
person 5 44 13 58
person 77 16 87 30
person 58 29 66 49
person 11 125 21 139
person 70 21 80 33
chair 354 229 366 237
chair 292 224 304 234
chair 313 229 321 239
chair 12 140 32 156
chair 23 123 33 139
chair 195 215 209 225
chair 222 225 236 237
chair 222 213 232 225
boat 221 40 415 82
potted_plant 177 183 199 231
umbrella 0 66 48 90
umbrella 0 82 72 112
