umbrella 135 212 179 232
umbrella 128 190 172 210
umbrella 193 196 239 214
car 36 0 70 12
person 378 172 392 212
person 249 167 263 205
person 263 170 277 206
person 360 175 372 209
person 98 6 106 24
person 78 21 86 33
person 71 26 79 38
person 9 49 19 75
person 14 127 26 141
person 62 33 70 53
person 150 0 156 2
chair 293 225 305 237
chair 353 231 363 239
chair 221 229 237 239
chair 221 215 233 225
chair 197 217 207 229
chair 15 143 29 155
chair 29 129 37 145
boat 225 47 415 87
potted_plant 178 186 204 234
umbrella 0 73 44 95
umbrella 0 88 72 118
