umbrella 134 212 180 234
umbrella 130 191 172 209
umbrella 195 196 239 214
car 32 0 68 14
person 264 170 276 206
person 250 169 264 207
person 378 174 392 212
person 361 176 373 210
person 100 8 108 24
person 15 129 27 143
person 71 28 79 40
person 150 0 156 4
person 77 23 85 35
person 62 35 68 43
person 11 51 19 73
person 155 0 161 4
chair 18 144 32 158
chair 27 127 37 145
chair 199 218 211 234
chair 223 217 233 229
chair 223 229 235 239
chair 292 228 304 238
boat 227 47 415 89
potted_plant 180 186 200 236
umbrella 0 75 48 95
umbrella 0 92 74 118
