umbrella 136 212 180 234
umbrella 130 192 172 210
umbrella 195 196 239 216
car 30 0 62 16
person 251 169 263 207
person 265 171 277 207
person 377 175 391 213
person 361 177 373 211
person 101 10 109 26
person 77 25 85 37
person 17 130 27 144
person 11 53 21 77
person 155 0 161 6
person 151 0 157 6
person 70 29 78 41
chair 291 229 303 239
chair 219 217 233 227
chair 227 231 237 239
chair 199 220 207 232
chair 19 143 33 157
chair 26 128 38 146
boat 227 48 415 92
person 62 36 72 56
potted_plant 179 186 201 236
umbrella 0 92 72 118
umbrella 0 76 56 100
