umbrella 136 212 180 234
umbrella 130 192 172 210
umbrella 194 198 240 226
car 29 1 63 19
person 250 170 264 208
person 264 172 278 206
person 377 175 391 213
person 361 177 373 211
person 101 11 109 27
person 17 130 27 144
person 155 0 161 6
person 77 26 85 38
person 12 53 22 77
person 150 0 156 6
chair 292 229 304 239
chair 197 220 209 232
chair 221 219 233 227
chair 226 229 236 239
chair 17 144 31 156
chair 28 130 38 148
boat 227 48 415 92
person 64 36 72 56
person 68 30 78 42
potted_plant 182 186 204 238
umbrella 0 92 74 120
umbrella 0 78 52 98
