umbrella 132 193 172 213
umbrella 133 214 183 238
umbrella 194 198 240 226
car 25 4 59 22
person 377 175 391 215
person 250 170 264 208
person 265 174 277 208
person 102 13 110 29
person 359 179 373 211
person 76 28 84 40
person 18 132 28 146
person 156 0 162 9
person 151 0 157 9
person 12 56 22 76
person 70 33 78 45
chair 291 230 303 238
chair 226 232 238 238
chair 222 219 236 231
chair 195 219 211 231
chair 19 146 35 160
chair 31 129 43 153
boat 231 51 415 93
person 65 39 75 59
potted_plant 177 190 203 238
umbrella 3 96 77 120
umbrella 0 78 52 98
