umbrella 139 219 183 237
umbrella 135 198 175 216
umbrella 198 203 240 221
umbrella 8 103 78 125
car 10 16 46 36
person 377 181 391 219
person 252 177 264 213
person 109 19 117 37
person 265 178 277 212
person 359 183 373 217
person 156 1 164 15
person 160 1 166 15
person 24 137 34 151
person 197 0 201 4
person 67 43 79 55
person 76 39 84 51
person 1 139 13 157
chair 198 224 210 234
chair 225 223 237 235
chair 30 152 46 166
chair 35 136 47 150
chair 291 233 305 239
boat 241 56 415 102
person 17 61 29 85
potted_plant 183 195 201 239
umbrella 0 85 56 105
