umbrella 139 219 183 237
umbrella 198 203 240 221
umbrella 134 199 176 217
car 11 19 45 37
person 251 178 265 214
person 376 182 390 220
person 264 179 278 213
person 360 183 372 217
person 109 20 117 38
person 155 2 163 16
person 161 2 167 16
person 24 139 34 151
person 197 1 201 5
person 19 64 29 88
person 2 141 14 161
person 75 40 83 52
person 68 44 80 56
chair 199 225 213 237
chair 224 223 238 235
chair 293 233 303 239
chair 2 151 10 161
chair 26 152 42 164
chair 36 137 48 151
boat 241 57 415 103
potted_plant 181 193 205 239
umbrella 12 102 78 126
umbrella 0 87 60 107
