umbrella 139 220 185 238
umbrella 135 201 179 221
umbrella 200 205 240 223
car 12 25 34 45
person 376 184 392 222
person 251 180 265 216
person 359 186 373 220
person 112 23 120 41
person 267 183 279 215
person 160 5 168 19
person 22 67 32 91
person 74 45 84 57
person 198 4 202 10
person 66 48 74 60
person 148 9 152 17
person 26 141 36 155
person 69 46 79 60
chair 200 226 212 238
chair 224 224 236 234
chair 0 152 14 166
chair 34 140 50 162
chair 29 152 47 170
boat 243 61 415 103
potted_plant 183 196 205 238
umbrella 11 104 83 128
umbrella 0 90 62 110
