2 0.894922 0.150694 0.028906 0.023611
2 0.861328 0.149306 0.035156 0.020833
2 0.791016 0.157639 0.032031 0.020833
2 0.750000 0.158333 0.029687 0.013889
2 0.911719 0.261111 0.015625 0.022222
2 0.898438 0.274306 0.018750 0.026389
2 0.881250 0.263194 0.018750 0.023611
2 0.878125 0.287500 0.021875 0.025000
2 0.860937 0.295833 0.028125 0.033333
2 0.839844 0.312500 0.028125 0.038889
2 0.815234 0.330556 0.027344 0.033333
2 0.787109 0.348611 0.027344 0.033333
2 0.763672 0.363889 0.033594 0.038889
2 0.721875 0.393750 0.039062 0.045833
2 0.700781 0.423611 0.040625 0.044444
2 0.878907 0.425695 0.042188 0.062500
2 0.837499 0.411806 0.039062 0.048611
2 0.753906 0.493750 0.059375 0.084722
2 0.864062 0.270139 0.023438 0.029167
2 0.832031 0.286111 0.026563 0.033333
2 0.808984 0.279167 0.022656 0.025000
2 0.806250 0.304167 0.023438 0.027778
2 0.787109 0.294444 0.022656 0.030556
2 0.779688 0.324306 0.029687 0.029167
2 0.759766 0.309722 0.027344 0.025000
2 0.748828 0.342361 0.030469 0.029167
2 0.733984 0.323611 0.027344 0.036111
2 0.714063 0.333333 0.035937 0.033333
2 0.696875 0.370834 0.037500 0.041667
2 0.675390 0.360417 0.030469 0.031944
2 0.645703 0.409028 0.041406 0.037500
2 0.640626 0.498611 0.064062 0.058333
2 0.627734 0.469444 0.052344 0.044444
2 0.605078 0.440278 0.041406 0.041667
2 0.650390 0.366667 0.042969 0.041667
2 0.607422 0.396528 0.036719 0.043056
2 0.555859 0.425000 0.044531 0.055556
2 0.515235 0.561111 0.057031 0.058333
2 0.697266 0.722917 0.080469 0.112500
2 0.535156 0.781945 0.098438 0.111111
2 0.464844 0.547222 0.057813 0.066667
2 0.528906 0.484722 0.056250 0.058333
2 0.506250 0.463889 0.050000 0.044444
2 0.472266 0.635417 0.052344 0.079167
2 0.359375 0.572222 0.067188 0.063889
2 0.243751 0.652777 0.090625 0.075000
2 0.215625 0.851389 0.110937 0.091667
2 0.200391 0.761806 0.108594 0.093056
2 0.100000 0.937500 0.135937 0.097222
2 0.802344 0.255556 0.015625 0.019444
2 0.787891 0.263889 0.011719 0.019444
2 0.773438 0.263194 0.015625 0.018056
2 0.762109 0.256944 0.014844 0.019444
2 0.759766 0.272222 0.021094 0.022222
2 0.751953 0.259028 0.016406 0.018056
2 0.739453 0.266667 0.017969 0.022222
2 0.727734 0.286806 0.027344 0.020833
2 0.699219 0.295139 0.025000 0.023611
2 0.678125 0.306944 0.028125 0.022222
2 0.710938 0.274306 0.018750 0.029167
2 0.709375 0.252083 0.020312 0.018056
2 0.685938 0.269444 0.021875 0.025000
2 0.672656 0.281250 0.023438 0.026389
2 0.659766 0.265972 0.025781 0.029167
2 0.637109 0.325000 0.032031 0.036111
2 0.644141 0.306250 0.033594 0.026389
2 0.636328 0.292361 0.025781 0.020833
2 0.628516 0.274306 0.027344 0.031944
2 0.606641 0.343056 0.038281 0.036111
2 0.599219 0.320139 0.032812 0.026389
2 0.605859 0.297917 0.030469 0.029167
2 0.597266 0.277778 0.032031 0.030556
2 0.577343 0.268056 0.021875 0.022222
2 0.591016 0.245833 0.022656 0.022222
2 0.575781 0.368056 0.032812 0.027778
2 0.544532 0.388195 0.034375 0.037500
2 0.480859 0.418750 0.042969 0.034722
2 0.437891 0.438889 0.041406 0.038889
2 0.368750 0.472222 0.053125 0.055556
2 0.312500 0.521528 0.062500 0.051389
2 0.222656 0.579861 0.068750 0.054167
2 0.109375 0.651389 0.073437 0.058333
2 0.037891 0.579167 0.083594 0.086111
2 0.136718 0.575000 0.071875 0.075000
2 0.118359 0.546527 0.072656 0.054167
2 0.250781 0.506250 0.062500 0.056944
2 0.198828 0.499306 0.053906 0.054167
2 0.316797 0.475000 0.044531 0.052778
2 0.388672 0.429167 0.050781 0.044444
2 0.526563 0.277083 0.020312 0.031944
2 0.557813 0.290278 0.021875 0.025000
2 0.572266 0.312500 0.032031 0.036111
2 0.546094 0.311111 0.025000 0.030556
2 0.513672 0.304861 0.028906 0.031944
2 0.564062 0.337500 0.039062 0.038889
2 0.525000 0.355555 0.031250 0.044444
2 0.500000 0.339583 0.034375 0.045833
2 0.474219 0.382639 0.040625 0.031944
2 0.446093 0.350695 0.034375 0.029167
2 0.436328 0.338889 0.036719 0.033333
2 0.451563 0.310417 0.032812 0.031944
2 0.377344 0.378472 0.043750 0.037500
2 0.365234 0.361111 0.035156 0.038889
2 0.373829 0.336112 0.030469 0.041667
2 0.314453 0.401389 0.041406 0.044444
2 0.251172 0.461806 0.053906 0.037500
2 0.248829 0.438194 0.058594 0.045833
2 0.263672 0.403473 0.046094 0.051389
2 0.177734 0.428472 0.049219 0.045833
2 0.094922 0.464583 0.061719 0.068056
2 0.180469 0.188194 0.032812 0.029167
2 0.154687 0.189583 0.031250 0.026389
2 0.018750 0.227083 0.037500 0.037500
5 0.369922 0.677778 0.169531 0.211111
2 0.032812 0.916667 0.064062 0.147222
