2 0.957421 0.147917 0.025781 0.018056
2 0.894531 0.147917 0.021875 0.020833
2 0.844140 0.152778 0.030469 0.019444
2 0.782422 0.161111 0.032031 0.022222
2 0.917578 0.256250 0.016406 0.018056
2 0.908594 0.267361 0.018750 0.026389
2 0.888281 0.280556 0.018750 0.030556
2 0.885547 0.255556 0.024219 0.025000
2 0.873828 0.264583 0.022656 0.023611
2 0.874609 0.288889 0.027344 0.027778
2 0.853906 0.308333 0.028125 0.036111
2 0.854297 0.256944 0.016406 0.027778
2 0.848047 0.282639 0.025781 0.023611
2 0.826563 0.325000 0.026563 0.027778
2 0.824609 0.302083 0.024219 0.034722
2 0.820312 0.275694 0.021875 0.029167
2 0.803516 0.290278 0.025781 0.030556
2 0.802344 0.340972 0.031250 0.031944
2 0.782422 0.356250 0.030469 0.040278
2 0.796094 0.312500 0.026563 0.033333
2 0.774609 0.302083 0.021094 0.034722
2 0.766406 0.332639 0.026563 0.034722
2 0.749219 0.318750 0.023438 0.026389
2 0.728906 0.329167 0.029687 0.030556
2 0.807031 0.250694 0.017188 0.026389
2 0.785547 0.264583 0.019531 0.020833
2 0.776172 0.254167 0.017969 0.019444
2 0.765234 0.270139 0.017969 0.020833
2 0.753516 0.275694 0.016406 0.023611
2 0.762500 0.254861 0.015625 0.023611
2 0.749219 0.261806 0.017188 0.023611
2 0.735547 0.270139 0.014844 0.023611
2 0.717969 0.291667 0.026563 0.022222
2 0.723828 0.272917 0.016406 0.023611
2 0.707422 0.281250 0.024219 0.029167
2 0.720703 0.250694 0.022656 0.026389
2 0.703516 0.256944 0.017969 0.025000
2 0.696484 0.247917 0.021094 0.026389
2 0.692187 0.299306 0.029687 0.023611
2 0.680078 0.273611 0.024219 0.027778
2 0.662891 0.279861 0.022656 0.020833
2 0.664062 0.303472 0.025000 0.026389
2 0.651172 0.270139 0.024219 0.034722
2 0.629297 0.330556 0.036719 0.033333
2 0.630078 0.299306 0.032031 0.029167
2 0.613672 0.281944 0.024219 0.027778
2 0.567188 0.211806 0.020312 0.026389
2 0.580859 0.258333 0.017969 0.025000
2 0.595312 0.343750 0.032812 0.034722
2 0.736719 0.381250 0.035937 0.040278
2 0.712891 0.359028 0.027344 0.037500
2 0.688281 0.349306 0.032812 0.031944
2 0.711328 0.415278 0.039844 0.047222
2 0.666016 0.395833 0.035156 0.038889
2 0.653125 0.364583 0.037500 0.034722
2 0.692188 0.472222 0.054688 0.061111
2 0.638672 0.457639 0.049219 0.051389
2 0.629297 0.422917 0.041406 0.043056
2 0.613281 0.390278 0.043750 0.038889
2 0.571094 0.415972 0.042188 0.048611
2 0.554297 0.475694 0.050781 0.045833
2 0.524219 0.452083 0.048437 0.045833
2 0.539453 0.543056 0.052344 0.058333
2 0.487500 0.523611 0.051562 0.055556
2 0.482812 0.609027 0.059375 0.059722
2 0.401172 0.540972 0.063281 0.054167
2 0.922656 0.392361 0.039062 0.054167
2 0.869922 0.388889 0.038281 0.047222
2 0.790625 0.452778 0.051562 0.083333
2 0.765234 0.606250 0.066406 0.076389
2 0.613672 0.672222 0.071094 0.094444
2 0.292969 0.616667 0.076563 0.063889
2 0.246094 0.725000 0.096875 0.088889
2 0.233984 0.831944 0.108594 0.097222
2 0.117188 0.930556 0.137500 0.122222
2 0.091016 0.846528 0.133594 0.129167
2 0.587109 0.331250 0.033594 0.029167
2 0.590625 0.306250 0.039062 0.031944
2 0.577734 0.290972 0.030469 0.031944
2 0.556250 0.288194 0.021875 0.026389
2 0.560547 0.272917 0.014844 0.020833
2 0.562109 0.369444 0.032031 0.030556
2 0.530469 0.388889 0.031250 0.027778
2 0.544921 0.347222 0.035156 0.036111
2 0.549610 0.325694 0.028906 0.034722
2 0.518359 0.322917 0.028906 0.026389
2 0.522657 0.302778 0.021875 0.030556
2 0.499610 0.290278 0.027344 0.027778
2 0.485547 0.313195 0.030469 0.040278
2 0.507812 0.362500 0.032812 0.052778
2 0.480469 0.356250 0.032812 0.043056
2 0.468359 0.422222 0.041406 0.033333
2 0.423829 0.447917 0.047656 0.040278
2 0.362109 0.479861 0.052344 0.051389
2 0.299219 0.523611 0.064062 0.055556
2 0.194531 0.595139 0.078125 0.059722
2 0.068750 0.675694 0.087500 0.051389
2 0.462890 0.389584 0.041406 0.037500
2 0.373047 0.439583 0.052344 0.040278
2 0.307422 0.481250 0.057031 0.040278
2 0.240625 0.515972 0.060938 0.073611
2 0.104688 0.597917 0.085938 0.062500
2 0.014844 0.597222 0.028125 0.072222
2 0.089062 0.555556 0.071875 0.052778
2 0.031641 0.497917 0.063281 0.068056
2 0.416406 0.317361 0.037500 0.040278
2 0.422656 0.364584 0.037500 0.040278
2 0.400000 0.346528 0.037500 0.040278
2 0.350000 0.390278 0.045313 0.041667
2 0.329297 0.374305 0.038281 0.040278
2 0.338672 0.347223 0.041406 0.041667
2 0.152734 0.190972 0.028906 0.037500
2 0.186328 0.195833 0.028906 0.041667
2 0.017188 0.226389 0.032812 0.044444
2 0.275781 0.425000 0.046875 0.044444
2 0.237500 0.470139 0.059375 0.045833
2 0.181250 0.509028 0.057813 0.054167
2 0.169141 0.475694 0.066406 0.048611
2 0.214843 0.417361 0.051562 0.056944
2 0.125782 0.453472 0.059375 0.054167
5 0.382031 0.656250 0.153125 0.193056
