2 0.854688 0.152084 0.028125 0.023611
2 0.889062 0.149306 0.025000 0.020833
2 0.911328 0.261111 0.017969 0.033333
2 0.888281 0.254861 0.018750 0.026389
2 0.892187 0.275694 0.017188 0.020833
2 0.872656 0.287500 0.025000 0.030556
2 0.857031 0.273611 0.017188 0.027778
2 0.852734 0.299306 0.024219 0.034722
2 0.830859 0.318056 0.032031 0.033333
2 0.826563 0.288889 0.025000 0.033333
2 0.803125 0.287500 0.025000 0.025000
2 0.795313 0.311806 0.023438 0.023611
2 0.808984 0.334722 0.027344 0.033333
2 0.781641 0.298611 0.024219 0.030556
2 0.777344 0.352778 0.034375 0.033333
2 0.759766 0.369444 0.033594 0.036111
2 0.767187 0.327083 0.029687 0.020833
2 0.749219 0.311111 0.026563 0.030556
2 0.744141 0.351389 0.032031 0.033333
2 0.724999 0.325694 0.029687 0.026389
2 0.706641 0.341667 0.032031 0.036111
2 0.710156 0.400695 0.040625 0.037500
2 0.687890 0.381250 0.041406 0.026389
2 0.668360 0.362500 0.035156 0.030556
2 0.635157 0.376389 0.035937 0.041667
2 0.686329 0.436111 0.044531 0.050000
2 0.630859 0.415973 0.046094 0.045833
2 0.593359 0.396528 0.041406 0.040278
2 0.796093 0.444444 0.042188 0.047222
2 0.835938 0.471528 0.050000 0.065278
2 0.710547 0.542361 0.075781 0.087500
2 0.614453 0.484027 0.055469 0.056944
2 0.598437 0.513195 0.070312 0.062500
2 0.591406 0.448611 0.043750 0.047222
2 0.542969 0.429167 0.045313 0.041667
2 0.516016 0.499306 0.057031 0.054167
2 0.502344 0.579167 0.062500 0.055556
2 0.457421 0.634028 0.041406 0.059722
2 0.443360 0.561111 0.064844 0.055556
2 0.324219 0.600694 0.070312 0.068056
2 0.192578 0.688889 0.099219 0.066667
2 0.198438 0.864583 0.123438 0.093056
2 0.161328 0.784028 0.117969 0.093056
2 0.788281 0.158333 0.028125 0.016667
2 0.831641 0.209722 0.013281 0.019444
2 0.153516 0.193056 0.028906 0.036111
2 0.183594 0.185417 0.034375 0.037500
2 0.017969 0.221528 0.032812 0.040278
2 0.793359 0.260417 0.016406 0.012500
2 0.776563 0.262500 0.014062 0.022222
2 0.763281 0.271528 0.015625 0.018056
2 0.766016 0.253472 0.016406 0.018056
2 0.730078 0.285417 0.021094 0.018056
2 0.703125 0.292361 0.023438 0.020833
2 0.684766 0.305556 0.025781 0.022222
2 0.644922 0.320833 0.033594 0.030556
2 0.609766 0.337500 0.035156 0.027778
2 0.580859 0.359028 0.035156 0.026389
2 0.547656 0.379861 0.029687 0.031944
2 0.486328 0.407639 0.041406 0.031944
2 0.444531 0.437500 0.046875 0.044444
2 0.375782 0.476389 0.053125 0.052778
2 0.321875 0.502778 0.057813 0.047222
2 0.242188 0.563889 0.070312 0.055556
2 0.132031 0.638889 0.073437 0.058333
2 0.025391 0.665972 0.064844 0.068056
2 0.048047 0.575000 0.075781 0.083333
2 0.746875 0.265278 0.018750 0.025000
2 0.730859 0.267361 0.013281 0.020833
2 0.713281 0.275694 0.018750 0.026389
2 0.678516 0.291667 0.022656 0.025000
2 0.714063 0.253472 0.018750 0.023611
2 0.691406 0.267361 0.020312 0.020833
2 0.675000 0.273611 0.020312 0.022222
2 0.650391 0.300694 0.024219 0.031944
2 0.638672 0.290278 0.024219 0.022222
2 0.634375 0.270139 0.025000 0.023611
2 0.691406 0.259028 0.018750 0.023611
2 0.604297 0.313194 0.028906 0.031944
2 0.572266 0.335417 0.028906 0.029167
2 0.535938 0.349306 0.032812 0.043056
2 0.479688 0.380555 0.043750 0.036111
2 0.391406 0.425695 0.046875 0.045833
2 0.327735 0.465973 0.047656 0.043056
2 0.262891 0.498611 0.053906 0.055556
2 0.270703 0.452778 0.052344 0.044444
2 0.216797 0.486111 0.050781 0.055556
2 0.157422 0.565278 0.069531 0.061111
2 0.137891 0.531250 0.072656 0.045833
2 0.159375 0.436111 0.051562 0.055556
2 0.221485 0.408334 0.042969 0.041667
2 0.312110 0.418055 0.063281 0.044444
2 0.339843 0.393750 0.046875 0.034722
2 0.304297 0.379861 0.046094 0.048611
2 0.400000 0.368056 0.042188 0.038889
2 0.609375 0.292361 0.029687 0.029167
2 0.607031 0.273611 0.028125 0.025000
2 0.580078 0.311806 0.025781 0.031944
2 0.549218 0.309722 0.021875 0.027778
2 0.508203 0.340973 0.030469 0.037500
2 0.575391 0.285417 0.016406 0.023611
2 0.543750 0.277777 0.023438 0.030556
2 0.584375 0.261111 0.018750 0.019444
2 0.589063 0.246528 0.014062 0.023611
2 0.526953 0.295139 0.032031 0.037500
2 0.468359 0.297917 0.033594 0.029167
2 0.464062 0.335417 0.035937 0.037500
2 0.398437 0.332639 0.029687 0.034722
2 0.406250 0.312500 0.031250 0.027778
5 0.360938 0.684722 0.160938 0.216667
2 0.490234 0.481250 0.057031 0.054167
2 0.075391 0.950694 0.142969 0.095833
2 0.615625 0.888194 0.100000 0.126389
2 0.436719 0.913194 0.118750 0.104167
