2 0.913281 0.263889 0.017188 0.025000
2 0.925000 0.356250 0.026563 0.040278
2 0.845312 0.398611 0.048437 0.055556
2 0.836719 0.488889 0.046875 0.055556
2 0.705859 0.547917 0.064844 0.081944
2 0.399609 0.933333 0.138281 0.116667
2 0.900391 0.268056 0.022656 0.027778
2 0.883203 0.283333 0.019531 0.027778
2 0.869531 0.297917 0.020312 0.037500
2 0.882812 0.257639 0.021875 0.023611
2 0.858594 0.271528 0.020312 0.034722
2 0.835547 0.265972 0.019531 0.018056
2 0.839063 0.289583 0.021875 0.026389
2 0.839453 0.310417 0.028906 0.029167
2 0.815625 0.300694 0.023438 0.023611
2 0.816797 0.282639 0.021094 0.026389
2 0.792188 0.293750 0.025000 0.029167
2 0.812891 0.330556 0.025781 0.030556
2 0.796875 0.338194 0.032812 0.037500
2 0.787500 0.317361 0.025000 0.031944
2 0.765625 0.308333 0.026563 0.030556
2 0.747656 0.320833 0.028125 0.033333
2 0.763672 0.366667 0.033594 0.041667
2 0.739453 0.345139 0.030469 0.031944
2 0.748828 0.431944 0.047656 0.058333
2 0.736328 0.386111 0.036719 0.038889
2 0.708203 0.336806 0.032031 0.040278
2 0.692578 0.374306 0.036719 0.048611
2 0.672266 0.356250 0.033594 0.045833
2 0.664062 0.439583 0.046875 0.045833
2 0.657031 0.400694 0.040625 0.045833
2 0.626172 0.377083 0.036719 0.045833
2 0.594922 0.396528 0.041406 0.043056
2 0.594922 0.444444 0.044531 0.050000
2 0.578906 0.507639 0.046875 0.051389
2 0.553125 0.431944 0.045313 0.044444
2 0.532031 0.487500 0.050000 0.052778
2 0.512500 0.581944 0.059375 0.061111
2 0.446094 0.501389 0.057813 0.052778
2 0.367188 0.558333 0.064062 0.052778
2 0.310547 0.670139 0.071094 0.081944
2 0.264844 0.802083 0.098438 0.098611
2 0.180859 0.764583 0.110156 0.093056
2 0.151562 0.899306 0.118750 0.112500
2 0.051562 0.800000 0.092188 0.102778
2 0.869141 0.146528 0.030469 0.020833
2 0.815625 0.150000 0.031250 0.019444
2 0.752344 0.156250 0.028125 0.018056
2 0.577344 0.219444 0.020312 0.027778
2 0.560547 0.200694 0.017969 0.023611
2 0.150781 0.190972 0.023438 0.034722
2 0.178906 0.193750 0.032812 0.031944
2 0.017578 0.221528 0.035156 0.037500
2 0.805469 0.253472 0.021875 0.023611
2 0.782031 0.265278 0.023438 0.019444
2 0.760938 0.268750 0.018750 0.026389
2 0.749219 0.277083 0.018750 0.020833
2 0.785937 0.247917 0.014062 0.018056
2 0.745313 0.263889 0.017188 0.019444
2 0.731641 0.270139 0.013281 0.018056
2 0.709375 0.297222 0.023438 0.022222
2 0.716797 0.261111 0.017969 0.027778
2 0.714453 0.248611 0.024219 0.022222
2 0.698438 0.280556 0.025000 0.033333
2 0.694922 0.258333 0.017969 0.022222
2 0.683203 0.249306 0.017969 0.018056
2 0.682031 0.306944 0.028125 0.022222
2 0.675391 0.291667 0.021094 0.019444
2 0.671875 0.274306 0.018750 0.020833
2 0.670313 0.260417 0.021875 0.029167
2 0.647266 0.299306 0.021094 0.023611
2 0.654297 0.281250 0.021094 0.026389
2 0.632812 0.269444 0.028125 0.030556
2 0.621484 0.335417 0.035156 0.037500
2 0.619141 0.315972 0.036719 0.029167
2 0.584766 0.286806 0.030469 0.026389
2 0.565625 0.270139 0.017188 0.026389
2 0.585156 0.349306 0.032812 0.034722
2 0.567578 0.333333 0.030469 0.038889
2 0.573828 0.314583 0.033594 0.034722
2 0.555078 0.296528 0.030469 0.037500
2 0.533203 0.293056 0.030469 0.036111
2 0.553125 0.374306 0.034375 0.034722
2 0.514844 0.392361 0.031250 0.031944
2 0.525000 0.353472 0.037500 0.037500
2 0.533984 0.333333 0.032031 0.033333
2 0.496094 0.371528 0.037500 0.045833
2 0.459766 0.360417 0.038281 0.051389
2 0.489844 0.337500 0.037500 0.033333
2 0.491016 0.313889 0.021094 0.036111
2 0.462891 0.299306 0.035156 0.031944
2 0.448828 0.328472 0.033594 0.031944
2 0.444141 0.395833 0.038281 0.036111
2 0.455078 0.431250 0.042969 0.034722
2 0.414844 0.457639 0.045313 0.054167
2 0.385938 0.376389 0.035937 0.044444
2 0.369141 0.336806 0.038281 0.040278
2 0.346094 0.367361 0.042188 0.048611
2 0.354688 0.449306 0.059375 0.043056
2 0.344922 0.490972 0.058594 0.062500
2 0.280469 0.540972 0.067188 0.062500
2 0.282813 0.493056 0.048437 0.052778
2 0.299609 0.413194 0.046094 0.043056
2 0.253516 0.400694 0.050781 0.051389
2 0.225000 0.443056 0.050000 0.050000
2 0.209375 0.532639 0.064062 0.068056
2 0.211328 0.487500 0.063281 0.041667
2 0.152734 0.521528 0.050781 0.065278
2 0.121484 0.457639 0.061719 0.056944
2 0.151953 0.624306 0.086719 0.065278
2 0.030078 0.702778 0.055469 0.063889
2 0.042969 0.628472 0.087500 0.073611
2 0.035156 0.592361 0.070312 0.068056
2 0.041797 0.532639 0.080469 0.065278
2 0.025000 0.502778 0.053125 0.063889
5 0.416406 0.623611 0.146875 0.188889
2 0.557422 0.936111 0.113281 0.127778
