2 0.924610 0.147916 0.028906 0.023611
2 0.877734 0.150695 0.035156 0.020833
2 0.822266 0.156250 0.032031 0.020833
2 0.757812 0.159722 0.029687 0.013889
2 0.911719 0.261111 0.015625 0.022222
2 0.898438 0.274306 0.018750 0.026389
2 0.881250 0.263194 0.018750 0.023611
2 0.878125 0.287500 0.021875 0.025000
2 0.860937 0.295833 0.028125 0.033333
2 0.839844 0.312500 0.028125 0.038889
2 0.815234 0.330556 0.027344 0.033333
2 0.801171 0.341666 0.027344 0.033333
2 0.776953 0.358333 0.033594 0.038889
2 0.729687 0.392361 0.039062 0.045833
2 0.707812 0.422222 0.040625 0.044444
2 0.890625 0.414584 0.042188 0.062500
2 0.850781 0.406250 0.039062 0.048611
2 0.763281 0.486805 0.059375 0.084722
2 0.864062 0.270139 0.023438 0.029167
2 0.832031 0.286111 0.026563 0.033333
2 0.808984 0.279167 0.022656 0.025000
2 0.806250 0.304167 0.023438 0.027778
2 0.787109 0.294444 0.022656 0.030556
2 0.779688 0.324306 0.029687 0.029167
2 0.764454 0.304166 0.027344 0.025000
2 0.758203 0.342361 0.030469 0.029167
2 0.741015 0.316667 0.027344 0.036111
2 0.724219 0.325000 0.035937 0.033333
2 0.705469 0.368056 0.037500 0.041667
2 0.680078 0.350695 0.030469 0.031944
2 0.659765 0.396528 0.041406 0.037500
2 0.664064 0.481944 0.064062 0.058333
2 0.630078 0.461111 0.052344 0.044444
2 0.617578 0.427778 0.041406 0.041667
2 0.650390 0.366667 0.042969 0.041667
2 0.610547 0.388195 0.036719 0.043056
2 0.562109 0.425000 0.044531 0.055556
2 0.519922 0.559722 0.057031 0.058333
2 0.721485 0.684028 0.080469 0.112500
2 0.565624 0.744445 0.098438 0.111111
2 0.478125 0.538889 0.057813 0.066667
2 0.546093 0.480556 0.056250 0.058333
2 0.511719 0.461111 0.050000 0.044444
2 0.472266 0.625695 0.052344 0.079167
2 0.378124 0.556945 0.067188 0.063889
2 0.267969 0.638888 0.090625 0.075000
2 0.221094 0.836111 0.110937 0.091667
2 0.220703 0.743751 0.108594 0.093056
2 0.109375 0.934722 0.135937 0.097222
2 0.802344 0.255556 0.015625 0.019444
2 0.787891 0.263889 0.011719 0.019444
2 0.773438 0.263194 0.015625 0.018056
2 0.762109 0.256944 0.014844 0.019444
2 0.759766 0.272222 0.021094 0.022222
2 0.751953 0.259028 0.016406 0.018056
2 0.739453 0.266667 0.017969 0.022222
2 0.727734 0.286806 0.027344 0.020833
2 0.699219 0.295139 0.025000 0.023611
2 0.678125 0.306944 0.028125 0.022222
2 0.710938 0.274306 0.018750 0.029167
2 0.709375 0.252083 0.020312 0.018056
2 0.685938 0.269444 0.021875 0.025000
2 0.672656 0.281250 0.023438 0.026389
2 0.659766 0.265972 0.025781 0.029167
2 0.637109 0.325000 0.032031 0.036111
2 0.644141 0.306250 0.033594 0.026389
2 0.636328 0.292361 0.025781 0.020833
2 0.628516 0.274306 0.027344 0.031944
2 0.599610 0.345834 0.038281 0.036111
2 0.599219 0.320139 0.032812 0.026389
2 0.598828 0.297917 0.030469 0.029167
2 0.597266 0.277778 0.032031 0.030556
2 0.569530 0.272223 0.021875 0.022222
2 0.591016 0.252777 0.022656 0.022222
2 0.575781 0.368056 0.032812 0.027778
2 0.544532 0.388195 0.034375 0.037500
2 0.476953 0.420139 0.042969 0.034722
2 0.430860 0.445833 0.041406 0.038889
2 0.367188 0.480555 0.053125 0.055556
2 0.307813 0.521528 0.062500 0.051389
2 0.211718 0.584028 0.068750 0.054167
2 0.096875 0.652778 0.073437 0.058333
2 0.032422 0.591667 0.083594 0.086111
2 0.121874 0.577777 0.071875 0.075000
2 0.102734 0.549305 0.072656 0.054167
2 0.250001 0.513195 0.062500 0.056944
2 0.190234 0.503472 0.053906 0.054167
2 0.311328 0.470833 0.044531 0.052778
2 0.382422 0.434723 0.050781 0.044444
2 0.520313 0.284028 0.020312 0.031944
2 0.563672 0.313889 0.032031 0.036111
2 0.529688 0.315278 0.025000 0.030556
2 0.498829 0.306250 0.028906 0.031944
2 0.557812 0.340278 0.039062 0.038889
2 0.521094 0.356944 0.031250 0.044444
2 0.474219 0.382639 0.040625 0.031944
2 0.442968 0.353472 0.034375 0.029167
2 0.424609 0.343055 0.036719 0.033333
2 0.432813 0.311805 0.032812 0.031944
2 0.360937 0.388194 0.043750 0.037500
2 0.352734 0.365278 0.035156 0.038889
2 0.362891 0.336112 0.030469 0.041667
2 0.294141 0.415277 0.041406 0.044444
2 0.251172 0.461806 0.053906 0.037500
2 0.226172 0.459028 0.058594 0.045833
2 0.247266 0.403473 0.046094 0.051389
2 0.162109 0.435416 0.049219 0.045833
2 0.066016 0.478472 0.061719 0.068056
2 0.180469 0.188194 0.032812 0.029167
2 0.154687 0.189583 0.031250 0.026389
2 0.018750 0.227083 0.037500 0.037500
5 0.369922 0.677778 0.169531 0.211111
2 0.053907 0.870834 0.089062 0.138889
2 0.493750 0.352778 0.029687 0.044444
