2 0.960156 0.145139 0.028125 0.020833
2 0.923437 0.147222 0.034375 0.025000
2 0.850781 0.152778 0.032812 0.019444
2 0.888281 0.174306 0.032812 0.015278
2 0.789844 0.158333 0.031250 0.019444
2 0.752344 0.158333 0.023438 0.019444
2 0.571875 0.209722 0.018750 0.025000
2 0.921094 0.253472 0.018750 0.026389
2 0.910547 0.264583 0.017969 0.020833
2 0.892969 0.275694 0.020312 0.029167
2 0.876562 0.286111 0.017188 0.027778
2 0.874219 0.263194 0.017188 0.023611
2 0.857422 0.252778 0.017969 0.019444
2 0.858594 0.300694 0.026563 0.031944
2 0.850781 0.278472 0.021875 0.034722
2 0.825391 0.275000 0.021094 0.025000
2 0.831250 0.320833 0.023438 0.030556
2 0.806250 0.336806 0.026563 0.031944
2 0.782812 0.347222 0.026563 0.036111
2 0.951172 0.366667 0.038281 0.050000
2 0.893359 0.372222 0.032031 0.050000
2 0.792188 0.556250 0.056250 0.068056
2 0.812500 0.434028 0.043750 0.065278
2 0.657031 0.616667 0.067188 0.083333
2 0.828906 0.288889 0.023438 0.030556
2 0.807422 0.286806 0.019531 0.029167
2 0.802734 0.309722 0.024219 0.027778
2 0.782812 0.297917 0.025000 0.029167
2 0.771875 0.322917 0.026563 0.026389
2 0.755078 0.313889 0.024219 0.030556
2 0.734375 0.321528 0.028125 0.031944
2 0.744141 0.370833 0.038281 0.038889
2 0.725000 0.356250 0.032812 0.040278
2 0.720703 0.401389 0.035156 0.041667
2 0.705078 0.454167 0.049219 0.055556
2 0.650781 0.448611 0.051562 0.055556
2 0.676953 0.393056 0.038281 0.038889
2 0.693359 0.347222 0.025781 0.038889
2 0.657031 0.365278 0.035937 0.041667
2 0.635938 0.413194 0.040625 0.043056
2 0.618359 0.386806 0.033594 0.037500
2 0.579687 0.407639 0.042188 0.048611
2 0.572656 0.460417 0.051562 0.048611
2 0.559375 0.522917 0.048437 0.059722
2 0.512109 0.513889 0.055469 0.066667
2 0.534766 0.448611 0.042969 0.050000
2 0.494531 0.598611 0.060938 0.069444
2 0.417969 0.524306 0.059375 0.059722
2 0.326953 0.586111 0.067969 0.061111
2 0.272266 0.700694 0.083594 0.095833
2 0.241797 0.823611 0.100781 0.102778
2 0.128125 0.925694 0.128125 0.115278
2 0.127344 0.804167 0.121875 0.097222
2 0.804297 0.259028 0.016406 0.018056
2 0.782031 0.265278 0.021875 0.025000
2 0.773047 0.256944 0.017969 0.025000
2 0.762109 0.269444 0.016406 0.025000
2 0.747266 0.278472 0.016406 0.020833
2 0.746094 0.259722 0.018750 0.022222
2 0.734766 0.267361 0.016406 0.023611
2 0.712891 0.295833 0.028906 0.022222
2 0.707422 0.275694 0.027344 0.031944
2 0.717969 0.249306 0.021875 0.026389
2 0.697656 0.257639 0.015625 0.023611
2 0.689844 0.247917 0.014062 0.029167
2 0.684375 0.306250 0.021875 0.020833
2 0.681641 0.291667 0.021094 0.025000
2 0.675000 0.274306 0.021875 0.029167
2 0.657031 0.299306 0.023438 0.026389
2 0.658594 0.279167 0.025000 0.036111
2 0.644922 0.273611 0.021094 0.030556
2 0.622656 0.330556 0.039062 0.030556
2 0.591797 0.352778 0.039844 0.050000
2 0.623047 0.310417 0.030469 0.029167
2 0.606641 0.283333 0.032031 0.033333
2 0.577344 0.263889 0.026563 0.025000
2 0.583203 0.326389 0.032031 0.030556
2 0.585938 0.305556 0.035937 0.033333
2 0.570312 0.295139 0.034375 0.043056
2 0.548437 0.291667 0.026563 0.036111
2 0.560938 0.371528 0.034375 0.031944
2 0.529688 0.390972 0.037500 0.040278
2 0.540234 0.347917 0.035156 0.031944
2 0.546094 0.329167 0.035937 0.041667
2 0.508203 0.365972 0.039844 0.043056
2 0.510938 0.321528 0.031250 0.031944
2 0.512500 0.305556 0.025000 0.033333
2 0.483203 0.290278 0.030469 0.030556
2 0.476953 0.320139 0.041406 0.040278
2 0.477734 0.352083 0.039844 0.051389
2 0.463672 0.428472 0.044531 0.043056
2 0.458594 0.393056 0.043750 0.041667
2 0.421094 0.452778 0.042188 0.047222
2 0.407422 0.365972 0.036719 0.037500
2 0.396875 0.324306 0.035937 0.040278
2 0.378516 0.359028 0.033594 0.037500
2 0.366016 0.443056 0.047656 0.047222
2 0.351562 0.486111 0.054688 0.052778
2 0.291406 0.531250 0.064062 0.051389
2 0.296484 0.486806 0.047656 0.043056
2 0.331641 0.406250 0.042969 0.045833
2 0.294141 0.387500 0.049219 0.044444
2 0.314453 0.353472 0.039844 0.034722
2 0.251563 0.428472 0.054688 0.048611
2 0.228516 0.522917 0.061719 0.062500
2 0.227344 0.475000 0.060938 0.044444
2 0.169531 0.514583 0.056250 0.051389
2 0.175000 0.434722 0.057813 0.052778
2 0.125781 0.495139 0.067188 0.056944
2 0.087109 0.469444 0.058594 0.055556
2 0.178906 0.600000 0.079687 0.063889
2 0.080469 0.615278 0.082813 0.066667
2 0.063281 0.571528 0.079687 0.056944
2 0.044922 0.686806 0.083594 0.059722
5 0.395703 0.649306 0.144531 0.209722
