2 0.935156 0.145833 0.034375 0.025000
2 0.860937 0.156944 0.032812 0.019444
2 0.918750 0.171528 0.032812 0.015278
2 0.817187 0.151389 0.031250 0.019444
2 0.753906 0.158333 0.023438 0.019444
2 0.576563 0.215278 0.018750 0.025000
2 0.925000 0.253472 0.018750 0.026389
2 0.914453 0.263194 0.017969 0.020833
2 0.896094 0.275694 0.020312 0.029167
2 0.876562 0.286111 0.017188 0.027778
2 0.876562 0.264583 0.017188 0.023611
2 0.863672 0.256944 0.017969 0.019444
2 0.863281 0.300694 0.026563 0.031944
2 0.852344 0.278472 0.021875 0.034722
2 0.828516 0.275000 0.021094 0.025000
2 0.833594 0.319444 0.023438 0.030556
2 0.806250 0.336806 0.026563 0.031944
2 0.782812 0.347222 0.026563 0.036111
2 0.918359 0.363889 0.032031 0.050000
2 0.825781 0.510417 0.056250 0.068056
2 0.836719 0.411806 0.043750 0.065278
2 0.690625 0.566667 0.067188 0.083333
2 0.831250 0.288889 0.023438 0.030556
2 0.807422 0.286806 0.019531 0.029167
2 0.802734 0.309722 0.024219 0.027778
2 0.782812 0.297917 0.025000 0.029167
2 0.771875 0.322917 0.026563 0.026389
2 0.755078 0.313889 0.024219 0.030556
2 0.734375 0.321528 0.028125 0.031944
2 0.758984 0.366667 0.038281 0.038889
2 0.735937 0.345139 0.032812 0.040278
2 0.736328 0.387500 0.035156 0.041667
2 0.733984 0.433333 0.049219 0.055556
2 0.659375 0.448611 0.051562 0.055556
2 0.696484 0.379167 0.038281 0.038889
2 0.701953 0.341667 0.025781 0.038889
2 0.667188 0.365278 0.035937 0.041667
2 0.654688 0.404861 0.040625 0.043056
2 0.626172 0.379861 0.033594 0.037500
2 0.592188 0.397917 0.042188 0.048611
2 0.592188 0.450694 0.051562 0.048611
2 0.573438 0.520139 0.048437 0.059722
2 0.526953 0.495833 0.055469 0.066667
2 0.547266 0.434722 0.042969 0.050000
2 0.508594 0.591667 0.060938 0.069444
2 0.433594 0.514583 0.059375 0.059722
2 0.358203 0.559722 0.067969 0.061111
2 0.304297 0.670139 0.083594 0.095833
2 0.261328 0.805556 0.100781 0.102778
2 0.145313 0.903472 0.128125 0.115278
2 0.161719 0.769444 0.121875 0.097222
2 0.800391 0.260417 0.016406 0.018056
2 0.782031 0.265278 0.021875 0.025000
2 0.773047 0.256944 0.017969 0.025000
2 0.762109 0.269444 0.016406 0.025000
2 0.747266 0.278472 0.016406 0.020833
2 0.746094 0.259722 0.018750 0.022222
2 0.734766 0.267361 0.016406 0.023611
2 0.712891 0.295833 0.028906 0.022222
2 0.707422 0.275694 0.027344 0.031944
2 0.717969 0.249306 0.021875 0.026389
2 0.697656 0.257639 0.015625 0.023611
2 0.689844 0.247917 0.014062 0.029167
2 0.684375 0.306250 0.021875 0.020833
2 0.681641 0.291667 0.021094 0.025000
2 0.675000 0.274306 0.021875 0.029167
2 0.657031 0.299306 0.023438 0.026389
2 0.658594 0.279167 0.025000 0.036111
2 0.644922 0.273611 0.021094 0.030556
2 0.622656 0.330556 0.039062 0.030556
2 0.591797 0.352778 0.039844 0.050000
2 0.623047 0.310417 0.030469 0.029167
2 0.606641 0.283333 0.032031 0.033333
2 0.572656 0.266667 0.026563 0.025000
2 0.583203 0.326389 0.032031 0.030556
2 0.585938 0.305556 0.035937 0.033333
2 0.569531 0.296528 0.034375 0.043056
2 0.541406 0.291667 0.026563 0.036111
2 0.560938 0.371528 0.034375 0.031944
2 0.525000 0.390972 0.037500 0.040278
2 0.538672 0.352083 0.035156 0.031944
2 0.540625 0.330556 0.035937 0.041667
2 0.502734 0.368750 0.039844 0.043056
2 0.502344 0.332639 0.031250 0.031944
2 0.500000 0.312500 0.025000 0.033333
2 0.472266 0.295833 0.030469 0.030556
2 0.463672 0.318750 0.041406 0.040278
2 0.469141 0.357639 0.039844 0.051389
2 0.463672 0.428472 0.044531 0.043056
2 0.455469 0.393056 0.043750 0.041667
2 0.414844 0.454167 0.042188 0.047222
2 0.392578 0.371528 0.036719 0.037500
2 0.372656 0.329861 0.035937 0.040278
2 0.353516 0.361806 0.033594 0.037500
2 0.357422 0.445833 0.047656 0.047222
2 0.347656 0.487500 0.054688 0.052778
2 0.280469 0.545139 0.064062 0.051389
2 0.291016 0.489583 0.047656 0.043056
2 0.319141 0.407639 0.042969 0.045833
2 0.267578 0.395833 0.049219 0.044444
2 0.292578 0.364583 0.039844 0.034722
2 0.236719 0.434028 0.054688 0.048611
2 0.207422 0.532639 0.061719 0.062500
2 0.224219 0.479167 0.060938 0.044444
2 0.162500 0.524306 0.056250 0.051389
2 0.141406 0.450000 0.057813 0.052778
2 0.080469 0.520139 0.067188 0.056944
2 0.041797 0.490278 0.058594 0.055556
2 0.162500 0.606944 0.079687 0.063889
2 0.058594 0.622222 0.082813 0.066667
2 0.046875 0.588194 0.079687 0.056944
2 0.044922 0.686806 0.083594 0.059722
5 0.404297 0.643750 0.144531 0.209722
2 0.556641 0.201389 0.014844 0.025000
2 0.176563 0.193056 0.034375 0.033333
2 0.152344 0.188889 0.023438 0.036111
2 0.020312 0.225694 0.035937 0.043056
2 0.369141 0.954167 0.135156 0.091667
2 0.040234 0.818056 0.080469 0.113889
2 0.517578 0.967361 0.113281 0.065278
