2 0.508900 0.451800 0.039500 0.056300
2 0.745468 0.602845 0.062800 0.077600
2 0.735281 0.508856 0.044200 0.053300
2 0.370925 0.358078 0.038300 0.043400
2 0.503800 0.373100 0.039500 0.037900
2 0.439119 0.515144 0.047300 0.056000
2 0.056500 0.955800 0.110400 0.095400
5 0.331300 0.705300 0.156500 0.225200
5 0.039919 0.431311 0.093500 0.120400
2 0.170600 0.891200 0.116800 0.101300
2 0.059750 0.877667 0.115900 0.103400
2 0.207100 0.541700 0.064300 0.064500
2 0.232450 0.666844 0.089100 0.079200
2 0.184400 0.605700 0.069300 0.064400
2 0.436169 0.651467 0.055200 0.061500
2 0.586800 0.504800 0.049800 0.052800
2 0.103600 0.545000 0.065900 0.075200
2 0.039425 0.694989 0.084400 0.070500
2 0.400900 0.590900 0.065800 0.054400
2 0.181700 0.511900 0.060900 0.061600
2 0.664369 0.455044 0.041800 0.050000
2 0.056506 0.622800 0.072900 0.066700
2 0.477156 0.607689 0.051700 0.066700
2 0.539244 0.551500 0.054300 0.068200
2 0.337700 0.496600 0.055600 0.055400
2 0.420500 0.418800 0.042100 0.046800
2 0.285600 0.491100 0.062600 0.058300
2 0.056931 0.511900 0.064200 0.069100
2 0.264100 0.553000 0.061300 0.067600
2 0.477656 0.537600 0.053300 0.062500
2 0.596213 0.447489 0.041900 0.049300
2 0.580100 0.409400 0.039900 0.035200
2 0.442400 0.352200 0.034700 0.035600
2 0.553600 0.476700 0.047900 0.051400
2 0.309444 0.431833 0.038700 0.043700
2 0.680425 0.421044 0.038300 0.039200
2 0.243912 0.475900 0.043700 0.042200
2 0.395600 0.461000 0.050100 0.058800
2 0.014200 0.601200 0.033000 0.073600
2 0.620000 0.386500 0.033100 0.041800
2 0.683200 0.351800 0.028300 0.034200
2 0.760200 0.366500 0.032700 0.040000
2 0.388362 0.398467 0.037100 0.042300
2 0.653200 0.401400 0.035600 0.037200
2 0.262638 0.399067 0.051200 0.044900
2 0.710400 0.335700 0.026100 0.023800
2 0.513500 0.289800 0.026000 0.026600
2 0.559800 0.291300 0.026300 0.025800
2 0.347575 0.449078 0.038800 0.039700
2 0.841500 0.309400 0.029900 0.033200
2 0.504800 0.400600 0.035800 0.038300
2 0.739100 0.320900 0.025000 0.027500
2 0.496800 0.331500 0.030300 0.028800
2 0.560000 0.371500 0.028800 0.029000
2 0.757500 0.334800 0.028600 0.027800
2 0.010938 0.224522 0.023700 0.026700
2 0.651500 0.370900 0.030300 0.029500
2 0.732300 0.385600 0.031900 0.036000
2 0.615200 0.333900 0.032400 0.029000
2 0.630860 0.660417 0.082031 0.115278
2 0.799609 0.334722 0.027344 0.041667
2 0.824609 0.322917 0.025781 0.037500
2 0.867969 0.287500 0.023438 0.025000
2 0.888281 0.282639 0.015625 0.020833
2 0.904688 0.267361 0.018750 0.026389
2 0.882031 0.254861 0.015625 0.023611
2 0.769141 0.302083 0.024219 0.031944
2 0.789453 0.294444 0.019531 0.027778
2 0.813672 0.292361 0.025781 0.031944
2 0.449219 0.321528 0.028125 0.031944
2 0.458594 0.296528 0.026563 0.031944
2 0.555859 0.342361 0.032031 0.037500
2 0.586719 0.352778 0.018750 0.033333
2 0.582422 0.330556 0.032031 0.025000
2 0.531641 0.328472 0.022656 0.037500
2 0.576172 0.261806 0.021094 0.026389
2 0.589844 0.302083 0.023438 0.026389
2 0.856250 0.150694 0.034375 0.018056
2 0.908594 0.147917 0.026563 0.018056
2 0.590234 0.247222 0.011719 0.019444
2 0.615625 0.311111 0.026563 0.036111
2 0.618750 0.275000 0.026563 0.027778
2 0.641016 0.286806 0.017969 0.023611
2 0.647656 0.317361 0.025000 0.029167
2 0.684375 0.291667 0.018750 0.022222
2 0.661328 0.299306 0.019531 0.026389
2 0.829297 0.273611 0.017969 0.027778
2 0.717188 0.272917 0.017188 0.026389
2 0.733594 0.271528 0.015625 0.023611
2 0.767578 0.269444 0.017969 0.016667
2 0.673828 0.259028 0.017969 0.020833
2 0.693750 0.263889 0.015625 0.025000
2 0.582422 0.230556 0.014844 0.019444
2 0.717578 0.249306 0.013281 0.020833
2 0.739453 0.247222 0.014844 0.019444
2 0.463281 0.416667 0.035937 0.044444
2 0.053906 0.781250 0.101562 0.073611
2 0.008594 0.522222 0.017188 0.063889
