2 0.854688 0.152084 0.028125 0.023611
2 0.879687 0.149306 0.025000 0.020833
2 0.908984 0.259722 0.017969 0.033333
2 0.888281 0.254861 0.018750 0.026389
2 0.892187 0.275694 0.017188 0.020833
2 0.872656 0.287500 0.025000 0.030556
2 0.857031 0.273611 0.017188 0.027778
2 0.852734 0.299306 0.024219 0.034722
2 0.830859 0.318056 0.032031 0.033333
2 0.826563 0.288889 0.025000 0.033333
2 0.803125 0.287500 0.025000 0.025000
2 0.795313 0.311806 0.023438 0.023611
2 0.808984 0.334722 0.027344 0.033333
2 0.781641 0.298611 0.024219 0.030556
2 0.777344 0.352778 0.034375 0.033333
2 0.759766 0.369444 0.033594 0.036111
2 0.767187 0.327083 0.029687 0.020833
2 0.749219 0.311111 0.026563 0.030556
2 0.744141 0.351389 0.032031 0.033333
2 0.724999 0.325694 0.029687 0.026389
2 0.701953 0.344445 0.032031 0.036111
2 0.710156 0.406250 0.040625 0.037500
2 0.678515 0.385417 0.041406 0.026389
2 0.660547 0.362500 0.035156 0.030556
2 0.634375 0.377778 0.035937 0.041667
2 0.685547 0.441667 0.044531 0.050000
2 0.631640 0.420139 0.046094 0.045833
2 0.593359 0.396528 0.041406 0.040278
2 0.789843 0.445833 0.042188 0.047222
2 0.820312 0.495139 0.050000 0.065278
2 0.701953 0.559028 0.075781 0.087500
2 0.612109 0.489583 0.055469 0.056944
2 0.582031 0.521528 0.070312 0.062500
2 0.586718 0.451389 0.043750 0.047222
2 0.535937 0.431944 0.045313 0.041667
2 0.507422 0.513195 0.057031 0.054167
2 0.487500 0.583334 0.062500 0.055556
2 0.456640 0.642361 0.041406 0.059722
2 0.431641 0.561111 0.064844 0.055556
2 0.305469 0.609028 0.070312 0.068056
2 0.172265 0.702778 0.099219 0.066667
2 0.189063 0.868750 0.123438 0.093056
2 0.143359 0.803473 0.117969 0.093056
2 0.778125 0.159722 0.028125 0.016667
2 0.831641 0.209722 0.013281 0.019444
2 0.153516 0.193056 0.028906 0.036111
2 0.183594 0.185417 0.034375 0.037500
2 0.017969 0.221528 0.032812 0.040278
2 0.793359 0.260417 0.016406 0.012500
2 0.776563 0.262500 0.014062 0.022222
2 0.763281 0.271528 0.015625 0.018056
2 0.766016 0.253472 0.016406 0.018056
2 0.730078 0.285417 0.021094 0.018056
2 0.703125 0.292361 0.023438 0.020833
2 0.684766 0.305556 0.025781 0.022222
2 0.644922 0.320833 0.033594 0.030556
2 0.609766 0.337500 0.035156 0.027778
2 0.580859 0.359028 0.035156 0.026389
2 0.547656 0.379861 0.029687 0.031944
2 0.488672 0.407639 0.041406 0.031944
2 0.444531 0.437500 0.046875 0.044444
2 0.375782 0.476389 0.053125 0.052778
2 0.321875 0.502778 0.057813 0.047222
2 0.246875 0.562500 0.070312 0.055556
2 0.142969 0.626389 0.073437 0.058333
2 0.032422 0.646528 0.064844 0.068056
2 0.058985 0.562500 0.075781 0.083333
2 0.746875 0.265278 0.018750 0.025000
2 0.730859 0.267361 0.013281 0.020833
2 0.713281 0.275694 0.018750 0.026389
2 0.678516 0.291667 0.022656 0.025000
2 0.714063 0.253472 0.018750 0.023611
2 0.691406 0.267361 0.020312 0.020833
2 0.675000 0.273611 0.020312 0.022222
2 0.650391 0.300694 0.024219 0.031944
2 0.638672 0.290278 0.024219 0.022222
2 0.634375 0.270139 0.025000 0.023611
2 0.690625 0.256250 0.018750 0.023611
2 0.604297 0.313194 0.028906 0.031944
2 0.572266 0.335417 0.028906 0.029167
2 0.534376 0.347917 0.032812 0.043056
2 0.483594 0.376389 0.043750 0.036111
2 0.396094 0.425695 0.046875 0.045833
2 0.327735 0.465973 0.047656 0.043056
2 0.262891 0.498611 0.053906 0.055556
2 0.276953 0.450000 0.052344 0.044444
2 0.216797 0.486111 0.050781 0.055556
2 0.162109 0.561111 0.069531 0.061111
2 0.148047 0.524306 0.072656 0.045833
2 0.175000 0.431944 0.051562 0.055556
2 0.231641 0.401389 0.042969 0.041667
2 0.323047 0.419444 0.063281 0.044444
2 0.351562 0.385417 0.046875 0.034722
2 0.314453 0.371528 0.046094 0.048611
2 0.405469 0.363889 0.042188 0.038889
2 0.609375 0.292361 0.029687 0.029167
2 0.607031 0.273611 0.028125 0.025000
2 0.580078 0.311806 0.025781 0.031944
2 0.563281 0.302778 0.021875 0.027778
2 0.512109 0.334028 0.030469 0.037500
2 0.575391 0.285417 0.016406 0.023611
2 0.551563 0.272222 0.023438 0.030556
2 0.583594 0.259723 0.018750 0.019444
2 0.586719 0.236806 0.014062 0.023611
2 0.534766 0.295139 0.032031 0.037500
2 0.476171 0.297917 0.033594 0.029167
2 0.464843 0.334028 0.035937 0.037500
2 0.408593 0.336806 0.029687 0.034722
2 0.410156 0.313889 0.031250 0.027778
5 0.352344 0.687500 0.160938 0.216667
2 0.480078 0.486806 0.057031 0.054167
2 0.075391 0.950694 0.142969 0.095833
2 0.593750 0.936806 0.100000 0.126389
2 0.412500 0.947917 0.118750 0.104167
