26 0.431500 0.800900 0.097200 0.187000
26 0.299800 0.605100 0.074800 0.243800
0 0.345300 0.672900 0.144400 0.638800
0 0.074000 0.701900 0.119200 0.671900
0 0.595700 0.695300 0.145000 0.581800
0 0.455500 0.696100 0.113300 0.608300
0 0.887900 0.516800 0.225900 0.998000
0 0.714700 0.693300 0.144600 0.628600
0 0.168200 0.675900 0.154200 0.623200
0 0.261600 0.667600 0.059900 0.390900
0 0.585547 0.445833 0.117969 0.188889
0 0.493359 0.518750 0.033594 0.123611
26 0.564453 0.629167 0.075781 0.255556
26 0.282031 0.854167 0.062500 0.258333
26 0.178906 0.584722 0.103125 0.222222
26 0.090625 0.597222 0.098438 0.202778
26 0.769531 0.593056 0.042188 0.188889
26 0.912109 0.861806 0.163281 0.273611
