26 0.392900 0.670600 0.089200 0.231000
26 0.753700 0.806200 0.062600 0.105300
26 0.116900 0.925400 0.106300 0.147900
0 0.209700 0.635800 0.199900 0.745000
0 0.665400 0.771700 0.092100 0.388500
0 0.767400 0.735500 0.105400 0.402100
0 0.448500 0.699600 0.175900 0.603300
0 0.367900 0.520300 0.039500 0.152800
0 0.977500 0.863100 0.041800 0.241900
26 0.790625 0.890278 0.100000 0.138889
0 0.885547 0.504861 0.025781 0.176389
0 0.275781 0.806250 0.040625 0.384722
0 0.027344 0.763194 0.054688 0.473611
0 0.112109 0.814583 0.061719 0.368056
26 0.026563 0.847917 0.053125 0.156944
0 0.654297 0.234722 0.025781 0.094444
0 0.620313 0.202083 0.035937 0.095833
