26 0.753700 0.805700 0.062200 0.106700
26 0.462700 0.643800 0.099700 0.295100
0 0.240300 0.638000 0.211700 0.724800
0 0.664500 0.773600 0.101900 0.401000
0 0.509900 0.705000 0.174700 0.657300
0 0.767300 0.738700 0.107300 0.419900
0 0.135300 0.677900 0.093000 0.523000
0 0.932800 0.714000 0.144600 0.580500
0 0.034400 0.762000 0.068000 0.440900
0 0.364900 0.520200 0.052200 0.150700
26 0.029687 0.850000 0.059375 0.152778
26 0.793359 0.896528 0.088281 0.137500
0 0.883203 0.485417 0.027344 0.181944
0 0.946094 0.483333 0.029687 0.183333
26 0.171484 0.921528 0.085156 0.151389
0 0.658594 0.249306 0.032812 0.104167
0 0.625391 0.213194 0.046094 0.109722
0 0.157031 0.840972 0.064062 0.231944
