26 0.266800 0.832900 0.109700 0.162100
26 0.369800 0.925000 0.078600 0.154500
0 0.053800 0.703400 0.098100 0.559400
0 0.163000 0.771800 0.097900 0.468900
0 0.293100 0.700900 0.105700 0.633600
0 0.700200 0.508200 0.281200 0.977000
0 0.919300 0.535300 0.158200 0.978400
0 0.131700 0.579300 0.067200 0.295200
0 0.825500 0.482000 0.073400 0.275000
26 0.820312 0.801389 0.189063 0.386111
26 0.148828 0.862500 0.086719 0.158333
26 0.126172 0.588889 0.057031 0.147222
0 0.421094 0.627778 0.203125 0.741667
0 0.559375 0.481944 0.025000 0.094444
