26 0.754000 0.806400 0.061400 0.102200
26 0.355200 0.638600 0.093000 0.307400
0 0.196800 0.634500 0.194400 0.750800
0 0.665800 0.771900 0.089800 0.379600
0 0.767400 0.737100 0.104100 0.401000
0 0.395100 0.675700 0.148100 0.611700
0 0.023200 0.762800 0.047000 0.489500
0 0.102100 0.829200 0.096500 0.353700
0 0.254687 0.804861 0.050000 0.387500
0 0.274219 0.793750 0.040625 0.406944
0 0.363281 0.486111 0.031250 0.094444
26 0.103906 0.926389 0.092188 0.144444
26 0.022266 0.840278 0.044531 0.150000
26 0.791016 0.880556 0.094531 0.144444
0 0.650781 0.234722 0.031250 0.102778
0 0.619531 0.193750 0.039062 0.087500
