26 0.508000 0.822300 0.109000 0.161600
26 0.633800 0.618800 0.105300 0.248600
26 0.021200 0.610000 0.044800 0.158600
26 0.353600 0.604800 0.067200 0.243800
0 0.405700 0.674200 0.146400 0.652500
0 0.510900 0.707300 0.114800 0.692400
0 0.743900 0.705500 0.108800 0.598100
0 0.102900 0.702700 0.146800 0.590500
0 0.207500 0.677600 0.149200 0.640700
0 0.305700 0.669900 0.070600 0.390100
0 0.640200 0.700000 0.139900 0.609900
0 0.025800 0.670600 0.045400 0.436100
0 0.149300 0.491100 0.031600 0.059800
0 0.301400 0.492000 0.032600 0.069400
0 0.609375 0.481250 0.101562 0.273611
26 0.795313 0.590972 0.056250 0.204167
26 0.338672 0.820139 0.052344 0.259722
26 0.095312 0.632639 0.101562 0.251389
26 0.230859 0.604861 0.103906 0.254167
