26 0.270900 0.832300 0.108200 0.162100
26 0.805200 0.542700 0.053700 0.149000
26 0.119100 0.605200 0.052400 0.179100
0 0.049600 0.708000 0.092000 0.574900
0 0.178600 0.769100 0.086800 0.483100
0 0.300600 0.703700 0.112000 0.698800
0 0.114400 0.706700 0.083800 0.572100
0 0.823000 0.457000 0.090200 0.266300
0 0.653700 0.512200 0.244000 1.017000
0 0.911700 0.540500 0.177500 0.993600
0 0.447600 0.778600 0.161300 0.473200
0 0.490200 0.765500 0.079700 0.342300
26 0.776172 0.806944 0.217969 0.383333
26 0.169141 0.868750 0.075781 0.145833
26 0.401953 0.924306 0.077344 0.148611
26 0.345703 0.909028 0.053906 0.179167
0 0.437500 0.623611 0.195312 0.750000
0 0.558984 0.480556 0.027344 0.080556
