0 0.240600 0.515700 0.262200 1.065300
0 0.835500 0.819600 0.099600 0.357400
0 0.034600 0.701800 0.069500 0.505400
0 0.516100 0.598700 0.270200 0.844000
0 0.669900 0.797600 0.092700 0.421200
0 0.767100 0.702800 0.109100 0.352800
26 0.305469 0.795139 0.225000 0.406944
26 0.038672 0.606250 0.063281 0.115278
0 0.907812 0.481250 0.065625 0.154167
26 0.758594 0.797222 0.071875 0.116667
26 0.787891 0.893750 0.088281 0.131944
0 0.357031 0.506944 0.087500 0.291667
0 0.606641 0.512500 0.144531 0.511111
0 0.642578 0.235417 0.046094 0.070833
0 0.676562 0.284722 0.037500 0.105556
26 0.634375 0.888889 0.079687 0.219444
