26 0.414000 0.796900 0.102500 0.195800
26 0.288800 0.607300 0.078000 0.228200
0 0.329900 0.671700 0.154700 0.652400
0 0.578400 0.699400 0.140700 0.582500
0 0.067200 0.697300 0.114800 0.577500
0 0.866000 0.511200 0.249300 1.134600
0 0.444500 0.694600 0.134100 0.589700
0 0.157900 0.678000 0.145000 0.655300
0 0.233700 0.668900 0.063200 0.422300
0 0.015400 0.607500 0.032400 0.276800
0 0.483600 0.547500 0.041600 0.162600
26 0.538672 0.638194 0.078906 0.262500
26 0.264062 0.842361 0.046875 0.256944
26 0.174609 0.592361 0.089844 0.240278
26 0.071875 0.590278 0.089062 0.175000
0 0.585547 0.438889 0.142969 0.202778
26 0.850391 0.855556 0.213281 0.286111
