26 0.753500 0.807300 0.062200 0.104800
26 0.367238 0.639800 0.099600 0.306600
0 0.199200 0.635800 0.204000 0.761100
0 0.665900 0.772200 0.090400 0.373300
0 0.767900 0.736900 0.103800 0.398900
0 0.417900 0.696800 0.145100 0.593100
0 0.024300 0.763400 0.051000 0.466000
0 0.112500 0.855900 0.094600 0.299300
0 0.365000 0.514500 0.042500 0.140600
26 0.024609 0.841667 0.049219 0.169444
26 0.794141 0.895139 0.091406 0.154167
0 0.266406 0.801389 0.060938 0.394444
26 0.108984 0.925000 0.067969 0.147222
0 0.653516 0.226389 0.025781 0.097222
0 0.619141 0.190972 0.033594 0.090278
