26 0.753400 0.806800 0.063700 0.106600
0 0.201600 0.635700 0.197000 0.761000
0 0.665000 0.771700 0.088300 0.371100
0 0.767200 0.735000 0.105000 0.396100
0 0.420200 0.699500 0.148500 0.590500
0 0.364900 0.516800 0.042200 0.147900
0 0.114500 0.853400 0.098000 0.307000
26 0.025391 0.847222 0.050781 0.163889
26 0.795313 0.897917 0.089062 0.145833
0 0.265234 0.806250 0.057031 0.387500
0 0.022656 0.763889 0.045313 0.469444
0 0.879687 0.481944 0.023438 0.138889
26 0.122656 0.917361 0.096875 0.162500
26 0.371484 0.659028 0.080469 0.176389
0 0.657422 0.230556 0.036719 0.094444
0 0.619141 0.194444 0.038281 0.108333
