26 0.142000 0.604800 0.086600 0.234000
26 0.469500 0.845300 0.266400 0.304600
26 0.728100 0.707900 0.270600 0.620500
0 0.464700 0.481500 0.303600 1.045000
0 0.290600 0.700400 0.078600 0.604500
0 0.197300 0.696400 0.144500 0.624500
0 0.779400 0.550100 0.395200 0.921500
0 0.069200 0.694800 0.109700 0.742700
0 0.837800 0.391200 0.089400 0.202900
0 0.020200 0.476000 0.030600 0.066800
0 0.134600 0.519200 0.039800 0.123100
0 0.020700 0.701900 0.039300 0.596000
0 0.634375 0.437500 0.064062 0.116667
0 0.247266 0.677083 0.061719 0.637500
26 0.084766 0.587500 0.092969 0.211111
