26 0.684600 0.827700 0.097100 0.211800
26 0.796200 0.634900 0.085700 0.245500
26 0.539300 0.615200 0.079400 0.265700
0 0.839800 0.694700 0.150700 0.604000
0 0.536300 0.673600 0.149500 0.673000
0 0.330200 0.671800 0.155200 0.624100
0 0.739400 0.706400 0.081000 0.703000
0 0.261800 0.493400 0.027600 0.059600
26 0.341797 0.600000 0.089844 0.255556
26 0.446875 0.700000 0.021875 0.094444
26 0.465234 0.872917 0.044531 0.251389
0 0.150000 0.660417 0.173438 0.673611
0 0.185547 0.629861 0.092969 0.376389
0 0.214453 0.477778 0.066406 0.172222
0 0.413672 0.643750 0.050781 0.359722
0 0.442578 0.541667 0.041406 0.152778
0 0.582812 0.688889 0.115625 0.622222
0 0.684375 0.700694 0.112500 0.595833
26 0.771094 0.560417 0.051562 0.137500
