26 0.383800 0.608500 0.071100 0.240500
26 0.650000 0.613600 0.116400 0.269700
26 0.021700 0.609500 0.042700 0.146300
26 0.543600 0.821600 0.114000 0.186600
26 0.792800 0.610800 0.043500 0.183500
0 0.550000 0.703500 0.130900 0.603100
0 0.428000 0.674100 0.137800 0.701100
0 0.113300 0.699600 0.147900 0.618800
0 0.328700 0.664100 0.074500 0.378200
0 0.728100 0.698300 0.170100 0.625900
0 0.035000 0.667300 0.066000 0.429000
0 0.223100 0.678000 0.149000 0.667400
0 0.665100 0.699100 0.144400 0.617800
0 0.287800 0.523000 0.019400 0.075800
26 0.635156 0.538194 0.046875 0.201389
26 0.363672 0.827083 0.052344 0.243056
26 0.113281 0.613889 0.117188 0.252778
26 0.243750 0.591667 0.090625 0.219444
0 0.961328 0.654861 0.061719 0.373611
0 0.627344 0.454167 0.103125 0.238889
