26 0.753200 0.805800 0.062000 0.104300
26 0.543100 0.613100 0.101400 0.286700
26 0.234600 0.913800 0.117600 0.161100
0 0.131400 0.703700 0.105900 0.588500
0 0.288400 0.638200 0.166200 0.731700
0 0.767000 0.736300 0.108500 0.416800
0 0.883700 0.703200 0.064200 0.330800
0 0.193900 0.675200 0.077800 0.442400
0 0.395000 0.495300 0.023700 0.092200
26 0.033203 0.863194 0.066406 0.162500
26 0.786328 0.884722 0.111719 0.158333
0 0.207813 0.779861 0.059375 0.165278
0 0.883203 0.488194 0.024219 0.170833
0 0.672656 0.791667 0.089062 0.411111
0 0.596875 0.665972 0.121875 0.662500
26 0.189453 0.583333 0.044531 0.175000
0 0.662891 0.242361 0.035156 0.093056
0 0.618359 0.204167 0.035156 0.086111
