26 0.391400 0.642700 0.092600 0.283000
26 0.754200 0.806600 0.061600 0.104100
26 0.117500 0.929200 0.081800 0.146100
0 0.207900 0.636300 0.195500 0.761700
0 0.665400 0.771800 0.090600 0.382300
0 0.767700 0.735200 0.104800 0.400200
0 0.024100 0.762100 0.051800 0.464600
0 0.367200 0.519000 0.039400 0.147000
0 0.980100 0.864000 0.039100 0.226500
0 0.272266 0.803472 0.049219 0.390278
26 0.787891 0.893750 0.086719 0.148611
0 0.098438 0.815972 0.048437 0.362500
0 0.882422 0.484722 0.028906 0.150000
0 0.447266 0.672917 0.147656 0.651389
26 0.025000 0.854167 0.050000 0.175000
0 0.653125 0.239583 0.026563 0.101389
0 0.620313 0.195833 0.032812 0.111111
