26 0.753800 0.805800 0.061600 0.107100
26 0.452400 0.643800 0.108500 0.297500
0 0.664300 0.772300 0.093400 0.404500
0 0.486900 0.698600 0.187300 0.669100
0 0.230694 0.638700 0.204700 0.729800
0 0.767500 0.736600 0.107000 0.404700
0 0.138600 0.697700 0.085900 0.534500
0 0.365900 0.519400 0.055800 0.158000
0 0.950300 0.702800 0.098000 0.475700
26 0.787500 0.894444 0.085938 0.133333
0 0.882812 0.485417 0.021875 0.170833
0 0.946094 0.488194 0.032812 0.165278
0 0.032812 0.760417 0.065625 0.476389
26 0.029687 0.851389 0.059375 0.166667
26 0.153516 0.920139 0.083594 0.156944
0 0.660937 0.239583 0.035937 0.101389
0 0.619922 0.199306 0.041406 0.106944
0 0.141406 0.828472 0.071875 0.181944
