26 0.324900 0.587400 0.076600 0.242500
26 0.458100 0.799900 0.100500 0.187400
26 0.577100 0.638000 0.079600 0.265500
0 0.363300 0.673700 0.143600 0.652000
0 0.486100 0.697600 0.125300 0.577500
0 0.612600 0.700400 0.136700 0.610700
0 0.083500 0.700800 0.114400 0.679600
0 0.728800 0.697900 0.159500 0.594100
0 0.193500 0.696200 0.151300 0.617400
0 0.927700 0.467200 0.158500 0.990700
0 0.045100 0.576100 0.053100 0.190100
0 0.577700 0.516300 0.078100 0.301300
0 0.271484 0.642361 0.060156 0.390278
26 0.089062 0.605556 0.075000 0.166667
26 0.196875 0.584722 0.079687 0.191667
26 0.304688 0.844444 0.053125 0.255556
26 0.782422 0.592361 0.058594 0.195833
26 0.938672 0.822917 0.122656 0.304167
