0 0.231200 0.532600 0.261500 1.073800
0 0.862600 0.819000 0.082200 0.381700
0 0.768100 0.708100 0.107600 0.373800
0 0.036500 0.701900 0.070000 0.519200
0 0.484600 0.580800 0.244600 0.904200
0 0.360100 0.518600 0.077400 0.271500
0 0.600800 0.611600 0.108500 0.592900
0 0.671800 0.796200 0.086700 0.386300
26 0.276953 0.796528 0.227344 0.404167
26 0.035547 0.606250 0.064844 0.126389
0 0.921875 0.506250 0.096875 0.187500
26 0.792969 0.892361 0.096875 0.148611
26 0.759766 0.786111 0.083594 0.125000
0 0.645703 0.242361 0.038281 0.093056
0 0.674219 0.294444 0.037500 0.100000
26 0.649219 0.893056 0.064062 0.211111
