26 0.628600 0.829000 0.095800 0.213800
26 0.476100 0.610200 0.081000 0.266900
26 0.733800 0.615100 0.083500 0.262900
0 0.494200 0.676000 0.152300 0.671000
0 0.759800 0.697300 0.147600 0.624200
0 0.159000 0.700500 0.145300 0.601700
0 0.384200 0.665100 0.074500 0.358800
0 0.629700 0.703500 0.109400 0.706200
0 0.282900 0.672000 0.144000 0.622600
0 0.052700 0.673100 0.092900 0.713800
0 0.714400 0.512400 0.074000 0.260700
0 0.617400 0.446500 0.105900 0.179000
0 0.102100 0.543700 0.046700 0.146700
0 0.520312 0.684722 0.104687 0.627778
0 0.067188 0.604861 0.098438 0.329167
0 0.218750 0.495833 0.032812 0.069444
26 0.414844 0.710417 0.035937 0.093056
26 0.428516 0.845833 0.057031 0.272222
26 0.297656 0.595833 0.084375 0.250000
26 0.154687 0.612500 0.112500 0.225000
