26 0.627500 0.830200 0.105300 0.199000
26 0.732300 0.616700 0.095200 0.261600
26 0.476900 0.609600 0.091900 0.267300
0 0.492100 0.676300 0.146600 0.668600
0 0.620400 0.702300 0.121900 0.571200
0 0.159400 0.699500 0.139000 0.598700
0 0.379600 0.666500 0.072200 0.355300
0 0.278700 0.673600 0.141000 0.617000
0 0.090700 0.547500 0.046100 0.161000
0 0.716900 0.431000 0.059100 0.134100
26 0.091016 0.577083 0.030469 0.093056
26 0.153125 0.638194 0.104687 0.245833
26 0.293359 0.602083 0.083594 0.237500
26 0.424219 0.846528 0.043750 0.284722
26 0.414844 0.697917 0.031250 0.118056
0 0.052734 0.606944 0.105469 0.344444
0 0.029297 0.660417 0.058594 0.676389
0 0.516406 0.685417 0.089062 0.626389
0 0.624609 0.448611 0.116406 0.188889
0 0.758594 0.684028 0.135937 0.623611
