26 0.024600 0.608600 0.050500 0.161900
26 0.519900 0.799700 0.106200 0.180400
26 0.361300 0.608700 0.042600 0.248900
0 0.418400 0.677000 0.142000 0.663800
0 0.317400 0.667800 0.069800 0.428800
0 0.109100 0.702800 0.153000 0.599600
0 0.537200 0.699500 0.131400 0.581700
0 0.745200 0.701100 0.103200 0.619900
0 0.028000 0.670400 0.049500 0.452500
0 0.217600 0.678800 0.147400 0.631300
0 0.278500 0.524700 0.017900 0.082800
26 0.788672 0.592361 0.053906 0.201389
26 0.651172 0.611806 0.097656 0.262500
26 0.354297 0.827083 0.058594 0.262500
26 0.105469 0.618056 0.107813 0.261111
26 0.226953 0.600694 0.096094 0.234722
0 0.957422 0.640278 0.066406 0.355556
0 0.605859 0.442361 0.114844 0.254167
0 0.666406 0.688889 0.145313 0.619444
