26 0.765500 0.637000 0.109400 0.297800
26 0.440700 0.861400 0.044500 0.269700
0 0.764600 0.670800 0.113800 0.358400
0 0.518200 0.677000 0.152300 0.699600
0 0.776700 0.696600 0.148500 0.613100
0 0.300300 0.667000 0.141700 0.676400
0 0.052900 0.641400 0.099400 0.655500
0 0.602400 0.450300 0.046500 0.175000
0 0.572600 0.676400 0.077800 0.710100
0 0.228400 0.492400 0.029000 0.052000
0 0.645312 0.711111 0.096875 0.575000
0 0.724219 0.689583 0.078125 0.618056
0 0.385938 0.644444 0.060938 0.366667
0 0.175391 0.687500 0.103906 0.622222
0 0.107031 0.612500 0.098438 0.352778
0 0.120312 0.507639 0.025000 0.076389
26 0.175000 0.597917 0.095312 0.198611
26 0.308984 0.584028 0.083594 0.240278
26 0.424219 0.699306 0.037500 0.101389
26 0.645703 0.815972 0.103906 0.234722
26 0.487500 0.591667 0.082813 0.241667
