26 0.601700 0.616000 0.086100 0.255800
26 0.332600 0.601600 0.049700 0.252600
26 0.480900 0.819900 0.107500 0.180500
0 0.384500 0.671100 0.151300 0.684700
0 0.290000 0.667900 0.067600 0.409500
0 0.197800 0.693700 0.146300 0.633800
0 0.495300 0.700900 0.122100 0.598100
0 0.085900 0.705000 0.108300 0.655700
0 0.737800 0.698100 0.140300 0.600400
0 0.019000 0.699900 0.040700 0.393000
0 0.945700 0.575900 0.106900 0.934300
0 0.584766 0.452083 0.088281 0.212500
0 0.633984 0.694444 0.092969 0.608333
26 0.098047 0.622917 0.088281 0.215278
26 0.212891 0.601389 0.077344 0.213889
26 0.311328 0.829861 0.052344 0.265278
26 0.783984 0.595833 0.055469 0.205556
