26 0.683400 0.827400 0.099900 0.217800
26 0.793200 0.635400 0.090100 0.244500
26 0.537700 0.616200 0.081400 0.261700
26 0.443300 0.708800 0.027200 0.085100
0 0.676000 0.707100 0.101900 0.706900
0 0.328100 0.668700 0.150000 0.629500
0 0.136500 0.657500 0.173700 0.688400
0 0.261600 0.491900 0.027500 0.057400
0 0.603100 0.677100 0.079600 0.671300
0 0.846094 0.688194 0.125000 0.620833
0 0.744531 0.686111 0.092188 0.625000
0 0.182422 0.624306 0.086719 0.309722
0 0.224609 0.507639 0.078906 0.240278
0 0.408594 0.640972 0.050000 0.359722
0 0.445312 0.563889 0.042188 0.191667
0 0.519141 0.659028 0.121094 0.679167
26 0.471484 0.867361 0.049219 0.265278
26 0.341406 0.584028 0.085938 0.251389
26 0.764844 0.556944 0.046875 0.138889
