26 0.354800 0.800500 0.101200 0.185500
26 0.202700 0.604500 0.086500 0.230700
0 0.262900 0.672800 0.153000 0.659900
0 0.368900 0.699100 0.127200 0.588500
0 0.646400 0.484100 0.295000 1.071600
0 0.854800 0.550100 0.290200 0.888300
0 0.027000 0.701300 0.047500 0.621900
0 0.480800 0.641500 0.095100 0.463800
0 0.106400 0.677600 0.134200 0.635300
0 0.166500 0.669800 0.071200 0.486700
0 0.183900 0.521100 0.050000 0.134400
0 0.071700 0.473300 0.030100 0.051800
0 0.950000 0.246528 0.081250 0.259722
0 0.970312 0.418750 0.048437 0.162500
26 0.639453 0.863194 0.192969 0.270833
26 0.868750 0.722222 0.209375 0.552778
26 0.118359 0.591667 0.094531 0.213889
26 0.206641 0.826389 0.067969 0.244444
26 0.451953 0.636111 0.046094 0.252778
