26 0.753100 0.805900 0.064100 0.102300
26 0.528000 0.640000 0.080000 0.297000
0 0.286700 0.638500 0.162700 0.746900
0 0.668200 0.791700 0.091900 0.396800
0 0.767800 0.739100 0.105400 0.424300
0 0.051100 0.768500 0.082700 0.422400
0 0.578200 0.674100 0.155900 0.664900
0 0.197600 0.698400 0.078100 0.506100
26 0.034766 0.866667 0.067969 0.158333
0 0.882031 0.484722 0.034375 0.172222
26 0.789844 0.890278 0.085938 0.147222
0 0.117969 0.695833 0.098438 0.541667
26 0.192578 0.593056 0.052344 0.180556
0 0.659375 0.241667 0.031250 0.102778
0 0.622656 0.206250 0.040625 0.129167
0 0.201172 0.781944 0.082031 0.175000
26 0.216797 0.918056 0.085156 0.161111
