26 0.651000 0.829000 0.095400 0.193300
26 0.767300 0.637700 0.115000 0.293500
26 0.442200 0.863600 0.048800 0.282500
0 0.519000 0.675000 0.144600 0.717500
0 0.781900 0.697100 0.148100 0.631600
0 0.075100 0.664200 0.139200 0.716500
0 0.648000 0.715100 0.126600 0.583500
0 0.193300 0.674600 0.106900 0.541200
0 0.573200 0.677300 0.078700 0.721500
0 0.237700 0.490300 0.018200 0.035200
0 0.605500 0.449800 0.042600 0.176000
0 0.129300 0.495500 0.023500 0.066300
0 0.299219 0.667361 0.131250 0.662500
0 0.389453 0.639583 0.064844 0.356944
0 0.116016 0.601389 0.100781 0.361111
26 0.186719 0.584028 0.107813 0.212500
26 0.314453 0.588889 0.080469 0.247222
26 0.427734 0.701389 0.030469 0.080556
26 0.493750 0.598611 0.087500 0.236111
0 0.732422 0.691667 0.080469 0.616667
