26 0.364100 0.800500 0.095800 0.198400
26 0.225800 0.602500 0.079600 0.229300
0 0.273400 0.673300 0.145100 0.649300
0 0.383200 0.696000 0.138000 0.573300
0 0.702100 0.481600 0.289200 1.023200
0 0.040300 0.697700 0.084400 0.640300
0 0.864900 0.538900 0.281400 0.954100
0 0.111300 0.678800 0.148700 0.625100
0 0.199900 0.523000 0.050900 0.143000
0 0.962109 0.275694 0.075781 0.334722
26 0.902344 0.722222 0.195312 0.552778
26 0.693750 0.879861 0.181250 0.237500
0 0.565234 0.427778 0.074219 0.186111
0 0.508203 0.695139 0.116406 0.604167
26 0.469141 0.637500 0.058594 0.247222
26 0.127734 0.594444 0.086719 0.225000
0 0.428516 0.560417 0.058594 0.193056
