26 0.444700 0.801900 0.097600 0.198800
26 0.319600 0.603600 0.078500 0.227200
0 0.353800 0.677000 0.138300 0.649700
0 0.607000 0.699200 0.135000 0.591400
0 0.079000 0.701900 0.118900 0.698700
0 0.476400 0.697700 0.126200 0.583800
0 0.725000 0.694200 0.160900 0.624400
0 0.906900 0.517000 0.188600 0.940200
0 0.269400 0.645300 0.065400 0.390300
0 0.573000 0.491200 0.083100 0.288600
0 0.174100 0.674200 0.158700 0.612700
0 0.036700 0.603100 0.055300 0.276000
0 0.501953 0.517361 0.041406 0.120833
26 0.087891 0.604861 0.080469 0.179167
26 0.190234 0.581250 0.082031 0.201389
26 0.288672 0.830556 0.049219 0.250000
26 0.576172 0.623611 0.067969 0.236111
26 0.776563 0.602083 0.078125 0.206944
26 0.919141 0.843056 0.161719 0.311111
