26 0.663400 0.830800 0.100400 0.207000
26 0.772300 0.619900 0.103200 0.250000
26 0.507300 0.612400 0.079900 0.268600
0 0.797400 0.695000 0.144900 0.622200
0 0.536800 0.674500 0.142800 0.691800
0 0.665000 0.710400 0.116200 0.692100
0 0.204200 0.696800 0.106300 0.606800
0 0.091400 0.657100 0.154100 0.685000
0 0.322000 0.699500 0.139000 0.601000
0 0.485400 0.666500 0.104700 0.609700
0 0.244400 0.491900 0.029300 0.055200
0 0.613600 0.450200 0.037400 0.182600
0 0.142969 0.620833 0.103125 0.375000
0 0.733594 0.510417 0.089062 0.231944
26 0.323828 0.590278 0.082031 0.250000
26 0.437891 0.687500 0.030469 0.097222
26 0.455469 0.861111 0.046875 0.272222
0 0.397656 0.636806 0.062500 0.362500
