26 0.753300 0.804600 0.065200 0.103200
26 0.489700 0.673400 0.091000 0.250900
26 0.198000 0.917100 0.111400 0.164400
0 0.522900 0.696800 0.168800 0.628500
0 0.664800 0.789200 0.105100 0.403600
0 0.766200 0.738500 0.109900 0.412500
0 0.037700 0.768800 0.074800 0.445100
0 0.921800 0.479200 0.165900 1.001300
0 0.194300 0.479800 0.049100 0.121800
26 0.784766 0.889583 0.080469 0.151389
0 0.883984 0.486111 0.027344 0.177778
0 0.941016 0.489583 0.032031 0.176389
0 0.131250 0.699306 0.093750 0.559722
0 0.364062 0.518750 0.040625 0.154167
26 0.031641 0.851389 0.063281 0.163889
0 0.659375 0.243750 0.029687 0.101389
0 0.621484 0.201389 0.046094 0.116667
0 0.164453 0.824306 0.080469 0.284722
