26 0.753200 0.806000 0.060900 0.102500
26 0.238700 0.914500 0.107900 0.162900
26 0.200100 0.606000 0.047700 0.183200
0 0.293700 0.642400 0.158700 0.751000
0 0.591800 0.667000 0.151300 0.685100
0 0.057500 0.770400 0.093500 0.512400
0 0.667400 0.772100 0.080200 0.376000
0 0.925900 0.509900 0.154900 0.991800
0 0.180400 0.700000 0.082500 0.497300
0 0.882300 0.707000 0.060600 0.340000
0 0.395000 0.495700 0.023600 0.092400
26 0.034375 0.861111 0.068750 0.152778
0 0.883594 0.492361 0.023438 0.165278
26 0.787109 0.894444 0.088281 0.147222
0 0.119141 0.706944 0.116406 0.552778
0 0.772656 0.761806 0.115625 0.473611
26 0.576172 0.622917 0.111719 0.218056
26 0.219531 0.815278 0.040625 0.133333
0 0.658594 0.249306 0.031250 0.106944
0 0.627344 0.202778 0.035937 0.105556
