26 0.351400 0.602000 0.076400 0.222600
26 0.493800 0.820100 0.104500 0.170900
0 0.504200 0.706700 0.115400 0.707600
0 0.639200 0.710300 0.107900 0.718000
0 0.740800 0.704300 0.109000 0.646200
0 0.301300 0.666200 0.074000 0.395400
0 0.200300 0.677400 0.151000 0.617200
0 0.101000 0.703800 0.138200 0.575000
0 0.021600 0.671500 0.042800 0.399300
0 0.952800 0.574400 0.091500 0.952000
0 0.144900 0.492200 0.031500 0.063300
0 0.585500 0.673400 0.087500 0.580600
0 0.069000 0.543900 0.045700 0.153400
26 0.107031 0.650000 0.123438 0.255556
26 0.786719 0.587500 0.056250 0.197222
26 0.618750 0.626389 0.095312 0.255556
26 0.332812 0.841667 0.067188 0.272222
26 0.216406 0.592361 0.096875 0.234722
26 0.019141 0.611806 0.038281 0.181944
