26 0.257100 0.836800 0.086600 0.134200
26 0.651200 0.613200 0.087000 0.312800
0 0.352200 0.657300 0.163400 0.732800
0 0.131700 0.763100 0.089600 0.493600
0 0.697300 0.697500 0.158300 0.628900
0 0.827800 0.508400 0.267200 0.991600
0 0.068300 0.702100 0.087000 0.582000
0 0.270900 0.700100 0.089200 0.780000
0 0.161200 0.548300 0.063200 0.298800
26 0.105469 0.861111 0.079687 0.158333
26 0.158203 0.579167 0.050781 0.175000
26 0.932031 0.813194 0.135937 0.370833
26 0.319531 0.913889 0.085938 0.166667
0 0.666797 0.259722 0.035156 0.097222
0 0.629687 0.225694 0.037500 0.126389
0 0.464844 0.514583 0.026563 0.134722
