26 0.391500 0.799700 0.111300 0.198100
26 0.259600 0.604400 0.078500 0.234400
0 0.305800 0.671100 0.138500 0.685800
0 0.053300 0.699600 0.102200 0.597000
0 0.424300 0.699300 0.127800 0.592900
0 0.144500 0.694700 0.153100 0.668500
0 0.824400 0.514000 0.333100 1.000000
0 0.602700 0.485800 0.096400 0.298800
0 0.012900 0.510200 0.022900 0.055200
0 0.459300 0.522100 0.037700 0.111000
0 0.672200 0.478300 0.052700 0.174300
26 0.789844 0.861111 0.168750 0.275000
0 0.228516 0.665972 0.058594 0.431944
26 0.624219 0.554861 0.043750 0.220833
26 0.150000 0.584028 0.096875 0.204167
26 0.242969 0.836806 0.053125 0.268056
26 0.052734 0.582639 0.080469 0.176389
26 0.512891 0.629167 0.075781 0.241667
0 0.558594 0.701389 0.121875 0.594444
