26 0.754000 0.805300 0.059600 0.107300
26 0.575100 0.637700 0.102400 0.278100
26 0.266000 0.915700 0.114000 0.158700
26 0.050600 0.862100 0.098000 0.196200
26 0.177100 0.582500 0.049200 0.178300
0 0.181300 0.697800 0.091700 0.585800
0 0.299400 0.658500 0.161500 0.724800
0 0.768200 0.737500 0.102700 0.428300
0 0.079900 0.768800 0.094500 0.479400
0 0.898400 0.512800 0.194200 1.063000
26 0.788672 0.890972 0.086719 0.145833
0 0.103906 0.711806 0.117188 0.559722
0 0.632812 0.672917 0.132812 0.651389
0 0.684375 0.802778 0.071875 0.388889
0 0.360547 0.476389 0.025781 0.080556
26 0.237891 0.828472 0.060156 0.112500
0 0.665234 0.247222 0.028906 0.086111
0 0.628906 0.205556 0.026563 0.091667
0 0.464453 0.510417 0.036719 0.140278
