26 0.675000 0.615500 0.096400 0.252600
26 0.394200 0.609200 0.068100 0.240500
0 0.038700 0.669500 0.069200 0.451700
0 0.558400 0.700200 0.122500 0.617600
0 0.117600 0.702900 0.144000 0.601100
0 0.334500 0.647900 0.073200 0.346800
0 0.234300 0.676600 0.146600 0.675000
0 0.724800 0.697000 0.168800 0.614100
0 0.667600 0.671500 0.127600 0.535800
26 0.787500 0.602778 0.060938 0.227778
26 0.637109 0.554861 0.060156 0.218056
26 0.377344 0.829167 0.046875 0.263889
26 0.244922 0.588889 0.092969 0.225000
26 0.114844 0.599306 0.092188 0.201389
26 0.035156 0.613194 0.056250 0.176389
0 0.633594 0.468750 0.115625 0.254167
0 0.450391 0.661111 0.161719 0.675000
0 0.448438 0.690972 0.095312 0.615278
