26 0.753400 0.806200 0.061900 0.101300
26 0.558200 0.641800 0.086100 0.272100
26 0.241700 0.914100 0.105800 0.166500
26 0.198800 0.586400 0.043700 0.168200
26 0.227600 0.797400 0.055500 0.135900
0 0.292400 0.646900 0.168000 0.789600
0 0.767700 0.738500 0.106800 0.437300
0 0.068600 0.771500 0.097900 0.495000
0 0.192300 0.701800 0.084300 0.542600
0 0.597200 0.672600 0.145100 0.658400
0 0.669400 0.794100 0.081100 0.406000
26 0.033203 0.881250 0.064844 0.151389
26 0.786719 0.895833 0.090625 0.136111
0 0.112109 0.704167 0.116406 0.547222
0 0.663672 0.250694 0.028906 0.101389
0 0.630469 0.209028 0.037500 0.101389
