26 0.690900 0.829400 0.106300 0.210000
26 0.801200 0.635000 0.076500 0.257700
26 0.544900 0.615100 0.080300 0.276300
26 0.335300 0.602200 0.104200 0.246500
26 0.447800 0.709600 0.024800 0.085300
0 0.845200 0.694200 0.152900 0.604600
0 0.534700 0.672900 0.148600 0.676500
0 0.333000 0.671400 0.150400 0.638000
0 0.148300 0.653700 0.177100 0.676700
0 0.699500 0.698900 0.127300 0.587600
0 0.269800 0.493000 0.026400 0.059300
26 0.773828 0.563194 0.050781 0.151389
26 0.471094 0.868750 0.043750 0.256944
0 0.221875 0.459028 0.062500 0.148611
0 0.200781 0.634028 0.089062 0.368056
0 0.412891 0.640972 0.053906 0.365278
0 0.447656 0.569444 0.043750 0.205556
0 0.747266 0.523611 0.099219 0.302778
0 0.592188 0.684722 0.123438 0.627778
