26 0.745500 0.802200 0.065300 0.107900
0 0.035200 0.699200 0.068300 0.517800
0 0.802700 0.797800 0.101000 0.388500
0 0.669600 0.794100 0.091400 0.392700
0 0.266400 0.516500 0.261800 1.072000
0 0.760400 0.767600 0.092700 0.372700
0 0.542500 0.554100 0.203300 0.919700
0 0.762000 0.647300 0.096100 0.235100
0 0.435400 0.607700 0.062000 0.163400
26 0.325000 0.795139 0.248437 0.406944
0 0.914453 0.491667 0.086719 0.177778
26 0.035547 0.575000 0.060156 0.150000
0 0.578516 0.368750 0.086719 0.212500
0 0.644922 0.240278 0.044531 0.097222
0 0.673047 0.285417 0.041406 0.118056
