26 0.709900 0.614000 0.092600 0.239900
26 0.602500 0.824200 0.106600 0.181800
26 0.054500 0.612200 0.061100 0.144900
26 0.446800 0.612900 0.089000 0.287900
0 0.478600 0.670500 0.144200 0.692100
0 0.603800 0.700500 0.129400 0.577600
0 0.735500 0.694900 0.149100 0.625000
0 0.145300 0.701600 0.140600 0.589000
0 0.259200 0.669700 0.150300 0.608700
0 0.052100 0.642800 0.080800 0.340800
0 0.976000 0.640200 0.048000 0.341400
0 0.023600 0.641600 0.043200 0.405700
0 0.192200 0.490400 0.026200 0.053200
0 0.318600 0.509500 0.020500 0.057500
0 0.614453 0.454861 0.136719 0.226389
26 0.779688 0.588889 0.050000 0.194444
26 0.403125 0.849306 0.040625 0.248611
26 0.391016 0.690972 0.025781 0.104167
26 0.268750 0.588194 0.089062 0.254167
26 0.148438 0.608333 0.106250 0.200000
0 0.707031 0.435417 0.045313 0.095833
0 0.483984 0.692361 0.107031 0.609722
