26 0.227500 0.606600 0.075300 0.246900
0 0.275500 0.673500 0.144500 0.662000
0 0.041300 0.699800 0.087000 0.611800
0 0.513400 0.696000 0.135200 0.578400
0 0.713200 0.484300 0.290700 1.053100
0 0.113900 0.678000 0.153200 0.612400
0 0.866900 0.539700 0.268100 0.923300
0 0.200200 0.541100 0.048500 0.161100
0 0.086500 0.473100 0.019200 0.035900
26 0.700391 0.865278 0.203906 0.266667
26 0.903516 0.729861 0.192969 0.537500
0 0.569141 0.436806 0.080469 0.195833
0 0.389844 0.700694 0.110937 0.598611
26 0.478516 0.628472 0.066406 0.229167
26 0.217187 0.821528 0.079687 0.256944
26 0.133984 0.595833 0.091406 0.225000
0 0.432031 0.556944 0.059375 0.188889
