26 0.643900 0.789400 0.237400 0.421100
0 0.038200 0.704100 0.075500 0.626300
0 0.469200 0.504400 0.391500 0.991800
0 0.943700 0.670200 0.114100 0.710300
0 0.295100 0.739800 0.100900 0.506300
0 0.237000 0.764700 0.067300 0.407100
0 0.790400 0.580400 0.220300 0.848800
0 0.365700 0.522800 0.034600 0.160600
26 0.076953 0.589583 0.057031 0.179167
0 0.099609 0.713194 0.130469 0.570833
0 0.893750 0.477778 0.037500 0.144444
0 0.672266 0.279861 0.030469 0.118056
26 0.929688 0.610417 0.103125 0.243056
26 0.242188 0.856250 0.084375 0.168056
0 0.632812 0.234722 0.045313 0.122222
