26 0.354000 0.801400 0.102100 0.175400
26 0.201000 0.603000 0.086800 0.224800
26 0.192500 0.830500 0.065100 0.234800
0 0.365400 0.698300 0.134500 0.574700
0 0.257800 0.671200 0.149100 0.666900
0 0.851400 0.550600 0.296700 0.863700
0 0.641900 0.482400 0.285200 1.008600
0 0.105900 0.677900 0.134000 0.646200
0 0.025900 0.700900 0.047400 0.623300
0 0.480600 0.614700 0.105700 0.432600
0 0.180100 0.518900 0.046200 0.131400
0 0.165800 0.670900 0.064100 0.586100
0 0.943359 0.252083 0.085156 0.245833
0 0.975000 0.421528 0.050000 0.173611
26 0.616406 0.872917 0.187500 0.251389
26 0.866406 0.717361 0.215625 0.562500
0 0.305078 0.463194 0.066406 0.215278
0 0.060547 0.468056 0.028906 0.055556
26 0.121094 0.584722 0.103125 0.225000
26 0.454688 0.640278 0.045313 0.258333
