26 0.328300 0.602000 0.073300 0.243400
26 0.464600 0.818500 0.105800 0.182300
0 0.368900 0.672800 0.143400 0.658600
0 0.480000 0.696900 0.115100 0.630800
0 0.085500 0.703700 0.108500 0.678200
0 0.194700 0.694400 0.145100 0.621500
0 0.733400 0.698000 0.152900 0.582100
0 0.930900 0.533300 0.136900 0.969500
0 0.284000 0.667200 0.066300 0.407600
0 0.018200 0.671700 0.039400 0.436200
0 0.049700 0.574600 0.051200 0.189600
0 0.588672 0.489583 0.094531 0.273611
0 0.626953 0.695139 0.103906 0.606944
26 0.591406 0.621528 0.085938 0.220833
26 0.776953 0.601389 0.067969 0.211111
26 0.307422 0.834722 0.052344 0.258333
26 0.202344 0.585417 0.081250 0.195833
26 0.098438 0.600000 0.093750 0.180556
26 0.944922 0.821528 0.110156 0.351389
