26 0.161200 0.604400 0.075300 0.231100
26 0.319900 0.819100 0.055800 0.127400
26 0.511100 0.845200 0.242700 0.308100
0 0.211700 0.677200 0.141300 0.650500
0 0.479900 0.484800 0.346900 0.975900
0 0.306700 0.701100 0.095800 0.652700
0 0.799700 0.572400 0.373200 0.889500
0 0.079000 0.673200 0.136900 0.634600
0 0.867800 0.390500 0.090400 0.219600
0 0.648300 0.443500 0.055800 0.126200
0 0.022200 0.699300 0.038900 0.621900
0 0.166700 0.493000 0.030600 0.055900
0 0.026700 0.477600 0.031300 0.068900
0 0.036500 0.464800 0.028900 0.049200
0 0.843359 0.269444 0.082031 0.244444
26 0.780078 0.731250 0.208594 0.534722
0 0.265625 0.677778 0.070312 0.641667
