26 0.352600 0.601400 0.077100 0.229800
26 0.019500 0.611800 0.042100 0.161800
26 0.495400 0.801000 0.104700 0.177100
0 0.398900 0.674100 0.146800 0.657600
0 0.504900 0.708300 0.116400 0.743500
0 0.741800 0.705500 0.109800 0.621000
0 0.100800 0.702500 0.139700 0.584900
0 0.640800 0.708100 0.111900 0.701400
0 0.302300 0.667100 0.073400 0.379500
0 0.201900 0.677500 0.149800 0.623000
0 0.022700 0.669100 0.043200 0.404000
0 0.146500 0.492600 0.031800 0.063100
0 0.069500 0.544400 0.043700 0.155500
26 0.222266 0.589583 0.105469 0.218056
26 0.096094 0.622222 0.093750 0.230556
26 0.330078 0.834722 0.066406 0.258333
26 0.629687 0.614583 0.092188 0.256944
26 0.788672 0.577778 0.047656 0.211111
0 0.594922 0.475000 0.107031 0.280556
