26 0.273700 0.831500 0.102500 0.163600
0 0.109300 0.701500 0.095100 0.608000
0 0.212400 0.767700 0.082000 0.476300
0 0.300400 0.704900 0.108000 0.664400
0 0.586600 0.504900 0.281700 1.013900
0 0.889000 0.538500 0.221100 0.915900
0 0.425000 0.580800 0.115400 0.469500
26 0.702344 0.769444 0.264062 0.458333
26 0.101172 0.586806 0.049219 0.176389
0 0.040625 0.704167 0.081250 0.588889
26 0.345703 0.902778 0.041406 0.191667
26 0.202344 0.865278 0.087500 0.172222
0 0.675000 0.265972 0.035937 0.095833
0 0.363672 0.500000 0.030469 0.127778
0 0.634766 0.202778 0.027344 0.058333
