26 0.620700 0.827100 0.108100 0.190900
26 0.731800 0.616000 0.094200 0.264600
26 0.460800 0.610700 0.068300 0.274600
0 0.492800 0.676000 0.146700 0.683500
0 0.620700 0.701900 0.119000 0.585400
0 0.155800 0.697600 0.143000 0.584500
0 0.378800 0.665300 0.072400 0.357100
0 0.275100 0.672000 0.145200 0.619100
0 0.209500 0.495100 0.027900 0.058400
0 0.087500 0.547000 0.051600 0.157300
0 0.713800 0.513600 0.070500 0.278100
0 0.489700 0.397700 0.063300 0.107600
0 0.621484 0.441667 0.105469 0.194444
0 0.770312 0.688889 0.115625 0.619444
0 0.026563 0.661806 0.053125 0.670833
0 0.053516 0.618056 0.107031 0.355556
26 0.420312 0.864583 0.043750 0.265278
26 0.410156 0.703472 0.028125 0.115278
26 0.286719 0.588194 0.095312 0.240278
26 0.158984 0.615972 0.116406 0.220833
26 0.083594 0.583333 0.034375 0.094444
