26 0.753700 0.806400 0.061700 0.105300
26 0.244000 0.914800 0.109300 0.164400
26 0.570400 0.611700 0.102200 0.294700
26 0.229500 0.800500 0.054300 0.127100
26 0.353700 0.773800 0.046000 0.104900
0 0.193500 0.696800 0.088400 0.548500
0 0.294200 0.655300 0.164600 0.780600
0 0.768300 0.739900 0.105500 0.435000
0 0.070400 0.770700 0.101200 0.516300
0 0.919800 0.506500 0.168300 1.019800
0 0.668600 0.793500 0.076700 0.408000
0 0.112500 0.695139 0.120312 0.540278
26 0.787500 0.892361 0.084375 0.137500
0 0.623828 0.665972 0.142969 0.665278
0 0.360938 0.479861 0.029687 0.081944
26 0.049609 0.869444 0.099219 0.183333
0 0.664453 0.242361 0.027344 0.090278
0 0.628906 0.203472 0.034375 0.090278
