26 0.753600 0.805500 0.062800 0.102000
26 0.515400 0.642900 0.100100 0.283600
0 0.285300 0.644000 0.153400 0.760500
0 0.537100 0.696300 0.150300 0.630800
0 0.668100 0.792200 0.097600 0.396300
0 0.766900 0.737400 0.107400 0.418700
0 0.043400 0.770100 0.079800 0.436800
0 0.920500 0.483400 0.160100 0.953500
0 0.201100 0.698900 0.076900 0.615700
0 0.368831 0.494067 0.037000 0.134800
26 0.794141 0.890972 0.089844 0.154167
0 0.881250 0.484722 0.020312 0.177778
0 0.132812 0.705556 0.118750 0.572222
0 0.186328 0.831250 0.083594 0.334722
0 0.936719 0.477778 0.037500 0.161111
26 0.032031 0.860417 0.064062 0.184722
26 0.213281 0.910417 0.084375 0.176389
0 0.658984 0.258333 0.027344 0.113889
0 0.623438 0.208333 0.039062 0.111111
