26 0.161200 0.795500 0.242100 0.403200
26 0.701700 0.912800 0.067100 0.160700
0 0.141000 0.530600 0.280800 0.993100
0 0.771000 0.734100 0.109900 0.411600
0 0.945000 0.805300 0.096900 0.396200
0 0.638000 0.638900 0.174100 0.699000
0 0.538900 0.702800 0.068700 0.336700
0 0.405800 0.586200 0.266700 0.863000
0 0.916406 0.498611 0.075000 0.172222
0 0.649219 0.241667 0.037500 0.083333
0 0.679688 0.292361 0.045313 0.104167
26 0.754687 0.792361 0.070312 0.112500
26 0.794922 0.904861 0.089844 0.165278
26 0.527344 0.838194 0.067188 0.184722
