26 0.424200 0.643600 0.106600 0.302200
26 0.754200 0.804900 0.061400 0.104600
0 0.217900 0.644000 0.196100 0.719700
0 0.468800 0.696500 0.189900 0.659500
0 0.664000 0.772800 0.091800 0.383700
0 0.768300 0.734200 0.104800 0.399100
0 0.026300 0.762800 0.053500 0.470500
0 0.141800 0.674300 0.078200 0.570300
0 0.368500 0.519600 0.043300 0.144900
26 0.027734 0.857639 0.055469 0.162500
26 0.792969 0.893750 0.092188 0.148611
0 0.880078 0.481944 0.021094 0.161111
0 0.950781 0.490972 0.028125 0.176389
0 0.118750 0.846528 0.043750 0.304167
26 0.141016 0.927083 0.063281 0.145833
0 0.656641 0.237500 0.030469 0.097222
0 0.623047 0.193056 0.039844 0.105556
