26 0.603200 0.637100 0.086300 0.228400
26 0.353400 0.587900 0.080300 0.238500
26 0.487900 0.821300 0.108900 0.178000
26 0.203900 0.584800 0.101000 0.235800
0 0.394500 0.671600 0.152800 0.676600
0 0.504100 0.704500 0.113000 0.687800
0 0.198400 0.676900 0.147300 0.627900
0 0.298900 0.667500 0.073500 0.406600
0 0.635700 0.702000 0.138600 0.599300
0 0.738600 0.702300 0.112200 0.610300
0 0.100300 0.704400 0.137400 0.574600
0 0.021600 0.670100 0.041900 0.404300
0 0.952800 0.543800 0.093200 1.061700
0 0.589453 0.462500 0.096094 0.227778
26 0.792188 0.586806 0.062500 0.206944
26 0.321484 0.834722 0.055469 0.272222
26 0.100391 0.627083 0.116406 0.229167
