26 0.132500 0.604600 0.091800 0.222100
26 0.428400 0.843000 0.261600 0.313300
0 0.417300 0.485800 0.300000 1.108000
0 0.173500 0.679800 0.147800 0.655900
0 0.053900 0.696500 0.108600 0.619700
0 0.724000 0.544100 0.404100 0.917700
0 0.557400 0.425000 0.073800 0.193700
0 0.235700 0.697600 0.085000 0.723200
0 0.107400 0.478300 0.034100 0.060300
0 0.009100 0.492700 0.018800 0.111500
0 0.809766 0.407639 0.094531 0.206944
26 0.721094 0.715972 0.214062 0.562500
0 0.281250 0.528472 0.053125 0.206944
26 0.073047 0.597917 0.094531 0.229167
