0 0.459100 0.507100 0.362500 0.940800
0 0.092500 0.698600 0.141500 0.574400
0 0.294500 0.743000 0.106500 0.535400
0 0.026600 0.702900 0.047700 0.594400
0 0.943300 0.669500 0.112900 0.541600
26 0.613672 0.795139 0.257031 0.409722
0 0.897266 0.486806 0.041406 0.145833
26 0.073828 0.594444 0.050781 0.169444
0 0.763281 0.585417 0.221875 0.826389
0 0.671484 0.275000 0.044531 0.111111
0 0.262891 0.637500 0.047656 0.247222
0 0.366016 0.508333 0.036719 0.150000
26 0.925391 0.650694 0.110156 0.334722
26 0.272266 0.851389 0.128906 0.169444
0 0.636328 0.230556 0.041406 0.094444
