26 0.753500 0.806500 0.062800 0.103600
26 0.355100 0.616100 0.108700 0.295000
0 0.183400 0.621700 0.197400 0.757000
0 0.666000 0.772500 0.091400 0.386100
0 0.767700 0.737500 0.104400 0.396100
0 0.022200 0.763600 0.047100 0.477000
0 0.083900 0.827300 0.081500 0.351100
0 0.387500 0.676200 0.140900 0.599100
0 0.254297 0.802778 0.049219 0.391667
0 0.362109 0.484722 0.028906 0.097222
26 0.022266 0.834028 0.044531 0.154167
26 0.101172 0.929167 0.074219 0.138889
26 0.793750 0.901389 0.093750 0.133333
0 0.280469 0.802083 0.048437 0.395833
0 0.650000 0.232639 0.029687 0.104167
0 0.618750 0.201389 0.046875 0.102778
