26 0.628200 0.830900 0.098600 0.203000
26 0.732900 0.615900 0.091100 0.254200
26 0.476500 0.611200 0.085500 0.267300
0 0.493800 0.677000 0.150000 0.671200
0 0.757500 0.697500 0.146400 0.624400
0 0.159300 0.698900 0.145000 0.590300
0 0.381500 0.664100 0.074800 0.359900
0 0.281700 0.671800 0.143000 0.606800
0 0.714300 0.513200 0.071700 0.257100
0 0.097500 0.543800 0.046100 0.154700
0 0.623828 0.438889 0.102344 0.180556
0 0.628125 0.707639 0.112500 0.581944
0 0.525391 0.683333 0.094531 0.630556
0 0.055078 0.665278 0.110156 0.663889
0 0.066406 0.615278 0.112500 0.330556
0 0.217969 0.494444 0.023438 0.055556
26 0.156641 0.643056 0.100781 0.250000
26 0.301562 0.593056 0.096875 0.236111
26 0.411719 0.709028 0.032812 0.090278
26 0.428906 0.843056 0.040625 0.250000
