26 0.266500 0.831500 0.109900 0.166600
26 0.133300 0.861800 0.091200 0.183600
26 0.417400 0.775100 0.046700 0.100900
0 0.400800 0.610700 0.164600 0.775900
0 0.143100 0.766800 0.091400 0.471400
0 0.288600 0.675700 0.098400 0.745500
0 0.740000 0.508400 0.275100 0.982300
0 0.142000 0.518800 0.075300 0.196200
0 0.917500 0.531100 0.164600 1.031500
26 0.885547 0.810417 0.177344 0.376389
0 0.057422 0.705556 0.114844 0.586111
0 0.656250 0.729861 0.078125 0.309722
26 0.348047 0.913889 0.089844 0.166667
0 0.913281 0.472222 0.064062 0.155556
