26 0.755400 0.807900 0.064000 0.108900
26 0.668400 0.911100 0.093200 0.159000
0 0.612300 0.614700 0.165300 0.763900
0 0.893000 0.819200 0.101000 0.370300
0 0.196500 0.534500 0.254100 1.018200
0 0.771300 0.735000 0.110700 0.410100
0 0.036500 0.702900 0.067300 0.526500
0 0.350900 0.548200 0.078000 0.337800
0 0.912109 0.494444 0.085156 0.194444
26 0.031641 0.617361 0.063281 0.126389
26 0.791016 0.887500 0.091406 0.141667
0 0.647266 0.241667 0.047656 0.097222
0 0.678906 0.289583 0.054688 0.098611
0 0.455078 0.589583 0.210156 0.818056
26 0.246094 0.790278 0.185937 0.347222
