26 0.753000 0.806200 0.064300 0.107700
26 0.175900 0.918700 0.107800 0.161800
0 0.239900 0.643500 0.201700 0.750700
0 0.136500 0.678200 0.094500 0.523400
0 0.767100 0.739300 0.108800 0.417100
0 0.512200 0.700400 0.168600 0.650200
0 0.663700 0.789200 0.103800 0.397200
0 0.034700 0.764500 0.069200 0.448700
0 0.932800 0.711700 0.137900 0.594000
0 0.365000 0.515700 0.050900 0.145000
26 0.028516 0.849306 0.057031 0.154167
26 0.792969 0.893750 0.082813 0.145833
0 0.885547 0.484028 0.030469 0.173611
0 0.941406 0.485417 0.037500 0.165278
26 0.489062 0.659028 0.109375 0.220833
0 0.657031 0.243750 0.029687 0.104167
0 0.624219 0.206250 0.032812 0.104167
0 0.170312 0.840278 0.082813 0.269444
