26 0.520500 0.640000 0.101600 0.285400
26 0.210900 0.915700 0.110100 0.162100
0 0.134300 0.704400 0.107000 0.573600
0 0.286500 0.640400 0.170500 0.760900
0 0.668400 0.791900 0.096200 0.393900
0 0.767800 0.738300 0.105900 0.409300
0 0.542800 0.694500 0.148900 0.628400
0 0.921600 0.481700 0.155300 0.961100
0 0.202200 0.699000 0.078700 0.591800
26 0.035547 0.865278 0.071094 0.172222
26 0.793359 0.890278 0.091406 0.152778
0 0.881250 0.482639 0.021875 0.154167
0 0.937109 0.485417 0.038281 0.159722
0 0.366016 0.477083 0.027344 0.090278
26 0.750000 0.790972 0.062500 0.104167
0 0.192969 0.820139 0.089062 0.304167
0 0.661328 0.242361 0.032031 0.106944
0 0.622656 0.209028 0.034375 0.129167
