67 0.737900 0.698200 0.010000 0.018000
26 0.191500 0.669100 0.072400 0.365300
26 0.798300 0.807200 0.063500 0.102500
26 0.709000 0.832600 0.068300 0.109000
0 0.108400 0.610500 0.210700 0.794800
0 0.891800 0.645100 0.172700 0.686200
0 0.584600 0.696500 0.103400 0.622100
0 0.711300 0.794300 0.094100 0.389400
0 0.415000 0.521100 0.043000 0.147100
0 0.354100 0.510800 0.048300 0.172400
0 0.794300 0.796400 0.088300 0.392100
0 0.967969 0.641667 0.064062 0.266667
26 0.575000 0.816667 0.079687 0.155556
26 0.960547 0.892361 0.071094 0.212500
26 0.827344 0.890972 0.095312 0.140278
0 0.035937 0.430556 0.035937 0.108333
