26 0.754400 0.807600 0.065400 0.107100
26 0.274600 0.791000 0.192100 0.410900
0 0.211400 0.532200 0.265900 1.073200
0 0.881300 0.822800 0.093300 0.396600
0 0.769200 0.734000 0.109100 0.391900
0 0.470800 0.589400 0.228100 0.935400
0 0.610500 0.640600 0.141700 0.699100
0 0.037000 0.701600 0.069400 0.509400
0 0.670500 0.796000 0.091800 0.388200
0 0.918750 0.499306 0.087500 0.179167
26 0.028516 0.604167 0.050781 0.105556
26 0.786719 0.894444 0.085938 0.147222
0 0.644141 0.238889 0.036719 0.094444
0 0.676953 0.284028 0.038281 0.093056
0 0.348828 0.513194 0.105469 0.329167
26 0.646484 0.902778 0.069531 0.191667
