26 0.146600 0.605300 0.085000 0.237000
26 0.480000 0.843100 0.272000 0.308400
0 0.204300 0.679200 0.139200 0.646800
0 0.298000 0.702700 0.084300 0.610400
0 0.787800 0.572400 0.395000 0.887500
0 0.070900 0.695000 0.112100 0.727300
0 0.849400 0.391400 0.091600 0.209500
0 0.021300 0.701300 0.038200 0.616800
0 0.023500 0.476400 0.029100 0.061000
0 0.137000 0.520100 0.041000 0.130200
0 0.643400 0.426200 0.057900 0.103300
0 0.824609 0.281250 0.064844 0.187500
26 0.774219 0.726389 0.234375 0.544444
0 0.257422 0.675000 0.067969 0.638889
26 0.087500 0.604167 0.095312 0.252778
