26 0.712400 0.829000 0.102700 0.217400
26 0.832900 0.615200 0.070900 0.230900
26 0.462300 0.713000 0.028900 0.079300
0 0.207400 0.663000 0.181100 0.675200
0 0.881400 0.695300 0.154800 0.628200
0 0.349400 0.668600 0.140600 0.646200
0 0.544900 0.670100 0.143800 0.653200
0 0.260800 0.611500 0.074900 0.303500
0 0.750806 0.674989 0.067400 0.591800
0 0.091700 0.608600 0.028700 0.260700
0 0.708203 0.706250 0.097656 0.584722
0 0.614453 0.684722 0.099219 0.627778
0 0.427344 0.642361 0.048437 0.359722
0 0.463672 0.640278 0.042969 0.325000
0 0.132422 0.656250 0.041406 0.415278
26 0.489844 0.864583 0.056250 0.251389
26 0.358984 0.601389 0.096094 0.258333
26 0.781641 0.596528 0.053906 0.201389
26 0.566797 0.609722 0.078906 0.244444
