26 0.676400 0.830600 0.101700 0.214600
26 0.773000 0.618500 0.096300 0.257400
26 0.460900 0.868900 0.040700 0.262400
26 0.513000 0.613700 0.080200 0.304900
0 0.672200 0.711200 0.104700 0.675300
0 0.823600 0.695700 0.159000 0.602100
0 0.321600 0.670000 0.141000 0.633000
0 0.255800 0.491300 0.025300 0.055900
26 0.767969 0.565972 0.054688 0.145833
26 0.339063 0.600694 0.087500 0.245833
26 0.435547 0.698611 0.036719 0.111111
0 0.161719 0.613194 0.090625 0.323611
0 0.212109 0.686806 0.097656 0.590278
0 0.132031 0.650000 0.196875 0.697222
0 0.503516 0.657639 0.127344 0.679167
0 0.567187 0.682639 0.117188 0.634722
0 0.736719 0.684722 0.093750 0.613889
0 0.619922 0.420833 0.061719 0.172222
0 0.405469 0.639583 0.060938 0.365278
