26 0.261200 0.830800 0.097800 0.166200
0 0.355500 0.658900 0.173900 0.750900
0 0.792600 0.488000 0.285100 1.036000
0 0.132200 0.760400 0.094000 0.492500
0 0.273600 0.699900 0.089500 0.710400
0 0.068000 0.702700 0.097800 0.540300
0 0.161100 0.548400 0.066200 0.304000
26 0.158203 0.586806 0.053906 0.162500
26 0.931641 0.803472 0.136719 0.390278
0 0.696484 0.678472 0.091406 0.637500
26 0.681250 0.630556 0.085938 0.263889
26 0.107422 0.847917 0.086719 0.176389
26 0.331250 0.907639 0.079687 0.179167
0 0.661328 0.250000 0.028906 0.063889
0 0.629687 0.220139 0.042188 0.115278
0 0.462891 0.505556 0.032031 0.130556
