26 0.757400 0.807300 0.061300 0.104600
0 0.156494 0.538222 0.278700 1.003400
0 0.769100 0.710500 0.112400 0.399000
0 0.927200 0.820300 0.118800 0.402000
0 0.617100 0.641700 0.151300 0.752800
0 0.527300 0.735500 0.063900 0.383400
0 0.413000 0.592700 0.242900 0.915100
0 0.337100 0.551700 0.082300 0.310300
0 0.917400 0.492400 0.089200 0.178200
0 0.027734 0.737500 0.055469 0.463889
26 0.019922 0.606944 0.038281 0.102778
26 0.796484 0.897917 0.096094 0.154167
0 0.648047 0.242361 0.035156 0.076389
0 0.674219 0.293056 0.053125 0.094444
26 0.211328 0.787500 0.214844 0.411111
26 0.535937 0.840278 0.067188 0.122222
26 0.673828 0.894444 0.063281 0.208333
