26 0.320600 0.602500 0.073400 0.239200
26 0.455300 0.801900 0.101100 0.198500
26 0.574500 0.638300 0.075800 0.250300
0 0.361400 0.676200 0.142600 0.664600
0 0.612000 0.702100 0.135000 0.616300
0 0.082800 0.699800 0.117200 0.683900
0 0.727900 0.696400 0.161200 0.605400
0 0.193200 0.695900 0.152400 0.629200
0 0.920900 0.521200 0.178100 0.991300
0 0.271900 0.645200 0.066400 0.402000
0 0.509766 0.513194 0.039844 0.118056
0 0.603906 0.490972 0.131250 0.279167
0 0.475000 0.698611 0.098438 0.600000
0 0.041797 0.551389 0.044531 0.161111
26 0.091406 0.602083 0.098438 0.173611
26 0.200000 0.590278 0.089062 0.211111
26 0.294141 0.836111 0.046094 0.255556
26 0.780859 0.590972 0.049219 0.206944
26 0.931641 0.842361 0.136719 0.312500
