26 0.398200 0.797300 0.106500 0.191800
26 0.264000 0.606900 0.082300 0.252300
0 0.573600 0.702500 0.153800 0.573500
0 0.320900 0.664900 0.150400 0.664200
0 0.425500 0.694300 0.109900 0.541300
0 0.848200 0.508400 0.281400 1.052700
0 0.151700 0.695200 0.152200 0.632200
0 0.675100 0.671100 0.088100 0.538800
0 0.231100 0.669300 0.063200 0.479600
0 0.012400 0.606600 0.029000 0.268000
0 0.019600 0.510800 0.027200 0.053500
0 0.233800 0.769200 0.038600 0.154900
0 0.465200 0.521300 0.038300 0.117500
0 0.120300 0.463900 0.019700 0.031000
26 0.525781 0.638194 0.082813 0.259722
26 0.628906 0.550694 0.048437 0.220833
26 0.160547 0.571528 0.096094 0.198611
26 0.257422 0.839583 0.047656 0.223611
26 0.069922 0.596528 0.088281 0.187500
0 0.580078 0.430556 0.119531 0.194444
26 0.826172 0.856250 0.196094 0.284722
