26 0.417900 0.800900 0.099400 0.195200
26 0.289600 0.607100 0.076600 0.230500
0 0.336800 0.673900 0.144800 0.649600
0 0.588900 0.697500 0.139100 0.584700
0 0.444900 0.695000 0.108600 0.609000
0 0.068900 0.698000 0.117900 0.619900
0 0.881800 0.511600 0.232300 1.024100
0 0.162700 0.674800 0.144800 0.625900
0 0.708700 0.672000 0.140300 0.645800
0 0.020100 0.607900 0.038800 0.269800
0 0.243600 0.645100 0.071300 0.384400
0 0.487400 0.520100 0.036200 0.116000
26 0.075000 0.588194 0.082813 0.184722
26 0.178516 0.576389 0.082031 0.200000
26 0.272266 0.848611 0.049219 0.247222
0 0.574609 0.448611 0.096094 0.213889
26 0.542188 0.639583 0.070312 0.254167
26 0.894922 0.853472 0.202344 0.290278
