26 0.652400 0.788400 0.240300 0.425100
0 0.105800 0.698700 0.113500 0.558200
0 0.038300 0.703600 0.075900 0.589600
0 0.472600 0.505100 0.393400 0.968300
0 0.943700 0.668600 0.114700 0.755400
0 0.234000 0.763300 0.066600 0.407800
0 0.294200 0.739800 0.111100 0.514500
0 0.795300 0.584400 0.243900 0.939200
0 0.367500 0.524300 0.037500 0.161900
26 0.080078 0.588889 0.057031 0.166667
0 0.892969 0.459722 0.043750 0.111111
0 0.675000 0.285417 0.035937 0.120833
26 0.926562 0.604167 0.085938 0.230556
26 0.244922 0.863889 0.092969 0.197222
26 0.268359 0.827778 0.064844 0.144444
0 0.632031 0.231944 0.048437 0.119444
