26 0.640400 0.646000 0.108600 0.316600
26 0.168600 0.578200 0.044900 0.192300
26 0.246500 0.835500 0.072000 0.131000
26 0.752900 0.799100 0.052700 0.099800
0 0.341500 0.662400 0.170400 0.729400
0 0.667300 0.701600 0.179400 0.658500
0 0.843500 0.489300 0.268300 1.103500
0 0.110900 0.766300 0.089500 0.508500
0 0.172600 0.704500 0.077000 0.640000
0 0.069400 0.671600 0.087300 0.443700
0 0.268700 0.697900 0.084300 0.727800
0 0.777100 0.766300 0.173800 0.474000
26 0.952344 0.795139 0.095312 0.406944
26 0.091016 0.868056 0.092969 0.200000
26 0.307422 0.907639 0.080469 0.181944
0 0.662109 0.252083 0.025781 0.095833
0 0.630469 0.229167 0.037500 0.119444
0 0.468359 0.514583 0.033594 0.129167
