26 0.752300 0.804700 0.061800 0.110300
0 0.035000 0.699600 0.068700 0.549300
0 0.669600 0.799500 0.090400 0.405200
0 0.263200 0.518600 0.270000 1.049900
0 0.807700 0.800400 0.086800 0.395900
0 0.529100 0.586000 0.229900 0.902700
0 0.767200 0.704000 0.108200 0.337300
0 0.435400 0.608800 0.051300 0.172400
26 0.330859 0.796528 0.219531 0.404167
26 0.030859 0.576389 0.061719 0.138889
0 0.911328 0.481250 0.082031 0.168056
0 0.589453 0.381250 0.067969 0.215278
0 0.643359 0.240278 0.035156 0.077778
0 0.680859 0.290278 0.036719 0.094444
26 0.639063 0.887500 0.056250 0.222222
