26 0.770300 0.637000 0.120100 0.284500
26 0.659400 0.831600 0.099000 0.210100
26 0.448100 0.868500 0.043000 0.252900
0 0.535100 0.672100 0.138200 0.706100
0 0.790500 0.695900 0.150200 0.631200
0 0.400800 0.663300 0.069100 0.350300
0 0.200100 0.695900 0.110100 0.659600
0 0.666500 0.714000 0.120300 0.576800
0 0.321300 0.700200 0.108300 0.663100
0 0.486000 0.667700 0.103300 0.632200
0 0.241300 0.491900 0.026300 0.053600
0 0.610200 0.453300 0.038700 0.172600
0 0.728516 0.687500 0.097656 0.622222
0 0.129297 0.603472 0.108594 0.368056
0 0.087109 0.651389 0.158594 0.694444
26 0.319922 0.596528 0.077344 0.237500
26 0.435156 0.709028 0.035937 0.106944
26 0.505078 0.596528 0.074219 0.237500
