26 0.671400 0.911300 0.092700 0.160600
0 0.611800 0.614900 0.171500 0.768600
0 0.916600 0.821600 0.128800 0.351600
0 0.194100 0.533300 0.252700 1.026200
0 0.770500 0.735000 0.110600 0.404100
0 0.036100 0.702400 0.068800 0.545100
0 0.346600 0.548700 0.075000 0.331300
0 0.455100 0.596900 0.202100 0.916000
0 0.920313 0.493056 0.092188 0.197222
26 0.026563 0.611111 0.053125 0.108333
26 0.755078 0.787500 0.072656 0.141667
26 0.797266 0.881250 0.092969 0.179167
0 0.646875 0.247222 0.037500 0.091667
0 0.685156 0.292361 0.042188 0.101389
26 0.230469 0.786806 0.207813 0.340278
