26 0.611800 0.823200 0.109100 0.175700
26 0.449100 0.612000 0.075500 0.258600
26 0.711700 0.611100 0.082500 0.269400
26 0.268600 0.581900 0.101100 0.243200
0 0.486200 0.675000 0.152000 0.696000
0 0.612400 0.703200 0.128800 0.582500
0 0.738500 0.695400 0.144200 0.619800
0 0.368900 0.664700 0.075500 0.358200
0 0.150800 0.699900 0.144400 0.581200
0 0.266100 0.672700 0.153000 0.612300
0 0.071000 0.667100 0.061700 0.402700
0 0.025100 0.671300 0.046100 0.463000
0 0.978700 0.639800 0.046100 0.379200
0 0.044500 0.518700 0.037200 0.135900
0 0.047000 0.670400 0.059900 0.406700
0 0.618750 0.447222 0.117188 0.191667
26 0.070312 0.611111 0.059375 0.158333
26 0.151953 0.609722 0.099219 0.222222
26 0.407031 0.707639 0.028125 0.106944
26 0.411719 0.841667 0.046875 0.252778
0 0.489453 0.690278 0.122656 0.616667
0 0.705469 0.438889 0.051562 0.105556
