26 0.929100 0.646700 0.132800 0.388600
0 0.454900 0.507300 0.374000 0.969500
0 0.294600 0.718400 0.139300 0.604400
0 0.026100 0.704900 0.047300 0.595000
0 0.943700 0.665700 0.111800 0.551800
0 0.101562 0.712500 0.146875 0.572222
0 0.902344 0.475000 0.054688 0.144444
26 0.072266 0.588889 0.047656 0.172222
0 0.677734 0.281944 0.036719 0.113889
0 0.776953 0.579167 0.205469 0.841667
0 0.267578 0.629167 0.049219 0.225000
0 0.362891 0.472917 0.025781 0.098611
26 0.601562 0.795139 0.237500 0.406944
26 0.254687 0.851389 0.084375 0.166667
0 0.638672 0.234028 0.038281 0.112500
