26 0.753100 0.804800 0.064800 0.105200
26 0.199200 0.917300 0.109200 0.161900
26 0.494000 0.675000 0.085100 0.230300
0 0.271450 0.620544 0.177200 0.753500
0 0.665500 0.789900 0.102900 0.399200
0 0.525200 0.701400 0.180300 0.644900
0 0.766400 0.737700 0.109200 0.413200
0 0.038600 0.767100 0.075700 0.433100
0 0.192400 0.482100 0.045900 0.127100
0 0.366000 0.515800 0.046000 0.140700
0 0.917200 0.482900 0.171600 0.954300
0 0.941016 0.493750 0.039844 0.173611
0 0.169922 0.778472 0.077344 0.251389
0 0.135156 0.706944 0.107813 0.572222
0 0.883594 0.490278 0.023438 0.180556
26 0.032031 0.861111 0.064062 0.175000
26 0.787109 0.893750 0.091406 0.148611
0 0.656641 0.234028 0.033594 0.095833
0 0.620313 0.198611 0.040625 0.111111
