26 0.330400 0.797700 0.091900 0.184700
26 0.171100 0.605100 0.078100 0.245500
26 0.163700 0.826200 0.070200 0.218000
26 0.102100 0.584500 0.105000 0.203400
0 0.224500 0.678600 0.140000 0.691100
0 0.520900 0.508400 0.362500 0.978700
0 0.336300 0.705500 0.125000 0.585900
0 0.085100 0.700500 0.146200 0.603600
0 0.024100 0.699100 0.043900 0.635000
0 0.896600 0.420200 0.091100 0.215500
0 0.149400 0.476200 0.035700 0.059600
0 0.040400 0.466100 0.028800 0.049400
0 0.152900 0.519800 0.043400 0.144700
0 0.875000 0.294444 0.071875 0.319444
0 0.826953 0.552778 0.321094 0.894444
26 0.826953 0.726389 0.260156 0.544444
26 0.542188 0.868056 0.218750 0.261111
0 0.275781 0.674306 0.073437 0.648611
