26 0.415000 0.798800 0.102900 0.191900
26 0.289000 0.608300 0.077200 0.228700
0 0.332100 0.670800 0.153100 0.654600
0 0.580500 0.699700 0.135900 0.574800
0 0.067700 0.699100 0.115300 0.593200
0 0.443100 0.693900 0.100800 0.572300
0 0.881800 0.511500 0.229500 1.075700
0 0.701400 0.667800 0.113300 0.590600
0 0.170800 0.677100 0.096600 0.606900
0 0.237600 0.669500 0.069000 0.458100
0 0.018800 0.608800 0.035800 0.268500
0 0.034300 0.509400 0.026900 0.045400
0 0.483300 0.521000 0.035800 0.113500
26 0.539844 0.627778 0.076563 0.255556
26 0.266016 0.842361 0.042969 0.273611
26 0.176563 0.593056 0.095312 0.241667
26 0.077734 0.593056 0.094531 0.180556
0 0.591016 0.443750 0.119531 0.231944
26 0.875781 0.843056 0.234375 0.311111
