26 0.582781 0.642489 0.103000 0.267200
26 0.753500 0.806000 0.060200 0.107000
26 0.174400 0.581400 0.050500 0.187400
26 0.054600 0.861900 0.097900 0.199400
0 0.180200 0.696100 0.090300 0.578500
0 0.322100 0.653800 0.155700 0.707000
0 0.638200 0.667700 0.159700 0.700100
0 0.768000 0.738400 0.103100 0.426800
0 0.102600 0.734400 0.107900 0.658400
0 0.896400 0.513300 0.198000 1.035400
0 0.275100 0.427500 0.051900 0.085700
26 0.786719 0.890972 0.082813 0.154167
0 0.085938 0.770139 0.098438 0.456944
0 0.363281 0.472917 0.032812 0.084722
26 0.244141 0.821528 0.057031 0.120833
26 0.269141 0.910417 0.092969 0.176389
0 0.662500 0.247222 0.028125 0.088889
0 0.626953 0.215278 0.035156 0.100000
0 0.463672 0.506944 0.038281 0.127778
