26 0.696500 0.827200 0.109400 0.228200
26 0.547400 0.613800 0.087400 0.245700
26 0.823500 0.636100 0.079600 0.281600
26 0.455700 0.712000 0.026300 0.083700
0 0.430400 0.644200 0.064800 0.329600
0 0.585900 0.677800 0.136500 0.654200
0 0.235000 0.643800 0.085900 0.320100
0 0.270200 0.539500 0.032900 0.142800
0 0.518000 0.669500 0.110200 0.670900
0 0.089500 0.552700 0.031500 0.137400
0 0.126700 0.473700 0.039400 0.050800
0 0.744700 0.515900 0.080400 0.267500
26 0.774219 0.579167 0.048437 0.183333
26 0.475391 0.870833 0.052344 0.255556
26 0.348828 0.594444 0.092969 0.244444
0 0.700000 0.698611 0.106250 0.600000
0 0.869922 0.682639 0.132031 0.631944
0 0.181250 0.653472 0.187500 0.690278
0 0.237109 0.431944 0.057031 0.088889
0 0.339844 0.670139 0.117188 0.654167
