26 0.645100 0.644500 0.099500 0.314000
26 0.170000 0.577700 0.044200 0.188400
26 0.253600 0.850500 0.079900 0.137600
0 0.699000 0.699300 0.183500 0.631300
0 0.343100 0.662800 0.173700 0.762700
0 0.114900 0.767400 0.093200 0.462200
0 0.833900 0.489000 0.281500 1.046400
0 0.172900 0.703800 0.074800 0.626700
0 0.269600 0.699200 0.087500 0.734900
0 0.057100 0.670700 0.086600 0.446600
26 0.945703 0.779167 0.108594 0.438889
26 0.093750 0.866667 0.085938 0.166667
26 0.313281 0.903472 0.082813 0.190278
0 0.665234 0.247917 0.030469 0.081944
0 0.622266 0.218056 0.035156 0.119444
0 0.467578 0.484722 0.033594 0.102778
