26 0.401200 0.796100 0.100600 0.184200
26 0.266700 0.607800 0.074200 0.268800
0 0.576300 0.700000 0.149500 0.591000
0 0.321900 0.665500 0.152700 0.658000
0 0.852400 0.510300 0.276000 1.107800
0 0.428200 0.694600 0.112000 0.521400
0 0.154800 0.678600 0.148800 0.637700
0 0.679500 0.670100 0.096200 0.618400
0 0.013200 0.606100 0.032200 0.263400
0 0.232900 0.668900 0.059600 0.415100
0 0.022900 0.510700 0.026500 0.052800
26 0.527344 0.627083 0.071875 0.262500
26 0.629297 0.559722 0.042969 0.227778
26 0.257422 0.835417 0.050781 0.273611
26 0.162109 0.584028 0.102344 0.220833
26 0.068750 0.599306 0.103125 0.204167
0 0.577734 0.429167 0.110156 0.194444
0 0.470313 0.543750 0.070312 0.170833
26 0.837109 0.848611 0.183594 0.300000
