26 0.261700 0.831500 0.077000 0.135000
26 0.655700 0.788200 0.243900 0.417200
0 0.104700 0.696900 0.108400 0.536200
0 0.038200 0.702500 0.073800 0.573800
0 0.482200 0.483800 0.380100 0.950500
0 0.233200 0.760600 0.070000 0.406800
0 0.293400 0.736100 0.114000 0.498000
0 0.946900 0.668300 0.105100 0.679000
26 0.082031 0.587500 0.057813 0.169444
26 0.925391 0.597917 0.072656 0.243056
0 0.673828 0.277778 0.039844 0.113889
0 0.367188 0.510417 0.037500 0.143056
0 0.805859 0.559722 0.246094 0.863889
26 0.229297 0.859722 0.085156 0.163889
0 0.637109 0.237500 0.052344 0.127778
