26 0.395300 0.798300 0.108400 0.196700
26 0.266100 0.606100 0.080500 0.249700
0 0.307900 0.670100 0.134900 0.687100
0 0.054800 0.697200 0.102800 0.583700
0 0.427000 0.700900 0.127100 0.557500
0 0.842100 0.511000 0.274000 1.105300
0 0.146800 0.696000 0.152400 0.636200
0 0.670400 0.672500 0.087300 0.602700
0 0.227500 0.668500 0.060300 0.474600
0 0.011400 0.605900 0.027400 0.271600
0 0.606500 0.488400 0.092900 0.274000
0 0.229400 0.769800 0.036400 0.145800
0 0.462700 0.521900 0.037900 0.114400
0 0.119700 0.464600 0.020600 0.031900
26 0.633594 0.552083 0.054688 0.231944
26 0.521484 0.641667 0.074219 0.255556
26 0.250000 0.830556 0.054688 0.269444
26 0.161719 0.586111 0.087500 0.208333
26 0.060938 0.586111 0.095312 0.180556
0 0.566406 0.704861 0.118750 0.587500
26 0.811328 0.861111 0.200781 0.275000
