26 0.353600 0.601900 0.074000 0.239000
26 0.504500 0.821500 0.108900 0.161800
26 0.611100 0.614300 0.089200 0.260800
26 0.020600 0.610400 0.043900 0.163900
0 0.402000 0.672200 0.150400 0.659100
0 0.742300 0.704100 0.110800 0.604100
0 0.507600 0.706600 0.114600 0.701400
0 0.101800 0.703100 0.143100 0.583100
0 0.204100 0.677500 0.152500 0.641300
0 0.303100 0.668800 0.073000 0.394100
0 0.024400 0.669800 0.044300 0.419800
0 0.148100 0.491900 0.031100 0.061200
0 0.072500 0.544600 0.037700 0.151300
0 0.597266 0.470139 0.094531 0.262500
0 0.650000 0.694444 0.095312 0.591667
26 0.782031 0.586111 0.064062 0.194444
26 0.334766 0.828472 0.050781 0.284722
26 0.097656 0.625000 0.090625 0.222222
26 0.221875 0.598611 0.092188 0.222222
