56 0.725100 0.835000 0.057700 0.139800
56 0.933600 0.853700 0.044300 0.154400
56 0.770100 0.835000 0.049200 0.132400
56 0.977900 0.858300 0.047200 0.158500
32 0.480400 0.304900 0.036700 0.060500
0 0.861200 0.717700 0.172700 0.557900
0 0.613100 0.726300 0.158600 0.598700
0 0.398400 0.676500 0.240800 0.656100
0 0.271600 0.739800 0.097400 0.540600
0 0.589200 0.538200 0.252700 0.501700
0 0.510156 0.663889 0.084375 0.672222
32 0.725391 0.810417 0.032031 0.054167
32 0.690625 0.881944 0.028125 0.055556
