56 0.898800 0.711300 0.064900 0.154500
56 0.742400 0.698600 0.060200 0.152900
56 0.957900 0.710400 0.061700 0.156200
56 0.849500 0.701300 0.054600 0.149500
56 0.799900 0.700400 0.058800 0.141500
56 0.711100 0.698200 0.040300 0.142700
32 0.435800 0.131800 0.035600 0.071900
0 0.660500 0.671200 0.147300 0.582500
0 0.533500 0.653200 0.167500 0.706300
0 0.332700 0.642700 0.137100 0.602600
0 0.459900 0.641000 0.100500 0.653400
0 0.456200 0.328300 0.095600 0.237100
32 0.704687 0.663889 0.025000 0.055556
