56 0.428700 0.632900 0.052600 0.138000
56 0.383400 0.620700 0.055500 0.125600
56 0.456100 0.639100 0.055200 0.138100
0 0.284700 0.639800 0.201300 0.630100
0 0.916000 0.539800 0.052900 0.305900
0 0.785900 0.545300 0.176900 0.723700
0 0.545500 0.594600 0.149800 0.529600
0 0.632500 0.551800 0.069600 0.345000
0 0.505200 0.548600 0.080200 0.458900
32 0.229297 0.599306 0.024219 0.048611
32 0.192969 0.674306 0.026563 0.059722
32 0.166797 0.679861 0.028906 0.051389
32 0.645703 0.559722 0.035156 0.063889
