56 0.899900 0.714500 0.065600 0.160400
56 0.961400 0.713800 0.062800 0.158100
56 0.742100 0.707100 0.061400 0.148000
56 0.851400 0.707000 0.050900 0.148900
56 0.801900 0.705100 0.054500 0.141100
56 0.710600 0.703600 0.042000 0.143400
0 0.659900 0.667100 0.147900 0.581000
0 0.332600 0.644400 0.111300 0.597600
0 0.571100 0.639900 0.095300 0.680900
0 0.474300 0.664100 0.114300 0.620100
0 0.293900 0.642900 0.068200 0.552100
0 0.458984 0.338889 0.099219 0.316667
32 0.447656 0.166667 0.039062 0.080556
32 0.707031 0.668056 0.026563 0.047222
