56 0.912600 0.933400 0.061000 0.131400
56 0.757200 0.932400 0.062600 0.131700
56 0.712600 0.924900 0.035200 0.131500
56 0.964100 0.932800 0.051700 0.113100
56 0.864000 0.929400 0.038000 0.125500
0 0.647200 0.769500 0.118300 0.514000
0 0.808300 0.820900 0.104800 0.374600
0 0.494600 0.800500 0.110000 0.408200
0 0.242000 0.808700 0.113500 0.405500
0 0.573700 0.789600 0.069800 0.399100
0 0.990300 0.823500 0.020700 0.399300
32 0.709375 0.905556 0.029687 0.055556
32 0.458594 0.141667 0.045313 0.086111
