56 0.897700 0.707500 0.062900 0.152600
56 0.955100 0.706400 0.059800 0.154900
56 0.742100 0.697200 0.055700 0.150500
56 0.849500 0.698800 0.054600 0.148400
56 0.798300 0.697200 0.055100 0.133000
56 0.706800 0.680100 0.042400 0.144500
32 0.425200 0.087100 0.036200 0.071800
0 0.341400 0.605100 0.162300 0.640400
0 0.658300 0.667800 0.155800 0.568500
0 0.457700 0.639300 0.100100 0.667300
0 0.455400 0.300600 0.089900 0.256400
0 0.521094 0.656250 0.215625 0.681944
32 0.705469 0.659028 0.029687 0.056944
