56 0.960800 0.715600 0.061100 0.160900
56 0.901800 0.715600 0.058200 0.162500
56 0.855400 0.712600 0.055500 0.148400
56 0.708800 0.706300 0.046100 0.139700
56 0.741300 0.711100 0.067900 0.147600
56 0.803100 0.709400 0.054200 0.134500
0 0.655600 0.662000 0.154300 0.606700
0 0.290900 0.641300 0.067900 0.492400
0 0.334700 0.643900 0.110300 0.573100
0 0.471800 0.657700 0.133900 0.543000
0 0.464063 0.367361 0.092188 0.295833
0 0.580078 0.647917 0.161719 0.701389
32 0.457031 0.206944 0.042188 0.075000
32 0.710938 0.676389 0.031250 0.055556
