56 0.916300 0.923300 0.068800 0.140200
56 0.860500 0.922400 0.066200 0.144300
56 0.712600 0.914700 0.058400 0.148100
56 0.973900 0.923300 0.052400 0.146200
56 0.790400 0.923600 0.098200 0.161400
0 0.788500 0.804000 0.123800 0.417100
0 0.643400 0.759200 0.118700 0.501300
0 0.240400 0.799900 0.100800 0.423100
0 0.486719 0.799306 0.076563 0.398611
0 0.543359 0.784028 0.094531 0.426389
0 0.980469 0.783333 0.039062 0.361111
32 0.709375 0.882639 0.026563 0.054167
32 0.462109 0.140972 0.044531 0.084722
