56 0.915600 0.928200 0.060400 0.140600
56 0.710800 0.920200 0.045000 0.139600
56 0.860200 0.925200 0.058000 0.133700
56 0.964200 0.926500 0.057000 0.138200
56 0.734700 0.926500 0.060900 0.142300
32 0.460000 0.137800 0.033900 0.080400
0 0.799800 0.819900 0.115100 0.398900
0 0.240800 0.800900 0.101300 0.404600
0 0.647000 0.763400 0.112600 0.548300
0 0.986800 0.795300 0.026700 0.345200
0 0.490234 0.799306 0.094531 0.401389
0 0.556250 0.784722 0.096875 0.430556
32 0.710156 0.892361 0.029687 0.062500
