56 0.913500 0.928900 0.063500 0.138000
56 0.711700 0.922500 0.039300 0.135200
56 0.964200 0.928200 0.056700 0.136100
56 0.861400 0.927800 0.049400 0.129500
56 0.755600 0.928700 0.053600 0.137900
56 0.733700 0.927800 0.057400 0.139600
32 0.459800 0.137500 0.034700 0.080200
0 0.803500 0.819800 0.107100 0.386300
0 0.241200 0.804900 0.103800 0.423300
0 0.645600 0.762800 0.112200 0.551300
0 0.986900 0.797000 0.025800 0.362000
0 0.494531 0.805556 0.087500 0.388889
0 0.569922 0.786111 0.085156 0.425000
32 0.707812 0.900694 0.029687 0.059722
