chair 309 77 345 125
chair 347 76 395 126
chair 381 18 413 80
chair 323 7 355 59
chair 215 119 255 161
chair 273 138 315 184
chair 142 1 182 47
chair 286 103 320 159
chair 272 13 310 69
chair 245 97 265 147
chair 17 85 51 147
umbrella 329 117 415 199
umbrella 152 147 288 231
umbrella 29 29 131 81
person 134 151 164 233
person 237 1 265 35
person 195 0 225 40
person 26 79 66 139
person 369 208 397 238
chair 65 112 113 170
chair 285 0 317 38
chair 306 27 348 71
chair 361 57 403 103
chair 309 56 353 102
chair 108 81 146 141
chair 0 67 34 133
person 351 195 375 239
person 88 79 126 139
person 13 12 41 76
umbrella 0 13 20 65
