chair 274 138 316 184
chair 308 77 344 127
chair 330 11 354 51
chair 217 118 255 162
chair 382 18 412 80
chair 143 2 181 48
chair 118 85 144 145
chair 286 105 320 159
chair 313 32 345 78
chair 270 21 312 73
chair 63 91 107 169
chair 245 99 265 147
chair 1 77 27 111
umbrella 330 117 416 199
umbrella 154 147 286 231
umbrella 31 30 131 82
person 234 0 262 39
person 132 154 160 232
person 190 0 220 46
person 27 81 67 139
person 370 209 396 237
person 349 201 373 239
chair 282 0 320 42
chair 357 59 401 105
chair 352 89 402 133
chair 313 59 353 101
person 94 82 128 142
person 15 12 45 80
chair 17 102 55 148
umbrella 0 13 20 67
