chair 331 11 355 53
chair 308 77 344 127
chair 273 138 317 184
chair 344 71 396 129
chair 144 1 180 49
chair 382 19 412 79
chair 217 117 255 163
chair 119 84 145 144
chair 287 104 319 160
chair 64 93 108 169
chair 313 33 345 79
chair 272 14 310 68
chair 17 94 51 152
umbrella 153 146 285 232
umbrella 30 30 132 82
umbrella 330 116 416 200
person 187 0 217 48
person 130 153 162 233
person 234 0 262 41
person 370 209 396 237
person 28 81 66 139
person 350 200 374 238
person 93 79 121 109
chair 284 1 320 43
chair 310 60 350 102
chair 352 61 400 105
chair 236 96 280 148
chair 1 69 35 135
person 16 16 46 78
umbrella 0 13 22 71
