chair 118 87 146 143
chair 330 13 354 55
chair 146 5 182 59
chair 309 77 345 127
chair 383 17 413 81
chair 217 123 255 163
chair 288 105 320 159
chair 273 138 315 184
chair 349 84 397 128
chair 64 91 108 171
chair 16 92 54 154
chair 270 23 310 73
chair 313 32 345 80
umbrella 157 147 285 233
umbrella 329 118 415 200
umbrella 36 37 134 89
umbrella 0 9 21 59
person 126 155 152 237
person 187 1 217 55
person 230 0 260 46
person 370 209 394 237
person 349 200 373 238
chair 0 71 36 135
chair 281 1 317 45
chair 353 58 401 106
chair 308 58 352 106
chair 238 96 280 148
person 19 17 47 83
person 29 83 73 145
person 93 82 131 142
