chair 119 88 147 142
chair 303 81 341 131
chair 325 12 353 68
chair 274 138 316 182
chair 147 1 181 51
chair 217 124 255 164
chair 383 17 413 81
chair 287 105 319 159
chair 350 84 396 128
chair 270 23 310 73
chair 15 91 53 155
umbrella 157 145 285 233
umbrella 328 118 416 198
umbrella 36 37 134 89
person 126 157 152 237
person 231 0 259 47
person 188 1 216 55
person 351 200 373 238
person 371 209 395 237
chair 73 112 119 172
chair 0 70 38 136
chair 282 2 320 46
chair 309 33 347 73
chair 353 59 399 107
chair 306 61 354 103
chair 237 93 279 147
umbrella 0 13 26 71
person 91 82 131 142
person 29 82 73 144
person 22 18 48 76
