chair 119 88 147 142
chair 325 13 353 67
chair 303 81 341 131
chair 274 137 316 183
chair 145 7 181 59
chair 351 86 395 128
chair 217 125 255 163
chair 383 18 413 80
chair 287 105 319 159
chair 270 22 310 74
chair 28 84 68 148
umbrella 156 146 286 232
umbrella 328 117 416 199
umbrella 37 38 133 88
person 126 156 152 236
person 231 0 259 49
person 188 2 216 60
person 354 200 378 238
person 370 209 394 237
person 31 79 67 139
chair 0 72 36 136
chair 72 116 116 170
chair 280 2 318 48
chair 307 29 347 73
chair 306 60 346 104
chair 350 59 402 107
chair 237 98 277 144
umbrella 0 13 26 71
person 93 86 133 142
person 22 18 46 78
