chair 119 88 147 144
chair 145 3 183 51
chair 272 138 316 184
chair 218 125 256 165
chair 304 82 340 132
chair 324 15 354 67
chair 350 85 394 131
chair 384 24 412 86
chair 286 110 320 166
chair 269 24 311 74
chair 27 92 63 154
chair 290 8 312 44
umbrella 328 118 416 198
umbrella 157 146 287 232
umbrella 39 39 135 89
umbrella 0 16 23 64
person 120 159 150 237
person 230 0 256 53
person 189 1 215 61
person 353 200 377 238
person 370 209 394 237
person 34 86 74 144
chair 305 26 349 72
chair 310 59 346 103
chair 355 59 399 107
chair 238 97 282 151
chair 76 119 116 171
chair 0 73 36 135
person 92 88 132 142
person 21 19 49 81
