chair 119 89 147 143
chair 145 4 183 50
chair 218 125 256 165
chair 272 139 316 183
chair 304 83 340 131
chair 323 15 353 67
chair 384 25 412 87
chair 350 85 394 131
chair 270 23 310 75
chair 27 93 61 153
chair 286 109 320 167
umbrella 329 124 413 196
umbrella 157 146 287 232
umbrella 38 37 136 89
umbrella 0 17 22 63
umbrella 115 0 161 16
person 118 159 150 237
person 230 0 256 53
person 187 0 215 62
person 351 201 373 239
person 369 209 393 237
person 35 87 75 145
chair 75 112 117 172
chair 3 73 37 133
chair 286 5 318 49
chair 308 33 344 73
chair 355 61 397 109
chair 307 64 355 108
chair 239 98 277 150
person 23 21 49 87
person 94 87 132 141
