umbrella 116 0 162 16
chair 119 88 147 144
chair 145 3 183 51
chair 218 125 256 165
chair 304 83 340 133
chair 273 138 315 184
chair 318 14 352 70
chair 384 24 412 88
chair 352 85 394 131
chair 270 23 310 75
chair 26 93 60 153
chair 289 104 319 160
umbrella 156 146 286 232
umbrella 328 119 416 199
umbrella 39 39 135 89
umbrella 0 16 23 64
umbrella 0 1 64 19
person 116 159 150 237
person 229 1 255 53
person 187 0 215 62
person 351 201 373 239
person 370 209 394 237
person 36 88 76 144
chair 283 5 315 45
chair 308 34 346 76
chair 354 62 400 108
chair 306 61 352 109
chair 244 95 276 149
chair 76 119 116 173
chair 2 72 36 134
person 95 89 133 143
person 22 20 48 82
