umbrella 117 1 161 17
chair 119 89 147 143
chair 145 5 183 51
chair 273 138 315 184
chair 218 125 256 165
chair 304 82 340 132
chair 352 85 394 131
chair 324 15 352 67
chair 383 24 413 88
chair 26 94 60 152
chair 291 120 319 154
chair 271 22 309 76
umbrella 156 146 286 232
umbrella 330 125 414 197
umbrella 38 38 136 88
umbrella 0 18 23 64
umbrella 0 1 64 19
person 115 159 151 237
person 186 0 214 63
person 228 1 254 53
person 351 201 373 239
person 369 209 393 237
person 35 87 61 127
chair 285 4 317 44
chair 307 34 345 74
chair 356 64 400 110
chair 308 62 352 106
chair 240 97 278 147
chair 76 117 116 175
chair 3 74 37 134
person 94 88 132 142
person 23 22 49 82
