chair 360 77 396 125
chair 307 76 345 126
chair 214 120 252 160
chair 274 138 316 182
chair 142 1 182 47
chair 323 6 355 58
chair 382 17 412 79
chair 110 82 142 148
chair 287 103 321 159
chair 271 13 311 69
chair 12 95 50 151
chair 245 97 265 147
chair 0 71 18 117
umbrella 151 147 287 231
umbrella 329 117 415 199
umbrella 29 28 133 82
umbrella 0 11 15 55
person 135 149 163 233
person 238 1 266 33
person 197 1 227 37
person 27 79 65 139
chair 65 105 113 167
chair 284 0 318 40
chair 307 30 349 68
chair 303 59 355 101
chair 358 55 400 101
person 353 194 375 238
person 373 208 397 238
person 17 13 41 77
person 90 75 126 139
