chair 274 136 314 186
chair 127 94 149 140
chair 304 87 340 133
chair 330 20 352 62
chair 220 131 254 165
chair 350 84 392 132
chair 147 11 181 57
chair 292 121 318 157
chair 381 29 413 85
chair 11 90 35 126
chair 245 104 267 144
chair 312 40 344 86
chair 269 31 311 79
chair 81 117 117 173
chair 400 36 414 90
umbrella 328 128 414 196
umbrella 159 142 287 232
umbrella 44 40 136 90
umbrella 0 22 31 74
umbrella 0 0 73 20
person 224 0 250 62
person 184 3 208 66
person 110 162 154 240
person 349 202 371 238
person 39 90 77 144
chair 28 104 64 154
chair 284 9 316 53
chair 312 67 346 111
chair 355 65 395 111
person 25 25 55 85
person 97 92 137 146
person 371 211 393 239
