chair 274 137 314 185
chair 220 128 256 168
chair 122 91 150 145
chair 330 21 354 61
chair 349 83 393 133
chair 304 86 340 134
chair 146 10 182 58
chair 291 121 319 157
chair 11 90 35 126
chair 385 35 409 77
chair 76 104 118 172
chair 246 106 266 152
chair 400 37 414 89
chair 37 92 79 152
chair 269 33 311 79
umbrella 326 129 414 197
umbrella 158 144 288 232
umbrella 0 22 31 74
umbrella 44 41 136 91
umbrella 0 0 73 20
person 224 0 250 65
person 184 3 208 68
person 111 163 153 239
person 366 211 394 239
person 349 201 371 239
person 39 89 77 145
chair 286 8 320 48
chair 303 34 345 76
chair 311 64 349 110
chair 360 68 394 110
person 99 90 135 144
person 27 25 53 87
