chair 274 136 314 186
chair 122 94 150 150
chair 327 21 353 63
chair 348 82 392 134
chair 304 85 340 135
chair 148 11 182 59
chair 221 126 257 168
chair 290 122 318 156
chair 90 119 126 173
chair 400 36 414 90
chair 381 28 413 86
chair 8 84 34 118
chair 245 104 267 144
chair 34 114 60 148
chair 274 17 310 79
umbrella 327 128 415 198
umbrella 158 144 288 232
umbrella 0 23 32 73
umbrella 46 43 136 91
umbrella 0 1 73 21
person 224 2 248 67
person 183 2 209 69
person 109 163 147 239
person 365 213 393 239
person 350 202 370 238
person 40 90 78 144
chair 305 41 345 77
chair 285 11 319 51
chair 313 68 345 108
chair 355 67 395 115
person 99 92 137 148
person 27 27 55 89
