chair 273 137 313 187
chair 348 82 392 134
chair 121 95 151 149
chair 328 22 352 62
chair 221 137 255 167
chair 303 85 341 135
chair 290 121 318 157
chair 400 37 414 89
chair 148 9 182 59
chair 246 106 266 152
chair 384 35 408 77
chair 74 103 116 173
chair 17 92 39 124
chair 36 105 60 141
chair 269 31 311 81
chair 289 15 311 51
umbrella 158 144 288 232
umbrella 326 128 414 198
umbrella 0 25 33 73
umbrella 47 42 137 92
umbrella 0 1 75 21
person 224 1 248 68
person 179 2 207 73
person 109 167 147 239
person 39 93 75 147
person 365 213 393 239
person 350 202 370 238
chair 306 40 346 76
chair 308 67 346 109
chair 353 69 393 111
person 104 92 136 148
person 27 26 55 92
potted_plant 0 81 28 175
