chair 275 135 313 187
chair 123 95 151 151
chair 346 81 392 135
chair 222 136 256 168
chair 305 82 339 136
chair 285 116 319 174
chair 381 34 411 92
chair 34 114 60 148
chair 246 106 266 152
chair 400 45 414 95
chair 18 93 40 123
chair 149 21 173 59
umbrella 0 26 36 72
umbrella 326 127 416 211
umbrella 159 146 289 232
umbrella 47 45 139 93
umbrella 0 0 74 22
person 223 0 249 69
person 179 0 207 77
person 111 166 143 240
person 41 91 77 143
person 348 203 370 239
person 366 213 392 239
chair 309 43 343 79
chair 321 20 355 64
chair 286 13 316 53
chair 274 36 310 80
chair 100 0 136 40
chair 146 0 176 34
chair 315 70 345 112
chair 354 71 392 113
chair 84 128 126 174
person 103 94 137 148
person 405 208 415 238
person 31 26 57 92
potted_plant 0 82 28 172
