chair 274 136 314 188
chair 220 136 256 168
chair 327 25 351 69
chair 304 89 340 139
chair 123 95 151 151
chair 348 92 390 136
chair 286 115 320 175
chair 247 107 267 153
chair 400 47 414 95
chair 381 34 411 94
chair 19 94 41 124
chair 39 93 81 153
umbrella 0 27 36 71
umbrella 325 128 417 210
umbrella 159 142 289 232
umbrella 49 46 139 94
umbrella 0 0 75 22
person 179 1 207 77
person 222 0 248 71
person 110 166 140 240
person 348 203 370 239
person 40 90 78 144
person 366 213 392 239
chair 305 44 341 80
chair 355 67 393 113
chair 314 70 346 112
chair 284 14 318 56
chair 277 37 311 79
chair 82 125 126 173
chair 152 17 190 61
chair 151 1 183 41
chair 103 1 139 43
person 99 96 139 148
person 405 205 415 239
person 31 28 59 90
potted_plant 0 77 30 177
