chair 275 136 313 188
chair 304 89 340 139
chair 329 25 351 67
chair 348 93 390 137
chair 221 136 257 168
chair 129 100 151 146
chair 286 117 318 173
chair 246 108 266 152
chair 380 35 412 93
chair 400 47 414 95
chair 150 23 176 57
chair 36 114 60 148
chair 21 94 41 124
umbrella 0 29 36 71
umbrella 325 128 417 210
umbrella 48 47 138 95
umbrella 160 143 288 233
umbrella 0 1 75 23
person 180 3 206 77
person 222 0 248 73
person 111 165 137 241
person 41 93 81 153
person 366 214 392 238
person 348 204 370 238
chair 86 128 122 174
chair 103 1 133 41
chair 150 0 178 38
chair 276 36 310 80
chair 284 16 316 54
chair 308 43 340 79
chair 354 73 394 113
chair 314 72 348 114
person 104 96 140 148
person 405 206 415 238
person 29 30 59 94
potted_plant 0 85 30 179
