chair 349 94 389 138
chair 304 92 340 140
chair 273 145 313 189
chair 220 133 258 171
chair 331 28 353 68
chair 123 97 153 151
chair 290 128 318 162
chair 246 109 268 151
chair 399 44 415 98
chair 43 94 79 152
chair 21 98 45 132
chair 151 24 179 58
chair 154 2 178 22
chair 275 28 311 84
chair 378 40 410 100
umbrella 325 129 417 209
umbrella 0 30 37 78
umbrella 51 52 141 104
umbrella 165 159 285 237
umbrella 4 1 78 35
person 221 4 247 76
person 180 8 206 84
person 110 170 134 238
person 347 204 371 238
person 367 215 391 239
person 44 90 78 144
person 401 205 415 239
chair 86 131 124 179
chair 105 0 137 48
chair 283 17 315 59
chair 307 44 341 84
chair 311 75 349 117
chair 353 75 393 117
person 105 98 139 152
potted_plant 0 89 34 179
