chair 273 146 313 190
chair 328 29 352 71
chair 222 137 256 169
chair 348 94 388 138
chair 303 92 339 140
chair 247 110 267 150
chair 292 128 318 162
chair 136 99 154 147
chair 41 102 77 158
chair 399 43 415 97
chair 275 26 309 86
chair 22 99 46 131
chair 151 24 179 58
chair 379 39 411 99
umbrella 326 129 416 211
umbrella 0 32 38 78
umbrella 53 52 139 104
umbrella 164 158 286 238
umbrella 2 1 80 35
person 179 11 207 83
person 221 4 247 78
person 109 172 133 238
person 346 203 370 239
person 367 215 391 239
person 48 95 72 135
chair 305 46 341 84
chair 285 21 317 61
chair 355 75 393 117
chair 313 74 347 118
chair 86 126 126 176
chair 105 0 133 40
chair 154 0 178 40
person 104 97 142 151
person 403 208 415 238
person 38 34 60 88
potted_plant 81 7 111 37
potted_plant 0 85 36 177
