chair 273 148 313 190
chair 222 138 256 170
chair 331 29 351 71
chair 304 91 338 143
chair 350 91 390 139
chair 137 101 155 147
chair 247 111 269 149
chair 399 45 415 97
chair 111 3 135 31
chair 41 101 75 159
chair 292 129 318 163
chair 22 98 46 132
chair 93 122 127 182
chair 154 2 178 34
chair 290 24 312 58
umbrella 324 130 416 210
umbrella 0 34 40 78
umbrella 54 51 142 105
umbrella 165 159 287 237
umbrella 1 1 79 37
person 178 12 208 86
person 218 8 246 78
person 109 174 133 238
person 49 98 71 134
person 347 203 369 239
chair 372 38 408 88
chair 153 23 189 69
chair 309 48 341 86
chair 278 43 310 85
chair 352 76 392 118
chair 309 76 349 120
person 104 96 142 150
person 369 213 389 239
person 403 209 415 239
person 38 33 64 93
potted_plant 0 81 34 177
potted_plant 80 7 112 39
