chair 274 147 312 191
chair 303 91 337 143
chair 351 90 389 140
chair 222 138 256 170
chair 332 34 350 74
chair 137 102 155 148
chair 248 112 268 150
chair 41 104 79 158
chair 398 44 416 98
chair 23 100 49 132
chair 293 130 317 164
chair 316 51 340 91
chair 379 40 411 100
chair 111 6 135 32
umbrella 324 132 416 210
umbrella 0 34 40 80
umbrella 55 52 143 104
umbrella 165 161 287 237
umbrella 1 0 79 38
person 177 16 209 92
person 217 11 245 85
person 108 173 132 239
person 347 205 369 239
person 362 216 388 238
person 50 98 86 150
person 397 214 415 238
chair 276 43 308 85
chair 284 22 316 62
chair 355 80 391 120
chair 309 80 349 120
chair 91 133 129 177
chair 151 27 187 67
chair 150 0 182 44
person 106 96 144 156
person 37 34 65 96
potted_plant 0 87 36 179
potted_plant 82 8 112 40
