chair 223 143 257 175
chair 303 100 339 146
chair 274 153 312 195
chair 349 101 385 143
chair 137 109 159 153
chair 332 39 350 77
chair 376 49 394 91
chair 288 121 318 173
chair 396 48 416 96
chair 45 127 73 163
chair 248 117 268 159
chair 33 101 53 131
chair 280 52 304 88
chair 114 11 138 39
handbag 232 38 242 54
umbrella 327 140 413 208
umbrella 166 165 288 235
umbrella 0 42 46 84
umbrella 62 59 148 103
umbrella 1 0 81 40
person 181 31 211 105
person 107 173 131 241
person 213 25 241 97
person 361 218 387 238
person 54 102 92 158
person 398 214 416 238
person 345 205 367 239
chair 285 29 315 67
chair 304 52 334 94
chair 352 80 390 124
chair 308 82 348 124
chair 95 135 131 181
chair 155 8 187 42
chair 152 31 192 73
person 45 39 71 97
person 109 103 145 155
potted_plant 2 95 40 183
potted_plant 84 16 116 46
