potted_plant 3 79 43 185
chair 224 143 258 175
chair 273 152 313 196
chair 138 109 160 153
chair 304 101 338 147
chair 376 51 394 91
chair 350 100 386 144
chair 330 39 350 77
chair 291 137 317 169
chair 115 12 139 40
chair 396 49 416 95
chair 45 128 73 162
chair 161 10 181 42
chair 249 118 267 158
chair 279 53 303 89
chair 32 101 54 133
chair 105 128 137 180
handbag 233 44 241 56
umbrella 322 135 416 211
umbrella 0 43 48 85
umbrella 0 0 82 42
umbrella 63 59 147 103
umbrella 165 164 289 234
umbrella 104 0 196 8
person 181 33 211 107
person 213 24 241 98
person 107 176 131 240
person 361 218 387 238
person 54 103 92 159
person 398 214 416 238
chair 159 34 187 76
chair 286 29 312 71
chair 305 55 333 93
chair 352 82 390 126
chair 311 83 347 125
person 46 42 70 100
person 347 205 367 239
person 111 103 147 155
potted_plant 86 14 116 46
