potted_plant 5 70 45 186
chair 223 143 257 175
chair 272 153 312 195
chair 307 104 335 142
chair 329 41 349 83
chair 140 109 160 153
chair 162 12 184 54
chair 114 14 140 40
chair 375 52 393 92
chair 291 137 317 169
chair 396 56 416 100
chair 45 109 77 167
chair 248 119 268 157
chair 33 100 55 134
chair 162 30 184 68
handbag 232 44 240 56
umbrella 325 139 413 209
umbrella 2 0 84 42
umbrella 165 164 287 234
umbrella 0 42 49 86
umbrella 62 60 148 104
umbrella 102 1 198 9
person 182 32 210 110
person 213 28 239 98
person 106 177 130 239
person 362 218 386 238
person 397 215 415 239
person 345 205 367 239
chair 277 51 307 91
chair 307 57 339 95
chair 286 32 314 68
chair 349 109 389 145
chair 357 84 391 124
chair 311 83 345 125
chair 95 139 133 181
person 47 43 73 97
person 112 105 148 157
person 58 103 94 161
potted_plant 87 17 121 47
