chair 273 154 311 196
chair 223 145 257 177
chair 303 101 337 149
chair 330 41 350 83
chair 350 99 384 147
chair 291 138 317 170
chair 161 14 185 52
chair 140 111 160 153
chair 375 53 395 91
chair 369 52 401 106
chair 50 127 76 163
chair 162 38 186 74
chair 115 17 141 47
chair 397 55 415 101
chair 248 120 268 158
chair 107 141 133 179
chair 35 108 57 138
handbag 232 47 240 59
umbrella 327 141 413 209
umbrella 2 1 84 43
umbrella 63 62 147 106
umbrella 166 163 288 235
umbrella 0 43 49 87
umbrella 104 0 198 10
person 182 36 212 110
person 213 31 239 95
person 103 175 127 239
person 360 218 386 238
person 54 104 90 160
chair 348 88 388 126
chair 312 87 346 129
chair 303 60 345 94
chair 278 55 308 95
chair 287 34 315 74
person 48 44 72 102
person 117 106 149 160
person 349 207 367 239
person 401 213 415 239
potted_plant 8 92 46 186
potted_plant 90 17 120 51
