chair 302 106 336 152
chair 324 43 348 85
chair 140 115 162 159
chair 274 154 310 196
chair 225 146 257 178
chair 350 100 384 148
chair 374 57 394 97
chair 291 137 317 171
chair 395 56 415 102
chair 35 106 59 140
chair 159 21 191 75
chair 163 16 185 40
chair 54 128 80 164
chair 105 133 135 189
chair 248 120 268 158
chair 119 18 145 46
handbag 231 48 241 62
umbrella 325 142 413 210
umbrella 65 65 149 109
umbrella 3 3 83 43
umbrella 167 163 287 235
umbrella 2 48 52 90
person 184 39 212 115
person 213 35 237 103
person 102 176 128 238
person 57 105 91 159
person 47 62 67 110
person 361 218 385 238
chair 354 88 386 126
chair 312 86 346 132
chair 305 62 341 94
chair 276 57 310 93
chair 284 34 314 70
person 116 109 150 157
person 399 214 415 238
person 348 207 368 239
potted_plant 7 95 47 187
potted_plant 90 15 122 53
chair 1 137 19 187
umbrella 114 0 192 20
