chair 226 146 258 180
chair 303 107 337 153
chair 352 113 382 149
chair 142 115 162 161
chair 273 150 311 200
chair 375 58 395 98
chair 323 46 345 92
chair 395 56 415 102
chair 293 136 317 172
chair 163 20 185 48
chair 120 21 142 47
chair 248 124 268 166
chair 164 38 188 74
chair 107 134 137 188
chair 53 134 81 170
chair 36 110 60 138
handbag 231 55 239 67
umbrella 323 143 413 211
umbrella 65 68 151 118
umbrella 5 7 87 45
umbrella 168 164 288 234
umbrella 1 50 53 92
umbrella 105 2 193 42
person 183 45 211 115
person 212 41 236 113
person 99 184 129 238
person 61 112 101 164
person 124 106 146 138
person 397 216 415 238
person 359 219 385 239
chair 274 59 308 99
chair 285 39 313 73
chair 308 64 336 98
chair 354 87 388 129
chair 310 89 344 129
person 346 208 362 238
person 54 50 76 108
potted_plant 8 97 50 189
potted_plant 91 17 121 55
chair 0 138 24 192
