chair 353 113 383 149
chair 142 116 162 160
chair 274 152 310 200
chair 374 58 394 98
chair 324 46 346 92
chair 227 154 257 180
chair 304 107 338 153
chair 395 56 415 102
chair 293 135 317 173
chair 165 39 187 75
chair 163 21 185 47
chair 120 23 142 47
chair 54 117 86 173
chair 251 123 271 167
chair 107 134 137 188
chair 317 67 337 107
handbag 231 56 239 68
umbrella 322 143 414 211
umbrella 66 69 152 117
umbrella 6 7 86 45
umbrella 1 51 53 93
umbrella 167 164 289 234
umbrella 108 2 192 40
person 184 45 210 115
person 213 41 235 113
person 99 184 129 238
person 61 111 85 149
person 398 216 416 238
person 126 106 148 138
person 359 219 385 239
chair 283 60 309 96
chair 289 39 313 71
chair 354 87 388 127
chair 310 89 344 127
chair 33 98 63 150
person 56 52 78 106
person 347 208 363 238
potted_plant 7 99 49 187
potted_plant 91 15 125 55
chair 0 139 24 185
