chair 226 153 258 181
chair 324 49 348 91
chair 141 117 163 161
chair 354 113 382 151
chair 306 111 332 149
chair 275 153 311 201
chair 375 60 393 98
chair 120 24 144 54
chair 165 23 187 49
chair 252 124 270 168
chair 395 55 415 101
chair 39 113 61 147
chair 293 136 317 174
chair 55 118 89 172
chair 187 41 195 59
chair 164 45 186 79
umbrella 325 144 413 212
umbrella 7 7 87 47
umbrella 68 71 152 117
umbrella 1 52 53 92
umbrella 168 166 288 234
umbrella 110 2 192 40
person 184 48 210 120
person 212 45 236 115
person 98 186 128 238
chair 98 142 138 188
chair 278 61 310 99
chair 287 39 313 77
chair 310 68 338 100
chair 391 48 415 80
chair 349 92 389 128
chair 311 93 345 129
person 57 54 83 110
person 63 112 99 166
person 114 113 152 163
person 347 210 365 238
person 365 222 383 240
person 397 216 415 238
potted_plant 11 97 49 189
potted_plant 94 1 122 55
chair 0 141 34 193
