chair 324 55 346 99
chair 276 169 308 201
chair 227 154 257 186
chair 291 145 317 179
chair 374 67 394 105
chair 166 30 188 56
chair 306 119 334 155
chair 346 116 384 158
chair 123 31 149 65
chair 165 51 189 87
chair 60 136 86 172
chair 141 123 163 167
chair 394 70 414 116
chair 252 131 270 175
chair 114 157 136 193
chair 46 117 66 145
chair 282 69 302 103
handbag 229 72 239 82
umbrella 325 152 415 214
umbrella 13 16 95 56
umbrella 0 60 58 100
umbrella 74 76 154 120
umbrella 173 180 287 236
umbrella 118 2 196 44
person 184 59 210 137
person 211 56 235 126
person 102 189 124 241
person 66 119 104 171
person 361 227 385 239
person 405 144 415 156
person 397 222 415 238
person 344 217 366 239
chair 304 73 338 107
chair 288 43 314 85
chair 312 96 342 136
chair 349 97 387 133
person 121 121 153 169
person 62 61 84 115
potted_plant 12 102 58 194
potted_plant 97 0 129 66
chair 0 147 34 193
