chair 324 56 346 98
chair 227 155 257 187
chair 276 168 308 202
chair 305 118 333 156
chair 374 67 394 105
chair 167 30 189 56
chair 340 117 382 157
chair 291 143 317 179
chair 124 32 148 64
chair 166 51 190 87
chair 394 63 414 109
chair 60 135 86 171
chair 114 155 136 195
chair 252 131 270 175
chair 47 123 67 153
chair 134 119 164 173
chair 397 58 413 70
chair 281 69 303 105
umbrella 324 153 414 215
umbrella 0 60 58 100
umbrella 13 17 97 57
umbrella 73 77 155 119
umbrella 171 180 289 236
umbrella 118 0 196 44
person 185 63 209 137
person 213 57 235 127
person 101 189 123 241
person 397 222 415 238
person 405 145 415 157
person 66 120 102 172
person 361 227 385 239
chair 312 98 344 136
chair 349 97 387 143
chair 307 75 339 107
chair 287 47 315 87
person 122 120 156 172
person 60 60 86 118
person 345 215 365 239
potted_plant 16 102 56 194
potted_plant 91 1 127 63
chair 0 146 32 194
