chair 324 60 344 98
chair 274 162 310 206
chair 229 160 259 188
chair 304 113 336 163
chair 351 122 381 158
chair 168 33 190 61
chair 373 74 393 110
chair 293 143 317 181
chair 166 53 192 89
chair 115 153 135 197
chair 62 134 84 172
chair 252 132 270 174
chair 390 80 412 122
chair 126 35 148 63
chair 396 60 412 72
chair 139 123 161 169
handbag 187 85 195 107
umbrella 325 154 413 216
umbrella 0 63 59 107
umbrella 13 19 99 61
umbrella 74 80 156 120
umbrella 171 183 289 239
umbrella 119 1 197 45
umbrella 5 1 83 20
person 212 61 236 127
person 186 67 212 139
person 99 192 123 240
person 65 66 83 92
person 360 229 384 239
person 69 120 103 172
person 391 145 413 157
person 397 223 415 239
chair 279 69 307 109
chair 301 74 337 110
chair 285 51 317 85
chair 351 102 383 140
chair 311 102 343 138
chair 45 112 71 156
person 121 123 155 171
person 347 216 363 238
potted_plant 14 108 60 196
potted_plant 97 0 127 66
chair 0 147 36 195
