chair 323 61 345 99
chair 229 160 259 188
chair 275 161 311 207
chair 352 122 380 158
chair 151 124 167 170
chair 304 113 336 163
chair 168 34 190 62
chair 389 80 411 122
chair 373 73 393 111
chair 252 132 270 174
chair 63 133 85 173
chair 116 153 136 197
chair 166 54 190 88
chair 293 143 317 181
chair 126 37 148 73
chair 50 122 70 154
chair 396 60 412 72
handbag 188 85 196 107
umbrella 325 155 413 217
umbrella 0 64 60 106
umbrella 74 81 158 121
umbrella 13 20 99 60
umbrella 168 170 292 238
umbrella 120 1 198 45
umbrella 4 1 84 20
person 187 68 211 138
person 212 61 236 127
person 98 192 122 240
person 64 67 84 91
person 390 145 412 157
chair 287 55 313 85
chair 279 70 305 108
chair 308 78 334 108
chair 349 100 385 140
chair 315 101 343 139
person 122 121 154 171
person 70 122 110 174
person 347 216 361 238
person 395 223 415 239
person 362 227 382 239
potted_plant 17 106 61 196
potted_plant 96 0 128 68
chair 1 147 35 193
