chair 324 62 344 100
chair 278 174 310 206
chair 150 125 168 169
chair 228 160 260 188
chair 303 115 335 163
chair 352 122 380 158
chair 291 151 317 183
chair 167 35 189 61
chair 372 73 394 111
chair 395 63 411 75
chair 165 54 193 88
chair 252 133 270 173
chair 389 71 413 115
chair 126 37 150 73
chair 116 152 136 198
chair 64 133 84 173
handbag 228 78 236 90
umbrella 324 155 412 217
umbrella 75 82 157 122
umbrella 14 22 100 62
umbrella 1 66 63 106
umbrella 170 183 290 239
umbrella 5 1 85 20
umbrella 120 1 198 45
person 188 69 212 143
person 213 64 235 132
person 98 194 122 238
person 391 146 411 158
person 65 67 83 91
person 360 229 384 239
chair 47 118 77 160
chair 351 104 385 138
chair 314 104 344 142
chair 305 78 339 106
chair 275 73 307 111
chair 285 54 315 88
person 124 122 156 170
person 73 122 109 174
person 345 217 363 239
person 397 224 415 240
potted_plant 19 107 59 197
potted_plant 96 0 128 68
chair 3 150 35 196
