chair 324 61 344 105
chair 278 174 310 206
chair 229 161 259 189
chair 307 120 333 158
chair 151 127 169 169
chair 352 126 380 160
chair 67 126 101 178
chair 292 150 316 184
chair 127 39 151 71
chair 374 74 392 112
chair 252 135 270 173
chair 394 64 412 76
chair 168 37 190 61
chair 383 72 413 128
chair 48 122 72 154
chair 280 75 302 111
chair 174 55 196 87
handbag 187 88 195 110
handbag 228 82 236 94
umbrella 326 157 412 219
umbrella 15 24 101 70
umbrella 170 183 292 239
umbrella 77 82 157 122
umbrella 0 67 66 107
umbrella 7 1 81 22
umbrella 120 2 200 44
person 188 71 214 141
person 213 67 235 131
person 97 195 123 237
person 391 147 407 159
person 69 122 103 174
person 70 69 88 93
person 215 0 245 15
person 360 229 384 239
chair 290 56 316 88
chair 306 79 332 109
chair 351 106 381 140
chair 311 103 343 143
chair 110 155 144 193
person 346 220 364 238
person 391 223 415 239
person 122 123 158 173
potted_plant 21 108 63 198
potted_plant 94 1 128 71
chair 4 148 40 196
