chair 274 145 314 193
chair 303 98 337 146
chair 224 144 256 174
chair 350 88 386 142
chair 136 107 158 153
chair 162 7 182 45
chair 332 36 350 76
chair 293 127 317 165
chair 111 8 139 42
chair 42 112 76 164
chair 375 50 393 92
chair 248 115 268 159
chair 396 46 416 96
chair 31 99 51 133
chair 281 51 305 87
umbrella 323 135 417 211
umbrella 0 40 44 84
umbrella 58 55 146 103
umbrella 0 0 80 40
umbrella 164 163 288 235
umbrella 120 0 176 4
person 177 25 209 99
person 214 20 244 92
person 107 176 133 240
person 361 217 387 239
person 399 214 415 238
person 51 102 91 158
chair 93 135 131 179
chair 358 80 392 124
chair 313 79 347 121
chair 306 52 344 88
chair 284 28 318 64
chair 158 31 186 67
person 111 105 145 153
person 346 205 368 239
person 43 39 67 99
potted_plant 1 93 41 181
potted_plant 86 9 110 41
