chair 324 67 344 105
chair 277 175 309 209
chair 304 126 332 164
chair 229 163 259 193
chair 341 123 379 165
chair 130 44 150 68
chair 292 151 316 187
chair 154 131 170 173
chair 173 41 191 67
chair 173 60 197 96
chair 70 128 104 180
chair 252 139 270 181
chair 109 148 143 202
chair 386 90 410 128
chair 50 123 72 155
chair 372 78 390 110
umbrella 324 159 412 223
umbrella 171 185 291 239
umbrella 18 29 102 71
umbrella 80 86 158 132
umbrella 3 73 67 113
umbrella 121 5 203 69
umbrella 8 0 84 24
person 187 77 215 151
person 98 196 122 240
person 212 72 234 140
person 386 151 400 161
person 216 1 244 19
person 74 127 98 163
chair 280 79 306 113
chair 306 82 340 114
chair 289 58 309 90
chair 391 67 409 83
chair 350 110 380 146
chair 312 106 342 142
person 346 220 360 238
person 394 225 412 239
person 69 71 91 105
person 127 127 157 175
potted_plant 17 105 61 199
potted_plant 96 0 132 72
chair 7 153 41 199
