chair 324 68 344 106
chair 276 176 308 208
chair 305 125 331 163
chair 130 44 150 68
chair 341 123 379 165
chair 231 163 259 193
chair 154 131 170 173
chair 174 61 198 95
chair 169 42 191 68
chair 292 151 316 187
chair 70 141 94 179
chair 252 140 270 182
chair 371 79 391 121
chair 386 90 410 128
chair 101 140 145 198
handbag 227 90 235 102
umbrella 322 159 414 223
umbrella 18 29 102 71
umbrella 172 185 290 239
umbrella 81 86 159 132
umbrella 2 73 68 113
umbrella 127 5 199 63
umbrella 10 1 84 23
person 187 79 215 151
person 98 197 122 239
person 212 73 234 141
person 216 0 244 20
person 386 151 400 161
person 246 0 268 20
person 75 129 97 161
person 72 73 88 99
person 136 123 158 153
chair 280 80 306 112
chair 306 82 334 116
chair 288 60 314 92
chair 390 68 410 82
chair 347 109 381 143
chair 308 108 342 144
chair 50 120 76 168
person 345 221 361 239
person 392 225 412 239
potted_plant 18 108 64 200
potted_plant 98 0 134 75
chair 5 152 41 200
