potted_plant 106 53 132 85
potted_plant 74 0 146 81
chair 277 182 309 212
chair 324 72 344 112
chair 231 168 259 196
chair 176 66 202 102
chair 304 130 332 164
chair 154 135 170 173
chair 290 159 316 191
chair 338 123 376 167
chair 57 130 77 162
chair 73 142 97 180
chair 365 82 401 136
chair 134 48 156 76
chair 122 161 146 203
chair 388 74 412 98
chair 379 79 413 137
chair 174 48 192 76
chair 252 143 270 179
handbag 117 214 123 224
umbrella 321 162 415 224
umbrella 178 189 294 239
umbrella 82 90 162 134
umbrella 23 36 103 74
umbrella 1 78 69 114
umbrella 127 6 201 74
umbrella 16 2 92 34
person 187 88 217 160
person 97 201 123 239
person 216 0 244 26
person 245 0 269 26
person 211 80 233 140
person 399 0 415 36
person 374 153 386 165
person 83 130 105 162
chair 352 114 382 148
chair 308 88 336 120
chair 279 84 309 120
chair 287 65 311 91
chair 313 111 341 147
chair 8 155 42 199
person 346 222 360 238
person 392 227 406 239
person 72 77 92 123
person 129 135 161 179
potted_plant 22 116 66 202
