potted_plant 83 1 137 84
chair 278 182 308 212
chair 323 73 343 111
chair 176 67 200 103
chair 232 169 258 197
chair 155 135 171 173
chair 306 129 332 165
chair 290 159 316 191
chair 73 144 97 180
chair 58 131 78 161
chair 337 122 375 168
chair 366 82 400 136
chair 393 75 409 85
chair 386 77 412 109
chair 133 49 155 77
umbrella 321 162 415 224
umbrella 1 78 71 116
umbrella 179 191 293 239
umbrella 82 91 162 135
umbrella 25 37 103 73
umbrella 127 8 201 72
umbrella 17 3 91 33
person 188 90 218 160
person 96 202 124 238
person 217 0 245 26
person 211 81 233 139
person 245 0 269 26
person 401 0 415 36
person 374 153 386 165
person 79 130 111 180
chair 116 164 144 200
chair 9 157 47 201
chair 279 85 307 117
chair 290 65 314 97
chair 308 89 332 119
chair 383 99 411 135
chair 251 145 279 183
chair 354 114 380 150
chair 311 112 343 150
chair 168 46 194 84
person 346 222 360 238
person 392 227 408 239
person 72 78 94 132
person 129 135 161 181
potted_plant 27 116 65 202
