chair 323 78 343 118
chair 153 141 173 181
chair 177 70 203 106
chair 277 183 307 217
chair 305 136 331 172
chair 344 140 370 170
chair 233 170 263 200
chair 74 150 98 186
chair 134 56 158 84
chair 174 54 194 86
chair 292 159 316 195
chair 119 159 149 209
chair 62 138 80 168
chair 390 79 410 91
umbrella 321 170 413 230
umbrella 26 41 106 83
umbrella 1 82 77 122
umbrella 19 7 91 39
umbrella 83 96 165 136
umbrella 129 16 201 80
umbrella 177 193 295 239
person 193 99 219 167
person 95 205 123 239
person 215 0 247 33
person 248 1 268 34
person 212 86 232 158
person 397 0 415 40
person 83 137 107 169
chair 11 159 49 203
chair 288 71 314 99
chair 280 89 306 121
chair 305 95 335 125
chair 369 88 391 124
chair 382 105 408 137
chair 352 115 380 151
chair 310 120 342 152
chair 252 147 278 185
person 346 226 358 238
person 362 155 376 169
person 77 82 97 130
person 133 136 165 182
potted_plant 32 123 70 207
potted_plant 104 9 138 87
