truck 244 219 570 395
truck 0 352 106 484
car 1611 190 1719 276
car 219 590 449 698
car 1288 292 1416 374
car 1850 138 1924 208
car 61 623 125 699
person 1130 470 1168 566
person 1621 324 1653 398
person 1681 332 1715 402
person 322 228 358 296
person 62 806 100 922
person 678 196 708 268
person 152 292 186 366
person 851 147 879 207
person 1730 338 1758 382
person 751 674 783 746
person 173 892 221 948
person 1507 14 1525 46
person 104 821 144 921
person 1180 107 1200 155
person 781 676 819 732
person 1710 341 1730 389
person 927 165 945 195
truck 906 138 1086 250
person 1152 94 1174 152
person 1098 84 1120 156
