truck 225 256 569 438
truck 3 381 90 513
truck 905 196 1045 288
car 86 653 316 775
car 1787 183 1907 251
car 1197 341 1335 425
person 1116 505 1152 597
person 45 841 89 955
person 848 191 870 229
person 1701 375 1725 421
person 1477 46 1497 92
person 1652 365 1684 435
person 83 854 121 950
person 303 265 341 333
person 713 713 745 785
person 1600 360 1632 426
person 647 231 677 303
person 110 938 162 1000
person 741 715 789 779
person 101 333 129 403
person 1146 141 1164 187
person 1660 363 1676 387
person 1152 151 1170 195
person 1683 375 1703 425
person 1165 149 1183 195
person 1128 148 1144 192
person 1679 365 1693 387
car 1527 229 1649 327
person 1071 119 1095 187
