truck 227 251 575 441
truck 2 381 89 513
truck 896 195 1046 283
car 69 658 311 780
car 1784 190 1902 252
car 1197 343 1331 427
person 1117 505 1151 599
person 1475 50 1497 92
person 45 843 89 955
person 712 715 744 785
person 1649 367 1681 435
person 846 191 870 229
person 1601 361 1629 429
person 81 855 121 951
person 740 715 786 777
person 1702 377 1724 421
person 642 234 670 308
person 1151 147 1171 197
person 99 340 129 410
person 1659 365 1675 389
person 300 267 338 333
person 110 939 160 1001
person 1685 373 1705 427
person 1125 147 1143 193
person 1165 148 1183 198
car 1515 234 1637 328
person 1065 106 1093 182
