truck 200 277 558 451
truck 883 217 1045 313
truck 7 386 74 530
car 1099 384 1257 468
car 1734 217 1844 285
car 20 710 164 822
person 1585 377 1613 449
person 1100 524 1142 614
person 27 850 75 984
person 1622 393 1656 465
person 686 738 722 806
person 1464 67 1486 111
person 717 741 757 797
person 293 284 331 348
person 620 256 646 324
person 1117 168 1137 212
person 838 207 860 249
person 73 870 113 972
person 1138 169 1156 211
person 1448 66 1470 112
person 1655 381 1683 449
person 53 969 109 1037
person 1655 381 1675 415
person 1666 387 1698 443
person 1096 169 1114 211
person 1643 393 1677 457
car 1445 264 1567 370
