truck 199 281 545 459
car 1411 290 1533 380
truck 862 239 1018 315
car 1047 404 1209 486
car 1682 239 1804 303
car 1 755 63 843
person 1097 531 1137 623
person 19 869 65 977
person 62 881 104 981
person 1585 386 1617 470
person 290 292 324 356
person 1649 390 1683 460
person 1445 76 1467 118
person 665 754 703 818
person 1113 172 1135 224
person 1612 412 1650 472
person 681 750 733 816
person 604 269 632 333
person 1087 178 1105 218
person 836 205 864 277
person 838 208 858 248
person 1465 82 1481 114
truck 3 411 49 535
person 1040 143 1070 211
