truck 144 283 512 465
truck 867 232 1019 316
car 1410 289 1524 381
car 1041 407 1199 491
car 1674 238 1796 306
car 1 756 61 844
person 1097 530 1137 624
person 64 882 104 982
person 18 872 66 976
person 1584 388 1616 472
person 1651 392 1683 458
person 290 294 326 356
person 665 752 699 820
person 1611 412 1651 472
person 1447 79 1469 117
person 1111 173 1135 223
person 689 750 731 816
person 1086 179 1104 215
person 603 272 631 338
person 836 208 864 278
truck 1 410 59 540
person 1050 146 1074 218
