truck 138 287 520 467
car 1405 288 1519 382
car 1038 409 1192 493
car 1672 240 1794 308
car 0 758 50 846
person 1097 530 1137 626
person 596 272 632 338
person 62 879 104 983
person 662 755 700 821
person 1581 388 1615 472
person 1648 392 1680 458
person 17 872 67 976
person 1612 413 1650 473
person 690 751 732 815
person 1449 80 1469 126
person 1110 175 1134 223
person 290 294 324 358
person 1087 179 1103 217
person 1594 406 1628 478
person 839 227 857 265
person 1463 83 1483 123
person 839 227 865 295
truck 867 221 1041 309
truck 0 411 53 535
person 1045 144 1073 216
