truck 166 294 516 476
truck 860 239 1018 329
truck 9 404 46 562
car 983 431 1139 519
car 1637 258 1763 324
person 1097 538 1137 632
person 12 876 62 992
person 55 886 101 988
person 654 762 690 834
person 587 287 619 347
person 1444 87 1468 129
person 1575 395 1609 471
person 833 242 861 308
person 290 305 324 373
person 1106 191 1130 235
person 679 764 725 828
person 1642 393 1672 463
person 1081 195 1099 233
person 1616 427 1640 475
person 1647 432 1671 466
person 1051 166 1073 212
car 1354 314 1480 410
