truck 156 297 520 481
truck 848 241 1016 335
truck 7 401 48 559
car 950 441 1104 529
car 1620 266 1734 336
car 1337 323 1451 413
person 1099 539 1137 633
person 10 883 58 993
person 51 893 95 989
person 650 767 688 839
person 1443 88 1467 134
person 1641 400 1669 464
person 1578 405 1614 489
person 579 288 611 348
person 288 307 320 375
person 1901 320 1915 364
person 1087 195 1105 235
person 831 242 859 312
person 1105 196 1125 236
person 1613 437 1635 481
person 677 769 719 827
car 1410 9 1506 31
person 1065 184 1083 242
person 1035 159 1065 217
