truck 147 307 527 485
truck 842 247 1012 345
car 1589 282 1699 354
car 900 465 1062 553
car 1424 11 1500 31
person 1098 546 1138 640
person 633 777 669 851
person 7 891 61 991
person 1443 98 1465 142
person 1637 406 1667 476
person 1088 203 1112 251
person 1568 426 1600 504
person 564 293 600 361
person 46 901 88 997
person 1580 431 1620 497
person 661 780 701 834
person 286 309 320 379
person 1582 404 1610 446
person 821 263 839 317
person 1058 207 1074 239
car 1292 333 1412 429
person 1036 160 1064 224
