truck 146 309 522 485
truck 838 249 1008 345
car 1585 282 1697 356
car 897 464 1059 556
car 1422 13 1502 31
person 1098 545 1138 641
person 560 293 600 363
person 631 780 667 852
person 1446 100 1466 142
person 1567 430 1599 504
person 657 777 703 849
person 1083 197 1117 253
person 285 311 321 379
person 10 891 60 991
person 47 904 85 998
person 1582 433 1620 499
person 1638 406 1666 478
person 1582 403 1610 447
person 1058 206 1074 240
person 820 267 836 313
person 1424 99 1444 143
car 1286 337 1400 435
