truck 145 307 519 487
truck 840 251 1008 343
car 1579 282 1697 356
car 894 463 1046 559
car 1421 12 1501 32
person 1097 546 1139 642
person 564 295 598 365
person 630 783 666 851
person 1568 416 1600 508
person 1445 100 1467 142
person 820 267 838 317
person 656 779 702 847
person 48 905 86 999
person 10 891 62 1005
person 286 313 318 381
person 1086 203 1108 249
person 1577 404 1613 492
person 1637 407 1665 479
person 1422 99 1444 143
person 1583 405 1611 447
person 1572 410 1592 444
person 1064 208 1078 240
car 1283 337 1403 437
person 1033 170 1061 224
