truck 147 306 521 490
truck 842 257 1008 345
car 1570 293 1690 357
car 884 469 1042 565
car 1418 14 1500 34
person 1097 549 1139 643
person 560 300 596 366
person 287 318 317 382
person 1444 105 1466 141
person 1566 420 1600 508
person 1086 203 1110 255
person 45 907 83 1001
person 653 785 699 845
person 817 267 835 319
person 1639 411 1667 479
person 628 787 662 853
person 846 237 866 277
person 5 885 43 1015
person 1578 406 1610 492
person 1039 178 1069 244
person 1581 408 1607 450
person 10 897 60 983
car 1272 353 1390 439
