truck 155 301 527 493
car 1266 346 1390 440
car 873 472 1037 564
car 1568 295 1688 357
person 1098 550 1140 644
person 560 299 594 367
person 1077 200 1113 258
person 626 783 660 855
person 1565 415 1601 509
person 1445 105 1467 143
person 287 319 317 383
person 812 260 840 324
person 655 786 699 846
person 46 906 82 1000
person 5 886 45 1014
person 1639 410 1667 480
person 845 238 865 276
person 1577 407 1609 495
person 1039 178 1067 244
person 1423 102 1443 144
person 1058 208 1076 244
car 1404 13 1512 53
truck 831 243 1015 343
