truck 158 317 512 507
truck 843 265 995 355
car 808 504 968 594
car 1523 309 1647 381
car 1402 21 1492 53
person 1103 556 1143 646
person 291 323 319 395
person 806 274 830 336
person 620 796 652 864
person 1639 419 1671 485
person 1083 219 1105 263
person 848 244 870 280
person 555 316 587 378
person 1559 415 1601 507
person 1441 111 1465 151
person 1577 414 1609 486
person 3 899 43 1009
person 644 800 692 862
person 1556 447 1588 515
person 1423 110 1443 152
person 23 908 63 1006
person 1056 222 1070 258
person 1590 462 1612 500
car 1221 367 1341 467
person 1007 188 1033 242
person 1031 172 1063 236
