truck 162 323 506 507
truck 840 276 992 350
car 802 505 966 597
car 1520 311 1644 383
car 1401 21 1491 55
person 1102 557 1144 649
person 292 325 320 395
person 1083 220 1105 262
person 556 313 586 377
person 849 245 869 281
person 620 796 652 864
person 805 275 829 335
person 1444 111 1466 151
person 1638 416 1670 484
person 643 801 689 863
person 1553 448 1587 518
person 1421 109 1443 153
person 4 899 44 1009
person 1022 211 1036 247
person 1560 416 1602 508
person 1056 222 1072 258
person 22 907 62 1007
person 848 262 866 286
car 1214 369 1340 467
person 1624 444 1644 482
