truck 154 329 520 511
truck 847 272 997 358
car 767 518 931 612
car 1506 318 1626 386
car 1417 26 1493 50
person 1106 558 1146 650
person 290 327 326 395
person 548 316 578 378
person 4 898 38 1034
person 1447 115 1469 159
person 1079 224 1101 264
person 1643 421 1675 485
person 807 284 827 334
person 608 803 642 871
person 1621 456 1647 498
person 25 909 65 1019
person 1552 445 1584 521
person 1580 418 1608 482
person 1421 110 1443 152
person 1056 226 1076 262
person 1891 330 1919 398
person 853 246 869 280
person 1069 215 1105 271
person 641 804 683 862
person 1586 460 1608 506
car 1185 374 1311 476
person 1006 194 1042 250
person 1042 182 1064 230
