potted_plant 81 217 131 239
chair 206 181 224 211
chair 207 168 219 180
chair 312 186 330 214
umbrella 95 135 145 159
umbrella 102 161 154 189
umbrella 139 199 201 229
umbrella 175 142 227 166
umbrella 75 190 133 218
person 240 111 258 153
person 397 118 413 160
person 258 114 274 154
person 377 117 391 159
person 398 204 414 238
chair 176 169 192 187
chair 285 194 301 216
chair 290 181 304 195
chair 304 197 322 211
chair 306 213 322 227
chair 336 213 356 233
chair 302 228 322 238
chair 352 196 364 214
chair 361 204 377 228
chair 377 191 393 211
chair 362 185 378 197
person 137 227 153 239
person 168 229 194 239
person 134 189 150 219
potted_plant 155 132 177 190
