potted_plant 81 215 131 239
chair 206 182 224 212
chair 374 191 394 223
chair 312 186 330 214
chair 99 179 111 191
umbrella 94 136 146 164
umbrella 76 192 134 220
umbrella 140 203 200 233
umbrella 175 143 227 167
umbrella 103 163 153 189
person 259 115 275 157
person 240 112 258 156
person 376 120 392 162
person 396 119 412 161
person 398 206 414 238
chair 177 169 193 191
chair 204 168 224 184
chair 285 197 301 221
chair 290 182 304 198
chair 305 199 323 217
chair 307 215 321 227
chair 302 229 322 239
chair 338 219 354 237
chair 347 192 365 218
chair 360 208 378 228
chair 360 187 376 197
person 140 230 154 238
person 172 231 194 239
person 135 193 151 223
boat 148 0 396 12
potted_plant 158 134 180 192
