potted_plant 85 217 131 239
chair 208 184 226 214
umbrella 97 141 149 165
umbrella 142 204 200 234
umbrella 175 147 229 171
umbrella 79 195 135 221
umbrella 104 167 158 195
person 240 117 258 159
person 258 118 274 160
person 376 124 388 164
person 396 125 412 165
person 399 208 415 238
chair 207 172 221 188
chair 181 173 193 189
chair 284 199 300 221
chair 291 186 303 198
chair 306 202 320 220
chair 316 191 330 209
chair 308 217 320 233
chair 338 219 354 239
chair 349 199 361 217
chair 360 210 378 228
chair 378 197 390 217
chair 361 190 375 202
person 143 231 155 239
person 134 194 148 230
boat 154 0 404 16
potted_plant 158 137 182 197
