potted_plant 84 218 132 238
chair 208 184 226 214
umbrella 99 141 149 165
umbrella 143 204 199 234
umbrella 175 148 229 172
umbrella 104 167 158 195
umbrella 80 195 134 221
person 242 117 258 159
person 259 118 275 160
person 396 125 412 165
person 375 124 389 164
person 398 209 414 237
person 128 197 148 231
chair 206 173 224 185
chair 180 173 192 189
chair 285 200 303 220
chair 291 185 305 197
chair 307 205 323 221
chair 317 193 333 211
chair 306 219 324 231
chair 338 220 354 238
chair 349 198 361 216
chair 357 209 375 229
chair 377 196 389 218
chair 362 190 376 202
boat 154 0 408 16
potted_plant 159 136 183 196
