chair 209 184 227 216
umbrella 145 206 201 234
umbrella 99 143 149 165
umbrella 79 197 135 225
umbrella 107 169 157 195
umbrella 176 149 230 173
person 240 119 258 161
person 393 125 411 167
person 259 122 275 164
person 375 126 389 166
person 398 209 414 237
chair 207 175 227 195
chair 177 175 195 187
chair 284 200 300 224
chair 292 186 306 202
chair 303 206 323 222
chair 314 193 334 213
chair 307 221 323 235
chair 336 221 352 239
chair 349 201 361 219
chair 357 212 375 230
chair 362 193 376 203
chair 375 198 389 218
person 136 196 152 230
boat 157 0 405 16
potted_plant 90 223 128 239
potted_plant 159 140 183 196
