potted_plant 86 219 132 239
chair 208 184 226 216
umbrella 108 169 158 195
umbrella 144 207 200 235
umbrella 178 151 230 173
umbrella 100 144 150 166
umbrella 81 197 135 225
person 259 122 275 164
person 242 120 258 162
person 392 126 410 168
person 375 126 389 166
person 396 213 414 237
chair 179 176 197 198
chair 207 176 227 192
chair 285 204 303 224
chair 291 188 309 202
chair 316 192 332 212
chair 303 204 323 226
chair 307 221 321 235
chair 338 222 352 238
chair 348 201 362 219
chair 356 212 376 232
chair 378 199 388 219
chair 361 192 377 204
person 136 197 154 237
boat 156 1 408 19
potted_plant 158 138 182 198
