chair 208 190 224 218
umbrella 144 207 202 235
umbrella 177 151 231 173
umbrella 100 145 152 171
umbrella 107 170 159 196
umbrella 81 198 137 226
person 259 122 275 164
person 242 120 258 162
person 376 128 390 168
person 392 127 410 169
chair 180 177 196 199
chair 207 177 225 189
chair 284 204 302 224
chair 292 188 304 204
chair 305 206 319 224
chair 315 195 327 213
chair 307 220 319 234
chair 339 221 353 239
chair 360 214 376 234
chair 348 203 362 221
chair 362 194 374 204
chair 375 200 391 220
person 400 210 414 238
person 139 198 153 236
boat 159 0 411 18
potted_plant 93 221 129 239
potted_plant 157 139 185 199
