chair 209 192 227 220
umbrella 102 148 152 172
umbrella 179 154 231 178
umbrella 147 210 203 236
umbrella 110 173 160 197
umbrella 84 201 140 227
person 242 125 258 165
person 392 130 410 172
person 260 127 276 167
person 373 132 387 170
person 396 215 414 237
chair 181 181 193 197
chair 210 179 226 191
chair 283 207 299 223
chair 305 211 321 223
chair 315 196 331 214
chair 290 189 308 207
chair 306 225 322 239
chair 338 226 356 238
chair 357 218 371 234
chair 348 205 362 223
chair 361 196 377 208
chair 376 203 388 219
person 141 201 155 233
boat 163 0 413 28
potted_plant 162 140 186 200
