chair 209 191 227 221
umbrella 103 148 153 172
umbrella 148 210 204 236
umbrella 179 155 231 179
umbrella 110 173 160 197
umbrella 85 201 141 227
person 242 125 258 165
person 392 131 410 173
person 260 127 276 167
person 373 132 387 170
person 396 215 414 237
chair 208 177 226 197
chair 180 180 194 198
chair 284 205 302 227
chair 290 192 306 210
chair 311 196 335 218
chair 304 209 324 225
chair 306 225 326 237
chair 337 226 357 238
chair 358 217 372 235
chair 347 206 361 224
chair 362 198 376 208
chair 378 203 390 221
person 142 201 158 235
boat 165 1 415 31
potted_plant 162 142 186 204
