potted_plant 75 213 123 239
chair 206 175 224 205
chair 322 185 332 207
umbrella 91 129 145 157
umbrella 72 186 130 214
umbrella 98 156 152 182
umbrella 137 196 197 226
umbrella 172 138 226 158
person 258 107 274 149
person 399 112 413 154
person 381 111 393 155
person 238 106 252 150
person 399 200 415 238
person 375 231 397 239
person 226 235 238 239
person 137 226 153 240
chair 174 162 190 184
chair 203 161 221 177
chair 191 225 207 239
chair 286 194 302 212
chair 292 176 308 192
chair 306 197 324 213
chair 308 209 322 225
chair 300 226 322 238
chair 333 231 355 239
chair 340 214 358 232
chair 353 190 367 208
chair 360 202 380 220
chair 379 188 399 208
chair 363 182 379 192
chair 123 226 135 238
person 171 223 195 239
person 131 187 145 219
potted_plant 158 128 176 186
