handbag 402 150 410 158
umbrella 103 149 153 173
umbrella 110 174 160 198
umbrella 179 155 231 179
umbrella 149 210 203 236
umbrella 85 201 141 227
person 241 126 259 166
person 393 131 409 173
person 373 133 387 171
person 260 127 276 167
person 396 214 414 238
chair 181 182 197 200
chair 209 193 231 211
chair 209 179 229 193
chair 286 208 300 228
chair 290 191 306 209
chair 313 198 331 216
chair 309 209 321 225
chair 307 221 321 237
chair 335 226 349 238
chair 358 217 372 235
chair 348 204 360 220
chair 361 193 373 207
chair 374 203 390 219
person 142 200 156 234
boat 165 0 415 28
potted_plant 163 140 189 204
