chair 209 191 227 221
umbrella 103 151 153 173
umbrella 148 213 204 239
umbrella 110 176 162 202
umbrella 179 157 231 179
umbrella 86 203 142 227
person 391 132 409 174
person 372 133 388 173
person 242 127 260 167
person 261 129 275 167
chair 360 218 374 236
chair 349 204 363 230
chair 359 198 373 210
chair 374 205 388 223
chair 337 229 349 239
chair 308 227 320 239
chair 285 208 301 226
chair 290 190 304 208
chair 312 198 330 214
chair 303 207 321 225
chair 209 181 227 195
chair 181 183 199 203
person 398 214 412 238
person 143 201 155 235
boat 169 0 415 30
potted_plant 163 144 187 204
