umbrella 148 213 204 239
umbrella 112 175 162 203
umbrella 86 202 142 228
umbrella 104 151 154 173
umbrella 180 157 230 179
person 260 129 276 171
person 242 128 260 168
person 391 133 409 175
person 372 135 388 173
person 396 216 414 238
chair 360 220 374 238
chair 305 226 323 238
chair 335 227 351 239
chair 347 206 363 228
chair 359 197 375 211
chair 373 204 387 224
chair 314 199 330 219
chair 303 211 323 229
chair 285 207 301 225
chair 292 194 308 208
chair 181 181 199 201
chair 212 198 230 216
chair 210 182 226 198
person 144 203 156 235
boat 169 0 415 30
potted_plant 162 145 188 203
