chair 216 197 232 227
umbrella 150 217 206 239
umbrella 91 208 145 234
umbrella 182 164 232 186
umbrella 114 181 166 205
person 243 134 259 174
person 388 139 404 181
person 261 137 275 175
person 371 142 385 180
person 391 219 411 239
chair 184 188 200 202
chair 213 187 227 199
chair 287 214 301 228
chair 293 200 307 216
chair 316 205 328 221
chair 303 216 321 234
chair 345 211 357 233
chair 358 226 372 238
chair 359 204 373 216
chair 372 209 384 229
person 147 206 159 236
boat 175 0 415 44
potted_plant 163 149 193 207
umbrella 106 157 158 181
