umbrella 110 158 156 180
umbrella 151 218 207 240
umbrella 91 209 145 235
umbrella 115 182 165 210
umbrella 183 164 231 186
person 242 135 260 175
person 389 139 403 181
person 261 138 275 178
person 371 143 385 181
person 393 220 409 240
chair 186 191 198 209
chair 214 202 232 220
chair 212 187 228 199
chair 284 214 300 232
chair 292 200 302 210
chair 305 219 321 231
chair 312 205 328 221
chair 344 211 360 229
chair 357 223 373 237
chair 357 206 375 216
chair 374 211 386 227
person 144 206 160 232
boat 179 2 415 40
potted_plant 162 148 192 212
