umbrella 111 161 159 185
umbrella 152 220 208 240
umbrella 117 185 165 211
umbrella 93 211 145 235
umbrella 185 167 233 187
person 262 140 276 178
person 245 138 259 178
person 387 143 401 183
person 371 144 385 182
person 392 223 408 239
person 226 21 232 29
person 152 210 164 226
person 239 22 245 28
chair 0 92 8 110
chair 187 193 203 209
chair 214 191 228 203
chair 217 205 231 223
chair 284 217 302 235
chair 291 203 307 219
chair 305 220 321 234
chair 314 207 330 227
chair 347 214 359 230
chair 356 224 372 238
chair 358 207 372 217
chair 370 212 386 230
boat 187 5 415 43
potted_plant 166 154 196 212
