umbrella 113 162 159 186
umbrella 92 212 146 238
umbrella 119 186 167 210
umbrella 184 169 234 193
umbrella 152 221 208 239
person 262 142 276 180
person 244 139 260 179
person 387 147 401 185
person 370 146 382 184
person 391 223 407 239
chair 218 208 232 224
chair 214 192 226 204
chair 187 196 203 210
chair 286 217 300 235
chair 293 203 305 215
chair 307 223 319 233
chair 314 209 332 223
chair 346 215 356 233
chair 357 227 373 239
chair 357 208 371 218
chair 373 215 387 231
chair 0 93 8 113
person 150 211 166 229
boat 187 5 415 47
potted_plant 164 156 194 214
umbrella 0 47 46 81
