chair 216 203 234 235
umbrella 114 165 160 187
umbrella 95 215 147 239
umbrella 120 189 168 211
umbrella 186 171 234 193
umbrella 151 222 209 240
person 245 142 261 182
person 262 145 276 183
person 385 147 399 187
person 370 147 382 185
person 391 227 407 239
chair 0 94 14 124
chair 188 194 206 216
chair 215 195 229 207
chair 287 221 299 235
chair 293 206 307 218
chair 316 212 326 222
chair 306 223 322 235
chair 357 229 371 239
chair 345 218 359 234
chair 357 211 371 223
chair 372 216 384 230
person 151 210 163 228
boat 189 11 415 51
person 31 0 39 18
potted_plant 166 155 192 219
umbrella 0 55 48 85
