chair 217 204 233 234
umbrella 120 190 170 218
umbrella 96 216 148 240
umbrella 114 167 162 187
umbrella 187 173 233 193
umbrella 148 223 210 239
person 264 145 276 185
person 245 144 261 182
person 384 149 398 189
person 370 150 380 190
person 390 227 406 239
person 378 150 390 188
chair 190 195 202 215
chair 216 196 230 208
chair 291 207 301 219
chair 313 211 327 227
chair 287 222 301 238
chair 309 225 323 237
chair 346 221 356 231
chair 358 231 370 239
chair 357 213 369 221
chair 371 218 385 234
chair 0 99 14 119
person 151 211 163 229
boat 191 12 415 56
person 33 1 41 21
potted_plant 169 158 195 218
umbrella 0 55 50 85
