dining_table 240 767 370 897
chair 494 698 610 822
car 721 0 851 55
bicycle 1010 138 1062 186
person 1005 85 1069 177
person 1159 63 1203 133
person 225 480 323 634
person 136 719 292 951
person 497 588 545 666
person 551 652 645 798
person 121 918 261 1076
person 65 528 129 714
person 682 629 788 761
person 518 567 674 669
umbrella 628 467 1080 609
umbrella 549 361 943 489
chair 664 756 812 898
chair 145 819 275 941
chair 355 567 465 703
chair 15 961 79 1079
chair 129 966 203 1066
dining_table 8 843 148 1007
