chair 273 145 313 191
chair 304 97 338 145
chair 331 34 351 76
chair 223 139 255 171
chair 136 105 156 153
chair 291 129 317 165
chair 161 6 181 44
chair 41 112 75 164
chair 397 45 415 97
chair 112 7 138 41
chair 248 115 268 159
chair 25 98 49 132
chair 375 48 395 94
chair 280 46 302 82
umbrella 324 133 416 211
umbrella 56 54 146 104
umbrella 0 38 42 84
umbrella 163 163 287 235
umbrella 0 0 80 39
person 215 17 245 91
person 177 22 209 96
person 108 175 132 239
person 346 204 368 238
person 363 217 387 239
person 399 214 415 238
chair 90 131 128 179
chair 306 50 340 88
chair 285 25 317 73
chair 351 104 391 144
chair 355 76 393 122
chair 306 75 348 121
chair 155 30 189 68
person 51 99 91 157
person 109 102 143 154
person 40 40 66 94
potted_plant 0 91 38 179
potted_plant 85 8 113 40
