chair 223 143 257 175
chair 273 153 313 195
chair 304 100 338 146
chair 137 109 159 151
chair 334 37 350 77
chair 161 8 183 46
chair 43 112 75 164
chair 248 117 268 159
chair 376 49 394 93
chair 31 101 53 131
chair 294 126 318 166
chair 397 55 415 101
chair 113 9 139 41
handbag 234 39 242 53
umbrella 324 136 416 212
umbrella 0 42 46 82
umbrella 165 165 289 235
umbrella 1 0 79 41
umbrella 59 56 145 102
person 181 26 211 106
person 213 24 243 92
person 107 174 131 240
person 362 217 386 239
person 54 101 92 159
person 121 99 145 133
person 398 214 416 238
chair 348 106 390 146
chair 355 83 391 123
chair 310 83 348 125
chair 304 54 340 90
chair 276 52 310 88
chair 283 30 313 60
chair 94 137 130 181
chair 157 29 187 69
person 347 205 367 239
person 45 39 69 99
potted_plant 0 91 42 181
potted_plant 85 15 115 45
