chair 223 143 257 175
chair 348 101 386 143
chair 273 153 313 195
chair 304 100 338 146
chair 137 108 159 152
chair 334 37 350 77
chair 376 49 396 91
chair 161 9 183 45
chair 47 120 73 158
chair 288 119 318 173
chair 248 117 268 159
chair 31 101 53 131
chair 114 10 138 40
chair 397 57 415 99
chair 280 52 304 88
handbag 233 38 241 54
umbrella 326 140 412 208
umbrella 0 41 46 83
umbrella 2 0 80 40
umbrella 59 57 145 103
umbrella 165 165 287 235
person 106 174 132 240
person 181 27 211 105
person 214 24 242 92
person 55 103 91 159
person 361 217 387 239
person 398 214 416 238
chair 91 136 129 178
chair 155 31 187 69
chair 287 29 313 67
chair 302 53 340 93
chair 352 81 388 121
chair 311 82 347 122
person 111 103 145 155
person 347 205 367 239
person 44 39 70 97
potted_plant 1 92 41 182
potted_plant 86 14 114 48
