potted_plant 6 78 44 184
chair 224 143 258 175
chair 273 152 313 196
chair 140 110 160 152
chair 304 101 338 147
chair 350 100 386 144
chair 376 51 394 91
chair 323 40 347 84
chair 161 11 183 41
chair 291 136 317 168
chair 115 13 139 39
chair 396 56 416 100
chair 47 121 71 157
chair 33 106 55 140
chair 317 59 339 99
chair 105 135 137 181
chair 248 119 268 157
chair 280 53 304 89
handbag 233 44 241 56
umbrella 322 136 416 212
umbrella 1 0 83 42
umbrella 0 42 47 86
umbrella 166 165 288 235
umbrella 63 60 147 104
umbrella 105 0 195 8
person 182 32 210 108
person 213 26 241 98
person 106 174 130 240
person 361 218 387 238
person 398 214 416 238
person 53 102 91 160
person 345 205 367 239
chair 286 30 314 68
chair 313 84 347 122
chair 351 82 391 126
chair 154 33 188 75
person 47 44 73 98
person 113 103 147 155
potted_plant 88 17 116 45
