chair 223 144 257 176
chair 273 153 313 197
chair 330 41 350 83
chair 303 100 337 148
chair 140 110 160 152
chair 162 13 184 53
chair 291 137 317 169
chair 375 52 395 90
chair 350 99 384 145
chair 115 14 139 40
chair 397 55 415 101
chair 158 22 188 74
chair 52 109 88 167
chair 248 119 268 157
chair 34 101 56 133
chair 105 134 137 184
handbag 231 43 241 59
umbrella 326 140 414 208
umbrella 2 0 84 42
umbrella 0 43 49 87
umbrella 166 163 286 235
umbrella 62 61 148 103
umbrella 105 1 197 9
person 182 34 212 110
person 213 30 239 94
person 106 177 130 239
person 360 218 386 238
person 397 215 415 239
person 55 102 89 160
person 345 205 367 239
person 123 101 145 133
chair 305 59 339 91
chair 276 54 306 90
chair 287 32 311 68
chair 314 85 344 125
chair 354 86 386 124
person 50 44 74 102
potted_plant 5 90 45 184
potted_plant 89 16 115 50
