chair 274 154 312 196
chair 303 101 337 149
chair 225 145 257 177
chair 324 42 348 84
chair 139 114 161 158
chair 350 100 384 148
chair 292 138 318 170
chair 162 16 186 50
chair 376 54 394 92
chair 162 38 186 74
chair 118 17 144 45
chair 396 55 416 101
chair 248 120 268 158
chair 36 106 58 140
chair 108 141 132 181
chair 50 127 76 163
handbag 232 48 240 60
umbrella 325 141 413 209
umbrella 63 64 149 106
umbrella 3 2 83 42
umbrella 0 43 51 87
umbrella 167 163 287 235
umbrella 106 0 196 10
person 183 37 213 109
person 214 34 238 102
person 103 177 127 239
person 55 104 91 160
person 361 217 385 239
person 59 106 83 140
chair 309 62 335 96
chair 280 55 310 93
chair 288 32 314 70
chair 351 87 389 129
chair 312 88 350 128
person 115 107 147 159
person 51 46 77 102
person 399 213 415 239
person 346 207 368 239
potted_plant 7 92 45 186
potted_plant 90 16 120 52
chair 1 140 19 186
