chair 226 152 258 182
chair 324 49 348 91
chair 141 117 163 161
chair 375 60 395 98
chair 303 108 337 154
chair 277 166 309 198
chair 354 113 382 151
chair 121 24 145 54
chair 165 22 187 48
chair 55 119 89 171
chair 291 143 317 177
chair 252 124 270 168
chair 166 45 188 79
chair 395 54 415 102
chair 105 134 137 190
chair 39 114 61 146
umbrella 324 144 414 212
umbrella 67 71 153 117
umbrella 7 8 89 56
umbrella 1 53 53 93
umbrella 167 165 289 235
umbrella 110 1 192 41
person 183 49 209 121
person 97 185 129 239
person 213 47 235 119
person 63 112 99 166
person 397 217 415 239
person 126 110 148 138
chair 278 61 308 101
chair 303 65 337 99
chair 287 38 311 66
chair 353 94 387 130
chair 311 92 345 132
person 56 54 82 110
person 348 211 364 239
person 364 219 382 239
potted_plant 10 99 50 189
potted_plant 93 1 127 57
chair 0 141 28 191
