chair 226 152 258 184
chair 324 53 346 91
chair 273 161 311 203
chair 306 114 334 150
chair 141 122 165 166
chair 373 66 395 104
chair 336 108 380 156
chair 291 143 317 177
chair 164 45 190 81
chair 43 115 65 145
chair 395 64 415 108
chair 165 25 187 55
chair 123 29 145 55
chair 58 135 84 171
handbag 232 67 238 77
umbrella 325 148 415 214
umbrella 14 14 92 54
umbrella 0 56 56 98
umbrella 70 73 154 117
umbrella 170 168 290 236
umbrella 112 2 192 40
person 182 54 210 128
person 211 51 235 119
person 99 188 127 240
person 41 64 73 122
person 395 218 415 238
chair 101 141 137 185
chair 247 128 279 164
chair 353 96 385 132
chair 313 95 349 131
chair 308 70 338 102
chair 277 64 313 102
chair 283 46 315 82
person 347 211 363 239
person 363 223 383 239
person 119 117 155 165
potted_plant 10 102 54 192
potted_plant 93 0 127 60
chair 0 140 30 192
