chair 276 169 308 201
chair 227 155 257 185
chair 324 56 346 98
chair 303 114 337 160
chair 123 31 149 65
chair 353 120 381 154
chair 374 67 392 105
chair 291 144 317 178
chair 165 29 189 65
chair 141 123 165 167
chair 60 137 86 171
chair 394 71 414 115
chair 165 46 189 82
chair 252 132 270 174
chair 48 118 66 144
chair 398 56 414 68
chair 106 141 136 197
handbag 232 71 238 81
umbrella 325 153 415 213
umbrella 0 59 58 99
umbrella 12 16 96 56
umbrella 173 179 287 237
umbrella 74 76 154 120
umbrella 118 2 196 42
person 184 60 210 132
person 212 56 236 126
person 102 189 124 241
person 68 115 102 165
person 361 227 385 239
person 398 222 414 238
person 407 141 415 155
chair 358 99 384 135
chair 314 99 342 137
chair 307 73 337 107
chair 279 65 311 105
chair 286 44 316 84
person 347 214 363 238
person 122 120 154 168
person 58 61 86 113
potted_plant 13 99 59 193
potted_plant 94 0 128 64
chair 0 149 38 197
