chair 324 57 346 97
chair 274 161 310 205
chair 228 154 258 186
chair 166 30 190 56
chair 306 118 332 156
chair 346 117 384 159
chair 375 69 393 105
chair 291 143 317 179
chair 61 135 85 171
chair 125 33 149 63
chair 166 52 192 88
chair 252 131 270 175
chair 394 62 414 110
chair 116 154 136 196
chair 46 117 66 145
chair 133 120 163 174
chair 397 59 413 71
umbrella 325 154 415 214
umbrella 0 60 58 100
umbrella 12 17 98 57
umbrella 73 78 155 120
umbrella 173 180 287 236
umbrella 119 0 197 44
person 186 63 210 137
person 213 58 235 126
person 100 190 124 240
person 64 64 82 90
person 67 121 103 171
person 397 222 415 238
person 361 227 383 239
chair 279 67 309 107
chair 307 72 339 108
chair 288 47 314 87
chair 350 100 390 142
chair 310 100 344 136
person 118 120 156 170
person 346 214 364 238
person 403 142 415 156
potted_plant 14 103 58 193
potted_plant 96 1 128 63
chair 0 144 34 192
