chair 325 58 345 98
chair 274 162 308 206
chair 227 156 257 186
chair 303 113 335 163
chair 351 106 381 158
chair 293 142 317 180
chair 374 69 392 105
chair 166 32 190 62
chair 166 52 192 88
chair 397 60 413 72
chair 134 120 164 174
chair 46 117 70 147
chair 389 79 411 123
chair 116 154 136 196
chair 126 34 150 64
chair 63 134 85 172
handbag 231 76 237 86
umbrella 324 154 414 214
umbrella 0 62 59 106
umbrella 73 79 155 121
umbrella 12 18 98 58
umbrella 173 179 287 237
umbrella 119 1 197 45
person 186 66 210 138
person 212 59 236 125
person 99 190 123 240
person 62 65 82 91
person 397 223 415 239
person 361 227 383 239
chair 287 51 315 87
chair 280 70 306 106
chair 306 79 336 109
chair 314 100 342 134
chair 345 122 385 156
chair 249 130 279 170
person 123 121 155 173
person 345 215 363 239
person 71 121 107 173
person 401 144 415 156
potted_plant 11 107 59 195
potted_plant 96 1 128 65
chair 0 145 32 199
