chair 324 60 344 98
chair 276 173 308 205
chair 352 122 380 158
chair 229 161 259 187
chair 293 143 317 181
chair 375 69 393 105
chair 307 118 331 156
chair 125 35 149 63
chair 390 80 412 122
chair 62 135 84 171
chair 167 32 189 62
chair 396 60 412 72
chair 46 117 68 147
chair 252 132 270 174
chair 116 153 136 197
chair 133 120 163 174
handbag 231 76 237 86
umbrella 324 153 414 215
umbrella 0 63 59 105
umbrella 13 19 99 59
umbrella 74 80 156 120
umbrella 167 170 291 238
umbrella 118 1 198 45
person 212 60 236 126
person 186 65 212 139
person 99 191 123 241
person 393 145 415 157
person 63 65 83 91
person 361 229 383 239
person 397 223 415 239
person 68 120 104 172
chair 164 45 198 87
chair 350 101 384 137
chair 314 100 344 138
chair 308 76 338 108
chair 278 70 310 108
chair 287 52 313 88
person 120 121 154 173
person 345 216 363 238
potted_plant 13 108 57 196
potted_plant 95 0 131 68
chair 0 146 34 196
