chair 323 62 345 104
chair 278 174 308 206
chair 229 162 259 190
chair 306 121 334 159
chair 352 126 380 160
chair 152 127 168 169
chair 292 152 316 184
chair 374 73 392 113
chair 394 64 412 76
chair 385 72 413 128
chair 127 39 151 71
chair 166 59 188 95
chair 252 135 270 173
chair 67 143 93 177
chair 281 75 301 111
chair 176 55 196 87
chair 50 124 72 152
handbag 228 82 236 94
umbrella 325 157 413 219
umbrella 169 183 293 239
umbrella 15 25 101 69
umbrella 78 83 158 133
umbrella 8 0 82 23
umbrella 1 66 65 108
umbrella 120 1 200 43
person 188 72 214 140
person 213 67 235 131
person 97 195 123 237
person 392 148 406 160
person 70 123 104 173
person 360 229 386 239
person 386 227 414 239
person 64 71 84 97
person 212 0 266 16
chair 165 37 193 75
chair 111 150 141 192
chair 350 106 382 138
chair 313 106 343 142
chair 305 79 339 113
chair 288 54 314 88
person 345 220 363 238
person 124 124 156 174
potted_plant 20 107 60 197
potted_plant 95 1 131 73
chair 3 150 39 198
