chair 347 75 395 127
chair 274 138 316 184
chair 309 77 345 125
chair 330 10 354 52
chair 217 118 255 162
chair 143 2 181 48
chair 383 17 413 81
chair 287 105 321 159
chair 109 83 141 147
chair 245 99 265 147
chair 269 20 313 74
chair 312 32 344 78
chair 62 93 106 167
chair 16 95 50 151
umbrella 153 146 285 232
umbrella 329 119 415 199
umbrella 30 31 132 81
person 134 153 160 233
person 192 0 220 42
person 235 0 263 38
person 27 79 67 139
person 371 209 397 237
chair 284 0 320 42
chair 311 59 351 101
chair 357 59 401 105
chair 0 67 36 133
person 350 196 376 238
person 88 82 128 142
person 15 13 43 79
umbrella 0 14 22 64
