chair 324 70 344 106
chair 153 132 171 174
chair 276 176 308 210
chair 176 62 200 98
chair 307 126 331 164
chair 231 169 259 195
chair 131 45 151 69
chair 69 135 103 183
chair 173 45 191 69
chair 294 151 316 187
chair 122 156 146 198
chair 253 139 271 181
chair 394 71 410 81
umbrella 322 160 414 224
umbrella 81 87 159 133
umbrella 21 30 101 70
umbrella 172 186 290 238
umbrella 127 5 199 75
umbrella 2 74 68 114
umbrella 11 1 85 23
person 187 81 215 153
person 97 198 123 238
person 213 80 233 136
person 216 1 244 21
person 246 0 268 22
person 381 152 393 164
person 76 129 112 179
person 405 1 415 36
chair 344 131 380 163
chair 352 113 380 143
chair 311 113 341 145
chair 304 88 336 116
chair 277 83 305 117
chair 286 63 312 93
chair 387 94 411 130
chair 369 77 395 117
chair 47 118 71 166
chair 10 152 40 194
person 346 221 360 239
person 391 227 409 239
person 130 130 158 178
person 70 72 92 110
potted_plant 19 110 65 200
potted_plant 101 0 135 76
