potted_plant 74 1 146 78
potted_plant 106 53 132 85
chair 278 182 308 212
chair 324 72 344 110
chair 231 169 259 195
chair 305 130 333 164
chair 338 123 376 167
chair 175 64 199 102
chair 154 134 170 174
chair 72 143 96 181
chair 290 157 316 191
chair 59 130 77 160
chair 311 93 333 125
chair 133 48 155 76
chair 280 83 302 119
chair 174 46 192 78
chair 370 82 392 120
chair 389 73 413 99
chair 121 161 145 203
umbrella 321 160 415 224
umbrella 127 7 201 73
umbrella 82 91 160 133
umbrella 2 76 70 114
umbrella 22 34 102 72
umbrella 179 190 293 238
umbrella 16 2 90 34
person 187 86 217 158
person 96 200 124 238
person 216 1 244 25
person 245 0 269 24
person 212 78 232 140
person 79 131 111 179
person 377 152 387 168
person 401 0 415 35
chair 10 158 44 202
chair 287 63 311 95
chair 388 97 412 131
chair 348 113 382 149
chair 313 113 341 147
chair 249 142 277 180
person 346 223 360 239
person 394 229 408 239
person 129 131 159 179
person 70 75 94 127
potted_plant 26 114 66 202
