chair 278 182 310 214
chair 323 75 343 111
chair 176 66 200 104
chair 303 135 331 169
chair 232 168 258 196
chair 153 138 171 180
chair 134 74 170 100
chair 71 151 97 183
chair 291 158 315 192
chair 174 49 192 77
chair 338 122 376 168
chair 59 131 77 159
chair 393 75 409 87
chair 131 49 151 77
chair 253 143 271 179
chair 366 82 400 136
umbrella 322 162 414 224
umbrella 1 78 71 116
umbrella 24 37 104 75
umbrella 82 92 162 134
umbrella 179 190 293 240
umbrella 127 9 201 73
umbrella 17 3 91 33
person 188 91 218 161
person 96 202 124 238
person 217 0 245 26
person 211 82 233 146
person 245 0 269 26
person 401 0 415 36
person 374 153 384 165
person 82 134 106 172
chair 306 89 338 121
chair 277 84 305 120
chair 289 64 315 94
chair 385 101 415 129
chair 351 115 383 153
chair 309 114 341 150
chair 113 162 149 200
chair 9 157 49 199
person 347 224 361 238
person 394 229 408 239
person 72 77 94 129
person 129 133 161 181
potted_plant 24 117 68 203
potted_plant 103 1 133 81
