chair 277 184 309 216
chair 176 68 202 106
chair 325 76 343 114
chair 232 169 258 199
chair 154 140 172 180
chair 304 136 332 170
chair 73 150 97 186
chair 344 138 372 168
chair 290 160 316 194
chair 134 55 158 85
chair 174 54 194 86
chair 59 133 79 159
chair 392 77 408 89
chair 282 83 302 119
chair 253 147 271 189
handbag 226 101 234 113
umbrella 322 169 414 229
umbrella 24 38 106 76
umbrella 17 5 89 35
umbrella 129 14 201 70
umbrella 1 81 73 121
umbrella 83 94 163 134
umbrella 178 192 294 240
person 191 95 219 167
person 95 203 123 239
person 217 0 247 31
person 213 87 233 145
person 248 1 268 32
person 398 0 414 39
person 82 135 108 171
person 366 155 380 169
chair 289 69 311 101
chair 306 94 334 124
chair 311 114 341 152
chair 350 117 378 151
chair 368 83 390 127
chair 386 102 408 138
chair 116 165 148 203
chair 11 160 43 204
person 346 225 360 239
person 73 80 93 130
person 132 134 162 182
potted_plant 28 121 68 205
potted_plant 98 2 138 82
