chair 323 79 343 117
chair 153 141 173 181
chair 176 73 202 109
chair 306 137 332 173
chair 277 183 307 217
chair 74 151 98 187
chair 234 170 264 200
chair 344 140 370 170
chair 135 57 157 83
chair 176 56 194 84
chair 280 91 302 125
chair 291 159 315 195
chair 63 139 81 167
umbrella 322 171 412 229
umbrella 27 41 105 83
umbrella 0 82 78 122
umbrella 19 8 91 40
umbrella 83 96 165 136
umbrella 129 15 201 81
umbrella 178 193 294 239
umbrella 153 65 183 79
person 193 100 219 166
person 216 0 246 33
person 95 205 123 239
person 248 0 268 35
person 212 89 232 159
person 397 0 415 42
person 85 137 107 169
person 76 87 94 111
chair 12 162 46 204
chair 118 169 150 205
chair 287 71 313 99
chair 307 94 331 124
chair 368 89 390 125
chair 383 104 409 140
chair 387 78 409 94
chair 344 120 380 152
chair 312 120 340 152
chair 254 148 278 184
person 346 226 358 238
person 361 156 373 170
person 133 138 163 184
potted_plant 31 122 69 206
potted_plant 104 9 142 85
