chair 177 74 205 110
chair 323 81 343 117
chair 306 137 332 173
chair 154 141 172 181
chair 278 181 308 217
chair 233 169 263 201
chair 344 139 370 171
chair 73 150 97 188
chair 135 58 157 84
chair 176 57 194 85
chair 390 81 410 93
chair 62 137 82 169
chair 293 158 315 196
umbrella 322 171 412 231
umbrella 28 43 106 83
umbrella 1 84 77 122
umbrella 21 9 91 41
umbrella 86 99 164 149
umbrella 130 16 202 82
umbrella 177 195 295 239
person 216 0 246 35
person 193 102 219 164
person 95 207 123 239
person 248 0 268 35
person 213 90 233 160
person 399 0 415 42
person 84 138 108 168
person 76 88 94 112
chair 281 92 309 128
chair 288 71 312 99
chair 305 97 331 127
chair 369 89 393 123
chair 386 107 410 137
chair 351 121 379 155
chair 307 121 341 153
chair 251 148 281 188
chair 118 170 148 208
chair 15 161 47 203
person 348 227 358 239
person 359 158 371 174
person 134 136 162 184
potted_plant 31 122 69 206
potted_plant 106 5 136 85
