chair 176 75 204 111
chair 324 82 342 118
chair 303 142 331 176
chair 155 143 173 181
chair 277 187 307 219
chair 74 153 98 187
chair 233 178 263 202
chair 343 139 371 171
chair 175 57 193 83
chair 135 59 155 85
chair 389 82 409 94
chair 364 94 382 136
chair 63 139 81 167
chair 119 159 149 209
chair 385 106 407 140
handbag 115 221 123 231
umbrella 323 172 411 230
umbrella 30 44 106 84
umbrella 86 99 166 149
umbrella 22 9 94 43
umbrella 1 87 77 127
umbrella 129 19 203 79
umbrella 178 198 294 240
person 193 103 219 171
person 218 0 246 36
person 95 208 123 238
person 251 0 271 37
person 213 93 233 159
person 400 0 416 42
person 84 139 108 169
chair 13 164 49 206
chair 279 92 307 126
chair 306 95 334 129
chair 287 71 313 105
chair 311 121 337 151
chair 347 120 379 154
chair 249 149 279 185
chair 287 154 321 196
chair 1 137 23 177
person 346 227 360 239
person 356 157 370 173
person 78 86 98 132
person 136 137 164 185
potted_plant 37 128 75 208
potted_plant 104 4 140 86
