chair 178 76 206 114
chair 303 142 331 178
chair 233 177 265 205
chair 152 146 174 188
chair 273 174 309 224
chair 324 84 342 120
chair 136 62 160 94
chair 124 170 148 210
chair 80 156 104 194
chair 345 145 369 175
chair 383 107 407 141
chair 389 85 405 97
chair 178 60 198 94
chair 63 137 83 169
chair 364 96 380 136
chair 1 141 15 183
chair 254 153 272 185
handbag 115 223 121 233
umbrella 3 88 81 128
umbrella 31 49 109 85
umbrella 329 174 409 230
umbrella 87 104 167 148
umbrella 178 201 294 239
umbrella 133 23 201 77
umbrella 23 11 95 45
person 193 108 219 172
person 219 0 245 39
person 93 210 121 238
person 399 2 415 46
person 249 0 267 40
person 213 96 233 166
person 80 91 96 113
chair 20 168 50 206
chair 282 98 306 128
chair 288 76 314 102
chair 307 102 333 128
chair 311 122 329 146
chair 353 124 375 154
chair 291 163 319 197
person 84 140 118 190
person 136 140 164 188
person 349 160 363 174
potted_plant 35 128 75 212
potted_plant 108 9 140 89
