chair 233 177 265 205
chair 153 146 175 188
chair 304 142 330 178
chair 178 77 204 113
chair 323 85 341 121
chair 274 172 310 224
chair 344 145 370 177
chair 137 63 161 95
chair 81 156 105 196
chair 1 141 17 183
chair 363 97 381 135
chair 62 139 84 169
chair 388 88 406 98
chair 290 166 314 200
umbrella 327 174 411 230
umbrella 31 51 111 87
umbrella 4 91 82 129
umbrella 88 104 168 148
umbrella 132 26 206 76
umbrella 178 201 296 239
umbrella 23 16 95 50
person 193 109 219 179
person 219 0 245 41
person 399 2 415 46
person 249 1 267 43
person 213 100 233 166
person 94 212 120 240
person 85 143 109 177
chair 23 170 49 204
chair 121 175 151 205
chair 174 61 198 93
chair 281 97 307 127
chair 308 106 332 130
chair 287 75 311 101
chair 383 112 403 140
chair 351 127 375 151
chair 310 127 336 155
chair 253 154 281 190
person 346 161 360 177
person 138 143 166 189
person 80 91 102 127
potted_plant 37 131 75 213
potted_plant 108 9 140 91
