chair 308 77 344 127
chair 330 11 354 53
chair 118 85 144 143
chair 274 137 316 183
chair 217 118 255 162
chair 382 19 412 79
chair 144 2 180 50
chair 287 104 319 160
chair 312 32 344 78
chair 63 90 107 170
chair 270 22 312 72
chair 245 99 265 147
chair 15 94 51 152
umbrella 153 147 285 231
umbrella 330 117 416 199
umbrella 30 31 132 81
person 234 0 262 39
person 190 0 218 49
person 130 153 160 233
person 27 81 67 139
person 370 209 396 237
person 349 201 373 239
chair 283 0 319 40
chair 352 85 400 127
chair 359 59 399 105
chair 313 60 353 104
chair 0 66 34 134
person 95 83 129 141
person 16 15 44 77
umbrella 0 13 20 65
