chair 178 82 206 118
chair 344 145 374 181
chair 324 89 342 125
chair 154 149 176 189
chair 233 178 265 208
chair 304 145 330 181
chair 81 157 105 195
chair 274 183 310 227
chair 138 69 160 103
chair 179 66 197 92
chair 291 165 315 203
chair 364 101 382 143
chair 387 90 407 102
chair 119 164 151 216
chair 384 114 404 146
umbrella 325 176 411 232
umbrella 33 54 111 90
umbrella 4 94 82 130
umbrella 93 106 169 148
umbrella 135 29 205 85
umbrella 180 202 294 240
umbrella 24 20 98 52
person 399 3 415 49
person 191 115 219 179
person 217 1 247 45
person 247 2 269 47
person 212 103 232 173
person 93 213 121 239
person 87 146 109 176
chair 304 107 332 135
chair 281 101 309 133
chair 288 81 310 107
chair 401 97 415 135
chair 347 129 377 163
chair 308 127 344 163
chair 253 157 283 193
chair 23 170 53 214
chair 4 144 26 182
chair 67 143 89 181
person 339 164 355 178
person 139 147 167 189
person 81 93 103 129
potted_plant 41 132 77 214
potted_plant 109 11 141 95
