chair 178 82 206 120
chair 342 151 372 181
chair 325 91 341 125
chair 153 150 175 190
chair 303 150 329 184
chair 234 178 264 208
chair 178 67 198 93
chair 84 156 108 194
chair 137 69 161 103
chair 384 114 404 148
chair 364 102 382 144
chair 387 91 403 101
chair 315 129 329 143
chair 254 157 272 195
umbrella 34 54 112 90
umbrella 5 95 83 131
umbrella 326 176 412 234
umbrella 92 107 170 147
umbrella 135 29 205 85
umbrella 26 21 98 53
umbrella 182 202 294 240
person 399 2 415 52
person 219 0 251 46
person 191 118 219 178
person 212 105 232 173
person 253 1 269 48
person 92 214 120 238
person 88 146 110 176
chair 22 173 54 211
chair 6 151 34 187
chair 64 139 86 175
chair 126 172 154 212
chair 283 102 299 136
chair 310 110 330 134
chair 288 84 314 106
chair 405 96 415 136
chair 278 191 310 223
chair 291 169 317 205
chair 351 129 375 161
person 337 164 355 180
person 136 146 168 192
person 83 94 105 132
potted_plant 38 132 78 214
potted_plant 106 14 146 96
