chair 179 85 207 121
chair 303 151 329 185
chair 323 92 341 128
chair 344 153 370 183
chair 155 153 175 195
chair 235 183 265 211
chair 276 182 312 230
chair 84 166 108 198
chair 387 95 403 105
chair 6 150 28 186
chair 141 71 163 101
chair 72 148 90 176
chair 383 105 407 141
chair 179 69 199 99
chair 383 175 393 183
chair 316 132 328 146
handbag 225 126 235 138
umbrella 94 112 168 150
umbrella 39 57 113 99
umbrella 5 98 85 134
umbrella 28 24 102 56
umbrella 324 178 410 236
umbrella 134 33 208 93
umbrella 184 201 294 241
person 252 2 268 51
person 224 4 246 51
person 399 4 415 56
person 192 124 220 186
person 211 109 233 171
person 331 166 351 188
person 89 147 109 177
person 93 215 121 239
person 407 157 415 175
chair 125 177 155 213
chair 29 175 53 211
chair 280 104 306 138
chair 308 110 330 136
chair 289 85 311 109
chair 366 103 386 137
chair 399 100 415 134
chair 352 131 378 163
chair 286 167 316 201
chair 253 160 275 194
person 326 181 338 193
person 83 96 107 144
person 141 147 169 197
person 405 178 415 186
potted_plant 41 137 79 217
potted_plant 110 21 144 99
