chair 178 89 208 123
chair 344 154 370 184
chair 324 93 340 129
chair 304 150 328 186
chair 234 183 264 211
chair 155 154 175 196
chair 274 179 312 231
chair 70 148 90 176
chair 139 74 163 110
chair 87 156 111 196
chair 179 71 199 99
chair 365 105 379 141
chair 380 118 406 154
chair 5 152 29 186
umbrella 94 113 168 151
umbrella 45 60 113 100
umbrella 9 99 87 135
umbrella 28 25 102 57
umbrella 323 177 411 237
umbrella 134 37 210 69
umbrella 187 203 293 241
person 252 2 268 53
person 398 5 416 57
person 222 0 248 51
person 193 125 219 185
person 214 118 232 170
person 89 217 127 239
chair 281 105 305 137
chair 305 110 333 138
chair 291 88 311 112
chair 381 95 401 115
chair 399 101 415 139
chair 347 132 375 170
chair 310 129 338 167
chair 250 160 278 196
chair 285 170 319 204
chair 26 178 56 214
chair 127 186 155 220
person 331 166 347 184
person 323 181 337 197
person 140 150 168 194
person 83 98 109 144
person 92 149 122 197
person 405 174 415 188
person 405 158 415 178
potted_plant 39 136 81 216
potted_plant 101 22 147 98
