chair 178 90 208 124
chair 344 154 372 184
chair 235 184 265 212
chair 324 96 340 132
chair 155 154 175 196
chair 87 163 111 201
chair 305 151 329 187
chair 275 180 311 230
chair 386 97 402 107
chair 179 73 199 99
chair 73 148 91 176
chair 139 75 161 111
chair 290 174 314 208
chair 402 105 414 141
handbag 224 130 234 142
umbrella 96 115 168 161
umbrella 44 61 114 101
umbrella 8 101 88 135
umbrella 322 178 410 236
umbrella 29 25 105 57
umbrella 136 37 206 93
umbrella 187 206 291 240
person 251 0 269 55
person 222 0 248 53
person 398 7 416 59
person 194 128 218 194
person 214 117 232 173
person 326 169 344 199
person 90 218 128 238
person 88 152 124 200
chair 278 106 304 136
chair 308 113 332 141
chair 288 86 312 116
chair 365 106 383 140
chair 380 124 402 152
chair 315 132 337 162
chair 350 134 372 166
chair 257 162 279 194
chair 124 181 154 217
chair 29 175 59 215
chair 8 148 36 190
person 318 185 338 239
person 86 100 106 140
person 141 151 167 197
person 405 159 415 177
person 405 176 415 188
potted_plant 42 137 84 219
potted_plant 110 25 146 101
