chair 178 91 208 125
chair 345 154 371 184
chair 234 185 264 213
chair 324 96 342 132
chair 154 155 176 197
chair 275 179 311 231
chair 87 163 111 201
chair 304 152 328 186
chair 364 105 380 143
chair 377 121 407 157
chair 386 98 402 108
chair 179 74 199 100
chair 141 75 161 111
chair 120 171 162 221
chair 72 148 92 176
handbag 225 130 233 142
umbrella 96 116 168 160
umbrella 323 180 409 236
umbrella 43 61 115 101
umbrella 9 101 87 135
umbrella 29 26 105 58
umbrella 187 205 291 241
umbrella 132 39 212 69
person 252 0 268 57
person 221 0 249 53
person 398 9 416 59
person 194 128 218 194
person 214 116 232 174
person 325 169 345 201
person 90 219 130 239
person 88 152 124 200
chair 28 178 56 210
chair 7 148 33 190
chair 278 107 306 139
chair 290 91 308 119
chair 309 113 331 137
chair 401 102 415 138
chair 348 136 376 166
chair 313 135 337 165
chair 254 163 280 195
chair 287 172 319 206
person 319 185 341 239
person 87 101 105 147
person 142 150 170 198
person 405 159 415 179
person 405 176 415 192
potted_plant 44 136 82 220
potted_plant 112 26 148 102
