chair 179 92 207 128
chair 343 154 371 186
chair 234 185 264 215
chair 87 166 109 202
chair 163 156 179 198
chair 324 98 340 134
chair 304 157 328 191
chair 362 111 382 149
chair 144 77 162 107
chair 135 180 159 218
chair 181 75 199 101
chair 403 105 415 143
chair 386 100 402 110
chair 311 115 331 149
chair 314 137 328 151
umbrella 97 117 169 161
umbrella 322 180 410 236
umbrella 42 64 118 102
umbrella 11 105 89 145
umbrella 32 32 108 60
umbrella 134 41 210 93
umbrella 182 212 294 240
person 253 2 269 58
person 397 10 415 62
person 222 1 248 57
person 193 131 219 193
person 212 119 232 175
person 320 174 340 202
person 92 153 124 201
chair 32 180 60 216
chair 9 150 35 188
chair 282 111 306 139
chair 290 90 308 114
chair 380 124 402 154
chair 346 138 374 168
chair 254 165 278 197
chair 275 196 311 230
chair 291 172 317 206
person 312 188 336 240
person 142 152 172 198
person 86 102 110 138
person 92 219 120 239
person 403 162 415 180
person 403 176 415 192
potted_plant 44 143 82 221
potted_plant 111 20 155 104
