chair 164 163 182 203
chair 187 99 209 133
chair 325 106 339 138
chair 342 160 370 192
chair 236 191 264 219
chair 90 172 112 210
chair 146 86 168 114
chair 364 116 380 148
chair 134 185 160 225
chair 20 158 42 194
chair 279 199 305 229
umbrella 19 110 89 146
umbrella 98 124 174 162
umbrella 39 40 107 70
umbrella 46 71 118 113
umbrella 324 190 412 238
umbrella 138 49 210 109
umbrella 187 214 295 240
person 253 10 269 66
person 397 19 413 71
person 227 10 247 66
person 193 143 221 207
person 208 132 228 174
person 98 159 120 193
person 300 184 330 242
chair 35 188 63 218
chair 76 157 98 187
chair 179 83 203 109
chair 283 117 305 145
chair 306 120 330 148
chair 291 98 307 120
chair 382 106 398 118
chair 380 128 400 158
chair 399 113 415 147
chair 309 142 333 172
chair 348 142 368 162
chair 304 158 332 188
chair 254 170 278 206
chair 288 178 308 206
chair 378 183 390 195
person 312 176 330 210
person 92 225 118 239
person 90 109 112 139
person 148 157 172 205
person 401 166 415 186
person 404 183 414 199
potted_plant 44 147 86 225
potted_plant 118 36 148 110
