chair 164 166 184 204
chair 324 109 340 141
chair 237 193 265 221
chair 343 160 369 194
chair 190 102 210 134
chair 22 167 42 199
chair 95 171 119 209
chair 306 163 328 189
chair 364 118 378 146
chair 148 90 168 114
chair 400 115 414 149
chair 133 187 161 225
chair 382 110 398 120
chair 310 123 330 153
umbrella 19 113 91 151
umbrella 101 127 173 165
umbrella 39 42 111 72
umbrella 47 75 121 115
umbrella 140 50 210 108
umbrella 322 194 414 238
umbrella 191 220 291 240
person 253 14 269 70
person 227 14 247 66
person 395 23 413 73
person 196 147 222 209
person 209 134 229 172
person 402 170 414 186
person 98 162 122 190
chair 181 85 205 115
chair 283 120 305 152
chair 288 102 310 130
chair 379 135 399 161
chair 379 183 389 193
chair 345 148 371 176
chair 312 148 332 172
chair 280 202 302 230
chair 291 179 315 209
chair 255 169 277 205
chair 33 188 65 222
chair 75 154 97 190
person 297 193 323 239
person 307 180 325 208
person 147 161 173 205
person 92 113 114 149
person 400 186 412 200
potted_plant 44 147 88 225
potted_plant 116 38 150 112
