chair 166 166 184 204
chair 186 104 210 138
chair 342 166 368 196
chair 325 109 339 141
chair 238 193 266 221
chair 94 171 118 209
chair 382 110 398 120
chair 22 168 42 200
chair 400 116 414 150
chair 131 183 165 229
chair 306 163 328 191
chair 362 119 380 157
chair 147 90 169 124
chair 187 91 207 127
chair 316 147 326 161
chair 256 172 274 212
umbrella 19 114 95 150
umbrella 101 127 173 165
umbrella 47 76 123 116
umbrella 323 194 413 238
umbrella 40 45 110 71
umbrella 189 221 293 239
person 226 15 248 67
person 253 16 269 70
person 395 25 413 73
person 197 146 221 210
person 209 135 227 171
person 98 162 122 192
person 402 170 414 186
chair 306 124 332 148
chair 281 119 305 149
chair 287 103 309 131
chair 377 133 399 163
chair 377 184 391 196
chair 346 147 372 177
chair 278 208 306 234
chair 289 181 313 211
chair 35 186 63 222
chair 75 158 97 188
person 299 193 317 239
person 305 179 321 239
person 94 114 112 146
person 149 159 175 207
person 402 184 412 200
potted_plant 49 149 87 227
potted_plant 120 39 148 113
umbrella 142 50 210 86
