chair 342 170 368 200
chair 191 109 213 141
chair 166 172 184 210
chair 323 116 339 148
chair 238 199 266 227
chair 305 170 327 198
chair 97 182 121 214
chair 150 99 172 131
chair 382 117 396 127
chair 361 127 381 163
chair 309 130 329 160
chair 398 124 414 156
chair 21 174 41 206
umbrella 25 121 97 159
umbrella 42 52 116 84
umbrella 106 132 178 178
umbrella 321 198 413 238
umbrella 50 82 124 120
umbrella 145 62 213 106
umbrella 193 223 287 239
person 253 25 269 77
person 228 24 250 76
person 394 32 410 82
person 200 159 222 221
person 208 144 226 178
person 101 168 123 198
person 400 176 414 194
chair 183 92 207 116
chair 282 126 306 156
chair 289 109 309 133
chair 377 140 399 166
chair 347 152 371 178
chair 310 150 332 174
chair 255 178 277 208
chair 281 210 299 234
chair 136 195 162 227
chair 43 193 69 227
chair 81 165 101 195
chair 376 191 390 201
person 291 201 307 239
person 298 187 312 239
person 96 121 116 145
person 153 165 175 211
person 398 192 410 206
potted_plant 53 158 91 232
potted_plant 121 44 155 120
