chair 190 115 212 147
chair 341 175 367 203
chair 167 176 185 216
chair 238 201 266 229
chair 324 121 338 151
chair 101 179 123 217
chair 305 174 329 206
chair 86 171 104 197
chair 397 128 413 160
chair 381 121 395 131
chair 131 189 165 237
chair 314 157 326 169
chair 362 129 378 163
chair 23 175 43 207
chair 154 101 168 119
chair 259 181 275 217
umbrella 25 126 99 160
umbrella 108 138 178 176
umbrella 47 57 115 85
umbrella 320 200 414 238
umbrella 53 87 127 127
umbrella 143 63 217 123
person 253 29 269 81
person 227 27 249 81
person 394 37 410 85
person 200 163 224 223
person 397 194 415 218
person 400 180 414 198
person 209 151 227 185
chair 45 198 69 230
chair 281 212 309 238
chair 184 98 206 114
chair 280 130 304 160
chair 305 134 331 156
chair 289 111 307 131
chair 375 145 397 169
chair 346 156 370 184
chair 376 192 388 202
person 287 206 301 238
person 295 190 309 238
person 101 124 117 148
person 106 172 130 214
person 150 173 176 215
potted_plant 53 155 93 235
potted_plant 126 52 158 122
