chair 274 138 316 184
chair 330 12 354 54
chair 304 76 340 128
chair 119 86 145 144
chair 382 18 412 80
chair 217 115 255 163
chair 146 2 180 50
chair 287 106 319 158
chair 359 72 397 128
chair 269 22 311 72
chair 312 33 344 79
chair 65 91 105 171
umbrella 155 146 285 232
umbrella 330 118 416 198
umbrella 33 36 133 88
person 127 155 155 237
person 186 0 216 52
person 233 0 263 42
person 369 209 395 237
person 350 201 374 239
person 93 79 121 109
person 28 80 66 138
chair 19 96 57 152
chair 0 70 32 132
chair 281 0 315 40
chair 312 59 350 105
chair 355 61 399 105
chair 237 95 277 147
person 15 15 47 79
umbrella 1 14 21 68
