potted_plant 46 155 96 235
chair 166 178 186 218
chair 191 117 215 149
chair 341 177 367 207
chair 238 207 266 233
chair 101 191 123 221
chair 324 124 338 156
chair 306 177 328 207
chair 363 133 377 161
chair 314 160 326 172
chair 260 186 276 224
chair 190 103 204 117
chair 375 144 393 178
umbrella 52 62 120 90
umbrella 25 128 103 164
umbrella 110 140 180 180
umbrella 150 71 216 119
umbrella 322 202 410 240
umbrella 56 92 130 128
person 255 34 271 86
person 228 33 250 87
person 200 169 224 231
person 393 41 409 91
person 104 175 138 221
person 209 156 227 184
person 397 181 415 203
person 398 199 414 225
chair 346 160 368 184
chair 395 131 415 161
chair 378 124 394 136
chair 307 138 329 162
chair 281 134 307 162
chair 291 117 307 133
chair 152 103 172 129
chair 139 203 167 235
chair 86 172 106 202
chair 50 200 74 234
chair 29 177 51 207
chair 300 195 316 225
chair 376 197 386 207
person 280 209 298 239
person 289 193 301 239
person 103 128 119 148
person 155 176 177 218
potted_plant 128 59 158 127
