chair 273 138 315 184
chair 331 12 355 54
chair 125 89 145 139
chair 303 80 341 132
chair 382 18 412 80
chair 145 4 181 60
chair 218 115 256 163
chair 286 105 320 159
chair 360 72 398 128
chair 269 24 311 72
chair 317 36 345 76
chair 245 99 265 147
chair 2 82 28 118
chair 65 91 105 171
umbrella 155 147 285 233
umbrella 330 118 416 198
umbrella 34 36 134 88
person 127 155 153 237
person 187 0 217 52
person 233 0 263 43
person 370 209 396 237
person 349 201 373 239
chair 15 95 57 149
chair 284 4 318 46
chair 314 62 352 108
chair 352 62 400 106
person 93 84 129 142
person 31 82 73 144
person 17 17 45 77
umbrella 0 16 22 70
