potted_plant 48 170 102 236
chair 192 124 216 156
chair 169 185 187 223
chair 390 136 412 170
chair 322 130 336 162
chair 302 184 328 214
chair 240 210 264 236
chair 341 183 365 211
chair 102 195 122 227
chair 33 182 55 216
chair 261 190 277 220
chair 373 151 391 183
chair 316 167 326 179
umbrella 56 69 120 99
umbrella 33 134 103 172
umbrella 60 99 132 133
umbrella 111 147 183 193
umbrella 153 77 215 127
umbrella 323 205 411 239
person 255 42 271 94
person 230 42 252 94
person 391 50 409 96
person 205 181 225 241
person 205 165 225 197
person 110 182 134 216
person 397 188 411 206
person 396 203 414 227
person 280 201 304 239
person 271 217 293 239
chair 154 111 176 135
chair 189 110 209 132
chair 282 141 302 165
chair 306 144 328 168
chair 289 123 307 139
chair 358 138 378 170
chair 375 129 393 143
chair 345 165 367 191
chair 296 201 318 231
chair 141 207 167 237
chair 54 205 78 235
chair 91 176 109 204
chair 375 203 385 211
person 105 135 125 159
person 155 181 181 223
potted_plant 131 65 159 135
