chair 191 128 215 160
chair 341 186 365 212
chair 389 139 411 171
chair 322 132 336 164
chair 168 187 188 225
chair 303 185 327 213
chair 239 214 265 238
chair 102 196 122 228
chair 373 153 391 185
chair 35 182 53 216
chair 261 192 277 220
chair 193 112 207 124
umbrella 57 72 121 100
umbrella 36 136 104 174
umbrella 69 103 129 131
umbrella 111 149 183 193
umbrella 152 80 218 136
umbrella 323 206 411 240
person 255 45 271 95
person 229 43 253 95
person 391 54 407 100
person 205 183 225 241
person 204 168 224 196
person 108 185 134 225
person 396 203 414 227
person 271 217 291 239
person 397 189 411 205
person 279 204 303 238
chair 155 114 177 138
chair 283 144 299 166
chair 306 149 330 169
chair 289 126 305 146
chair 373 132 393 144
chair 358 141 378 165
chair 347 168 371 194
chair 306 167 332 193
chair 296 203 316 231
chair 140 209 168 239
chair 53 209 77 239
chair 91 179 109 211
person 157 182 181 224
person 105 135 123 161
potted_plant 55 172 99 238
potted_plant 128 63 166 139
