chair 192 129 216 161
chair 238 215 266 239
chair 168 188 188 226
chair 341 185 365 213
chair 321 136 337 168
chair 302 186 328 214
chair 107 195 131 229
chair 387 142 407 176
chair 35 189 53 221
chair 376 136 392 146
chair 374 153 392 185
chair 315 171 325 183
chair 155 116 173 146
chair 362 144 370 160
umbrella 153 82 217 134
umbrella 38 140 106 174
umbrella 58 74 122 100
umbrella 113 152 183 192
umbrella 70 104 130 132
umbrella 320 211 412 241
person 230 46 252 96
person 254 48 272 96
person 390 56 408 102
person 206 187 226 241
person 204 172 224 198
person 110 186 134 226
person 268 217 290 239
person 397 192 411 208
person 396 206 414 234
person 412 57 414 111
chair 191 116 213 134
chair 280 143 304 171
chair 290 127 310 145
chair 306 148 328 170
chair 345 169 369 197
chair 294 201 316 233
chair 256 193 278 215
chair 145 211 169 239
chair 58 210 78 238
chair 93 180 111 208
person 278 203 294 239
person 106 137 128 163
person 158 183 180 227
potted_plant 61 173 101 239
potted_plant 130 71 164 139
