potted_plant 53 174 103 238
chair 193 129 217 163
chair 322 136 336 168
chair 239 215 267 239
chair 168 188 188 226
chair 391 142 409 174
chair 107 196 131 230
chair 342 184 366 214
chair 304 185 328 213
chair 373 155 391 185
chair 35 190 53 220
chair 157 116 173 146
umbrella 154 83 216 135
umbrella 114 153 184 193
umbrella 60 76 124 100
umbrella 70 107 130 135
umbrella 310 212 410 240
person 230 47 252 97
person 254 49 272 97
person 389 58 407 102
person 205 188 225 240
person 203 173 223 207
person 111 186 133 212
person 397 193 411 209
person 395 208 413 234
person 404 47 414 109
chair 58 209 80 237
chair 95 181 109 207
chair 145 215 169 239
chair 190 115 212 139
chair 282 145 304 173
chair 309 149 329 175
chair 289 130 309 152
chair 358 144 376 174
chair 375 133 391 149
chair 344 170 368 196
chair 308 170 334 198
chair 291 204 315 228
chair 257 194 279 218
chair 287 226 305 238
person 269 220 287 238
person 275 205 289 239
person 156 184 182 226
person 104 138 128 164
potted_plant 130 71 162 141
