potted_plant 54 178 104 238
chair 192 131 216 163
chair 238 215 264 239
chair 322 136 336 168
chair 387 144 407 176
chair 304 190 328 218
chair 107 196 133 230
chair 167 188 187 226
chair 341 186 365 214
chair 261 196 277 228
chair 91 184 109 212
chair 35 191 53 221
umbrella 36 140 106 176
umbrella 60 77 124 105
umbrella 114 153 184 193
umbrella 154 86 216 134
umbrella 71 107 129 135
umbrella 308 214 410 240
person 231 48 251 98
person 256 50 272 100
person 389 57 407 103
person 204 189 226 239
person 203 174 223 206
person 111 186 133 212
person 404 45 414 109
person 397 193 411 209
person 396 208 414 234
person 411 66 415 110
person 268 209 292 237
chair 281 148 303 174
chair 303 150 329 174
chair 288 128 308 150
chair 374 137 392 155
chair 357 145 379 167
chair 372 159 392 185
chair 343 171 367 197
chair 309 171 331 195
chair 291 206 315 232
chair 287 225 307 239
chair 143 208 169 238
chair 57 212 81 238
chair 157 117 175 141
chair 191 114 211 134
person 268 221 284 239
person 107 140 125 166
person 158 185 182 227
potted_plant 133 71 161 139
