potted_plant 53 178 103 238
chair 192 131 216 163
chair 239 215 265 239
chair 322 137 336 169
chair 389 143 409 175
chair 107 196 133 230
chair 176 190 192 226
chair 305 190 327 218
chair 341 186 365 214
chair 260 197 276 227
chair 91 184 109 212
chair 376 138 392 148
chair 366 158 392 190
chair 143 207 169 241
umbrella 59 77 125 105
umbrella 116 154 184 192
umbrella 35 141 107 177
umbrella 72 108 130 136
umbrella 153 86 217 134
umbrella 308 214 410 240
person 256 50 272 100
person 230 49 252 101
person 204 191 226 239
person 389 58 407 104
person 202 174 222 208
person 405 47 415 109
person 111 188 135 224
person 411 64 415 112
person 396 208 414 234
person 394 195 408 211
chair 154 116 176 146
chair 191 115 213 137
chair 281 147 303 175
chair 306 150 330 178
chair 289 129 309 149
chair 309 172 331 194
chair 344 172 366 196
chair 355 144 377 176
chair 297 205 321 233
chair 285 229 309 239
chair 55 215 81 239
chair 39 192 59 222
person 267 220 285 238
person 275 206 289 238
person 108 140 126 164
person 158 182 184 228
potted_plant 131 73 161 141
