chair 192 133 218 163
chair 240 217 266 239
chair 322 138 336 170
chair 390 144 410 178
chair 174 193 192 229
chair 109 195 135 231
chair 303 191 327 219
chair 260 198 276 226
chair 371 159 389 189
chair 358 145 376 177
umbrella 116 154 184 194
umbrella 154 88 218 142
umbrella 60 79 124 105
umbrella 38 142 108 178
umbrella 72 109 130 139
umbrella 313 214 409 240
person 231 50 253 102
person 254 52 272 102
person 389 60 405 106
person 204 191 226 239
person 201 179 219 217
person 112 190 136 222
person 394 196 408 212
person 405 47 415 111
person 411 61 415 115
person 160 185 182 211
person 396 209 414 235
chair 284 150 302 172
chair 306 152 328 172
chair 292 131 306 147
chair 374 139 392 149
chair 344 173 368 201
chair 339 191 365 215
chair 307 172 331 196
chair 292 206 314 232
chair 284 231 304 239
chair 144 211 170 239
chair 92 185 112 213
chair 55 216 83 238
chair 41 189 59 215
chair 160 119 174 143
chair 192 119 210 133
person 109 142 125 168
potted_plant 61 177 101 239
potted_plant 132 72 164 142
