potted_plant 57 186 109 238
chair 193 138 217 172
chair 321 145 335 177
chair 176 197 194 231
chair 386 152 404 184
chair 110 203 134 237
chair 304 197 326 227
chair 161 130 185 160
chair 331 192 361 222
chair 375 146 389 156
chair 47 197 65 229
umbrella 65 87 127 115
umbrella 73 116 135 146
umbrella 47 150 111 186
umbrella 119 162 187 206
umbrella 155 95 221 151
umbrella 324 219 410 239
person 232 59 254 109
person 257 62 273 108
person 201 186 221 224
person 387 70 403 112
person 205 202 229 238
person 391 201 407 217
person 114 194 134 220
person 406 64 416 118
person 393 218 407 234
chair 60 221 92 239
chair 98 186 114 212
chair 142 217 170 239
chair 190 123 212 143
chair 281 155 301 185
chair 290 138 310 160
chair 306 158 326 182
chair 310 178 328 200
chair 341 179 365 201
chair 259 203 279 227
chair 239 223 261 239
chair 290 208 314 238
chair 358 152 372 176
chair 369 167 389 191
person 161 193 183 235
person 113 150 129 178
potted_plant 137 82 163 150
