potted_plant 57 178 107 238
chair 193 138 217 172
chair 320 146 334 178
chair 112 204 136 236
chair 177 198 195 232
chair 304 198 326 226
chair 386 153 404 185
chair 375 147 389 157
chair 331 192 361 222
chair 161 130 185 160
chair 47 198 67 228
chair 139 201 163 237
chair 371 167 389 197
umbrella 65 88 127 114
umbrella 118 162 188 206
umbrella 75 116 135 146
umbrella 45 150 107 182
umbrella 156 95 218 123
umbrella 324 219 410 239
person 232 60 254 108
person 255 63 273 109
person 201 188 223 224
person 386 71 402 113
person 204 202 230 238
person 392 201 406 217
person 405 66 415 118
person 115 196 137 232
person 393 218 407 234
chair 289 139 311 163
chair 282 154 302 182
chair 306 159 326 179
chair 309 180 325 200
chair 344 181 366 203
chair 355 155 373 179
chair 257 202 277 224
chair 291 211 315 235
chair 243 225 265 239
chair 63 217 91 239
chair 100 193 114 217
chair 187 123 213 143
person 110 151 128 177
person 162 195 184 233
potted_plant 141 80 161 152
