potted_plant 60 183 108 239
chair 194 143 218 177
chair 177 202 197 236
chair 113 203 137 237
chair 386 159 404 191
chair 320 150 334 182
chair 270 217 298 239
chair 333 200 361 226
chair 48 198 66 230
chair 260 207 274 237
chair 374 151 388 161
chair 162 133 182 161
umbrella 69 92 129 120
umbrella 48 155 112 185
umbrella 75 122 137 150
umbrella 118 165 190 209
umbrella 157 100 219 128
umbrella 322 222 412 240
person 232 65 252 113
person 256 67 274 113
person 202 193 222 233
person 385 76 403 116
person 404 67 416 123
person 211 205 235 239
person 115 198 137 230
person 388 204 408 226
person 393 221 407 237
person 121 200 147 236
chair 193 129 213 147
chair 100 196 114 222
chair 62 223 84 239
chair 242 225 260 239
chair 294 217 310 239
chair 305 198 325 222
chair 310 181 326 205
chair 344 184 362 206
chair 356 158 372 188
chair 370 173 386 195
chair 289 145 311 165
chair 303 163 325 181
chair 283 160 301 184
person 163 197 183 235
person 112 155 130 191
potted_plant 141 84 175 156
