potted_plant 62 184 108 240
chair 195 143 217 177
chair 113 203 137 239
chair 177 202 197 236
chair 321 152 335 182
chair 386 159 404 191
chair 333 198 361 226
chair 48 199 66 229
chair 259 208 275 236
chair 304 198 326 230
umbrella 69 93 129 121
umbrella 77 122 137 150
umbrella 48 155 112 185
umbrella 119 166 189 208
umbrella 158 100 220 128
umbrella 322 223 412 239
person 232 66 254 114
person 258 68 274 114
person 385 77 403 119
person 203 194 223 234
person 405 67 415 123
person 211 206 235 238
person 116 199 136 229
person 388 204 408 226
person 393 221 407 237
person 122 201 146 237
person 411 81 415 125
chair 163 131 179 153
chair 194 131 214 151
chair 284 161 304 185
chair 290 143 306 159
chair 307 163 327 183
chair 373 149 387 163
chair 370 172 388 196
chair 355 159 373 183
chair 343 184 363 206
chair 309 183 327 205
chair 291 217 311 239
chair 62 221 88 239
chair 100 195 116 221
chair 243 225 259 239
person 163 199 185 235
person 113 156 129 186
potted_plant 139 83 175 157
