chair 178 204 198 236
chair 332 201 360 229
chair 201 146 219 178
chair 319 154 333 184
chair 115 216 137 238
chair 385 160 405 192
chair 262 211 276 225
chair 49 204 67 236
chair 304 204 326 234
chair 373 154 387 164
chair 71 216 95 238
umbrella 50 158 114 190
umbrella 71 97 131 121
umbrella 160 105 222 131
umbrella 82 126 138 154
umbrella 124 171 190 207
umbrella 326 223 406 239
person 233 71 255 117
person 384 81 402 121
person 256 73 274 117
person 204 197 224 233
person 405 74 415 126
person 121 202 145 238
person 213 211 237 239
person 390 208 404 224
person 391 224 405 238
person 244 227 270 239
person 247 70 259 116
person 112 159 128 199
chair 162 135 182 155
chair 194 133 214 151
chair 284 162 302 188
chair 289 146 305 162
chair 304 167 324 187
chair 370 175 388 199
chair 355 160 371 188
chair 342 187 362 211
chair 307 187 329 209
chair 291 217 309 239
chair 102 199 120 229
person 164 200 186 236
potted_plant 69 187 105 239
potted_plant 141 93 167 159
