potted_plant 61 187 107 239
chair 178 206 198 238
chair 202 145 220 179
chair 114 215 136 239
chair 387 161 405 193
chair 262 212 276 226
chair 334 201 364 233
chair 49 205 67 237
chair 305 205 327 235
chair 320 155 334 185
chair 353 163 367 191
umbrella 52 160 116 190
umbrella 71 99 127 127
umbrella 123 172 191 208
umbrella 161 107 221 135
umbrella 81 127 139 153
umbrella 328 228 408 238
person 234 72 254 120
person 256 75 274 117
person 384 83 402 123
person 205 201 225 237
person 405 74 415 128
person 214 213 238 239
person 120 204 144 238
person 390 209 404 227
person 246 74 258 116
person 245 227 269 239
chair 162 136 182 158
chair 193 137 215 151
chair 283 166 301 186
chair 290 151 308 163
chair 308 172 324 188
chair 369 178 389 202
chair 370 154 386 166
chair 310 187 326 205
chair 340 187 364 209
chair 290 220 312 238
chair 102 196 120 222
person 166 202 186 238
person 117 160 129 196
person 389 223 403 235
potted_plant 141 94 167 160
