potted_plant 62 188 108 238
chair 179 207 197 237
chair 202 152 220 182
chair 334 206 360 232
chair 303 205 327 235
chair 115 215 137 239
chair 386 161 404 193
chair 320 159 334 189
chair 199 138 213 150
umbrella 72 101 132 127
umbrella 81 130 139 158
umbrella 161 107 221 135
umbrella 124 173 190 209
umbrella 54 162 116 192
umbrella 310 229 408 239
person 233 74 255 122
person 258 78 274 120
person 206 202 224 238
person 383 85 401 125
person 215 213 239 239
person 405 76 415 130
person 122 206 144 238
person 245 229 269 239
chair 165 139 183 157
chair 284 169 302 191
chair 306 169 326 191
chair 291 152 307 166
chair 370 157 386 169
chair 354 164 372 190
chair 365 178 385 202
chair 341 190 361 214
chair 307 188 329 206
chair 290 220 308 238
chair 261 212 279 234
chair 105 200 123 226
chair 54 209 72 231
person 167 203 187 239
person 115 161 135 203
person 389 211 401 225
person 389 226 403 236
potted_plant 144 98 168 162
