potted_plant 63 188 109 238
chair 179 207 197 237
chair 202 152 220 182
chair 115 215 137 239
chair 333 207 359 231
chair 320 159 334 189
chair 48 208 66 236
chair 387 162 403 192
umbrella 73 101 131 127
umbrella 82 130 140 158
umbrella 161 108 221 136
umbrella 55 162 117 192
umbrella 123 173 191 209
umbrella 309 229 409 239
person 233 74 255 122
person 257 77 275 121
person 206 203 224 237
person 384 84 400 126
person 216 215 238 239
person 405 76 415 130
person 121 206 143 238
person 245 229 269 239
person 112 164 132 204
chair 166 138 180 156
chair 197 136 215 154
chair 104 204 120 228
chair 260 215 276 229
chair 294 223 310 239
chair 304 205 322 227
chair 310 187 324 209
chair 341 188 361 212
chair 284 168 304 194
chair 306 172 324 190
chair 289 150 303 168
chair 354 164 370 186
chair 365 179 385 203
chair 370 158 386 168
person 167 203 189 237
person 388 209 402 225
person 388 226 404 238
potted_plant 144 99 168 163
