potted_plant 64 188 108 238
chair 178 208 198 238
chair 202 152 220 182
chair 116 215 136 239
chair 334 206 360 232
chair 302 206 326 236
chair 320 159 334 189
chair 165 140 185 170
chair 50 207 68 237
umbrella 73 102 131 128
umbrella 162 109 222 135
umbrella 83 131 139 159
umbrella 55 162 117 192
umbrella 123 174 191 210
umbrella 309 229 407 239
person 234 75 254 123
person 258 77 274 121
person 206 204 224 238
person 384 86 400 126
person 216 215 238 239
person 406 79 414 133
person 122 206 144 238
person 245 229 269 239
person 390 212 404 228
person 112 163 132 201
chair 194 137 216 157
chair 103 205 121 225
chair 261 213 277 231
chair 293 223 309 239
chair 309 189 327 207
chair 304 172 326 190
chair 355 167 371 191
chair 368 180 386 202
chair 340 190 362 212
chair 383 164 403 188
chair 369 156 385 172
chair 283 167 299 191
chair 291 152 305 166
person 168 204 186 238
person 389 229 405 239
potted_plant 141 97 169 163
