potted_plant 63 188 109 238
chair 178 209 198 237
chair 201 152 221 184
chair 333 208 359 232
chair 321 160 333 190
chair 303 207 327 233
chair 115 215 137 239
chair 387 163 405 193
chair 166 141 180 153
umbrella 73 103 133 129
umbrella 84 131 140 159
umbrella 56 164 118 192
umbrella 124 174 192 210
umbrella 161 110 223 136
person 233 77 255 123
person 256 79 274 123
person 207 205 225 239
person 384 87 400 127
person 216 216 238 238
person 405 81 415 133
person 122 207 144 237
person 386 212 406 234
person 245 78 259 122
person 244 229 268 239
person 388 228 410 238
chair 197 138 215 152
chair 283 168 301 194
chair 290 154 304 170
chair 305 172 325 194
chair 367 182 385 204
chair 356 166 370 194
chair 370 159 384 171
chair 342 193 362 217
chair 308 191 330 215
chair 260 215 278 237
chair 292 221 308 239
chair 53 206 73 238
chair 104 202 122 232
person 166 202 188 238
person 118 164 134 202
potted_plant 142 101 170 165
