potted_plant 64 190 110 238
chair 203 153 221 185
chair 332 207 358 233
chair 179 210 199 236
chair 302 209 326 235
chair 319 161 333 191
chair 384 167 402 197
chair 352 167 372 203
chair 166 145 184 177
umbrella 85 134 141 162
umbrella 126 176 190 206
umbrella 77 105 135 129
umbrella 56 166 118 196
umbrella 161 113 223 139
person 235 80 255 126
person 256 81 274 125
person 208 208 226 238
person 383 91 399 129
person 217 218 239 238
person 405 84 415 134
person 123 208 145 238
person 244 231 268 239
person 386 215 408 237
person 388 229 402 239
person 162 206 186 236
chair 198 141 214 153
chair 284 170 298 190
chair 305 177 327 195
chair 292 157 308 171
chair 366 183 386 205
chair 369 161 387 173
chair 341 194 361 216
chair 309 192 325 212
chair 259 217 277 235
chair 55 209 75 235
chair 108 203 124 227
person 119 166 133 204
potted_plant 144 100 168 166
