potted_plant 68 190 118 238
chair 203 158 219 190
chair 331 208 357 236
chair 323 167 333 189
chair 179 213 199 237
chair 167 147 185 177
chair 385 171 401 199
umbrella 79 110 135 134
umbrella 88 138 142 166
umbrella 59 169 119 199
umbrella 124 179 194 221
umbrella 163 116 223 142
person 234 84 256 130
person 256 86 276 128
person 207 213 227 239
person 383 91 395 135
person 405 90 415 138
person 221 224 239 238
person 125 209 145 237
person 387 217 401 235
person 244 233 256 239
person 382 231 404 239
chair 57 209 75 235
chair 108 212 122 228
chair 119 221 139 239
chair 200 143 218 163
chair 284 175 304 199
chair 291 158 305 174
chair 307 177 325 195
chair 355 171 369 199
chair 364 186 384 208
chair 369 164 383 176
chair 339 195 361 221
chair 307 195 329 219
chair 302 210 328 236
chair 260 220 280 238
person 169 207 189 239
person 120 170 134 208
person 405 190 415 232
potted_plant 144 103 172 169
