chair 118 88 146 144
chair 218 124 256 164
chair 325 14 353 66
chair 274 138 316 184
chair 145 2 181 50
chair 382 24 412 86
chair 303 82 341 132
chair 351 85 395 129
chair 288 105 318 159
chair 270 23 312 73
chair 25 91 63 153
umbrella 328 117 416 199
umbrella 155 144 285 232
umbrella 37 37 135 89
person 124 158 150 236
person 230 0 258 50
person 187 0 215 56
person 350 200 372 238
person 370 209 394 237
person 32 81 66 137
chair 72 117 114 171
chair 0 69 38 137
chair 285 2 319 44
chair 303 29 347 75
chair 309 59 349 99
chair 356 59 400 107
chair 236 94 278 148
umbrella 0 13 26 71
person 21 19 47 77
person 91 87 135 143
