potted_plant 72 208 120 238
chair 206 168 224 200
chair 372 181 394 215
chair 349 183 367 215
umbrella 88 126 142 150
umbrella 69 183 127 211
umbrella 96 152 150 180
umbrella 135 192 197 222
umbrella 169 133 227 157
person 236 101 256 145
person 255 103 275 145
person 400 107 414 151
person 382 107 394 149
person 401 194 415 236
person 383 228 397 240
person 132 223 150 239
person 219 229 243 239
chair 172 158 188 182
chair 204 157 222 179
chair 187 220 205 238
chair 263 229 281 239
chair 302 223 322 239
chair 334 225 352 239
chair 343 209 361 229
chair 305 208 327 226
chair 283 188 299 206
chair 291 174 307 190
chair 314 177 334 201
chair 305 190 325 214
chair 361 200 383 224
chair 364 177 382 187
chair 117 219 133 239
person 170 223 196 239
person 128 181 142 219
potted_plant 152 118 174 184
