chair 207 169 225 201
chair 371 184 393 214
chair 314 176 332 202
chair 347 184 371 218
umbrella 88 126 142 150
umbrella 97 153 151 179
umbrella 135 193 197 223
umbrella 69 183 129 211
umbrella 168 133 228 157
person 256 103 276 145
person 236 102 256 146
person 398 108 414 152
person 382 107 392 151
person 401 195 415 237
person 381 229 395 239
person 220 231 242 239
person 133 223 149 239
chair 174 162 198 188
chair 202 159 222 177
chair 189 224 207 238
chair 116 219 132 239
chair 263 229 277 239
chair 303 225 323 239
chair 335 225 357 239
chair 341 210 357 230
chair 309 208 327 226
chair 283 189 303 213
chair 290 173 306 191
chair 306 189 324 213
chair 361 197 383 221
chair 365 177 379 189
person 172 221 190 239
person 128 184 144 220
potted_plant 80 207 120 239
potted_plant 150 119 176 183
