chair 205 174 223 206
umbrella 99 154 151 182
umbrella 71 185 129 213
umbrella 172 135 226 159
umbrella 136 194 198 222
umbrella 92 128 144 152
person 257 106 275 146
person 239 103 257 147
person 400 110 414 154
person 381 109 393 153
person 401 198 415 238
person 376 230 398 240
person 137 225 151 239
chair 189 223 203 239
chair 118 221 136 239
chair 263 231 277 239
chair 205 161 221 179
chair 173 164 191 184
chair 283 189 303 213
chair 289 174 305 190
chair 313 178 333 202
chair 302 191 322 211
chair 306 209 320 225
chair 302 224 322 238
chair 335 227 359 239
chair 339 211 355 229
chair 352 186 366 210
chair 363 201 383 225
chair 377 185 395 211
chair 363 179 379 191
person 223 231 235 239
person 173 223 193 239
person 129 185 145 217
potted_plant 86 209 118 239
potted_plant 152 122 178 184
