potted_plant 76 214 122 240
chair 206 175 224 205
umbrella 92 130 144 156
umbrella 73 186 131 214
umbrella 99 157 151 183
umbrella 138 196 196 226
umbrella 172 138 226 164
person 258 109 274 151
person 380 113 392 155
person 399 115 413 157
person 238 105 252 151
person 399 200 415 238
person 376 231 398 239
person 226 235 238 239
person 135 227 157 239
chair 202 162 220 178
chair 173 163 191 183
chair 304 227 324 239
chair 331 229 351 239
chair 338 211 356 233
chair 304 212 324 228
chair 283 191 301 211
chair 289 176 305 192
chair 306 195 322 211
chair 312 181 330 203
chair 350 190 368 212
chair 361 202 379 226
chair 379 190 395 210
chair 363 181 379 193
chair 121 225 131 239
chair 192 229 204 239
person 170 224 194 240
person 133 187 147 221
potted_plant 154 126 176 188
