potted_plant 75 214 123 240
chair 207 176 225 206
umbrella 92 132 144 156
umbrella 137 197 201 227
umbrella 73 187 131 215
umbrella 99 157 153 183
umbrella 173 138 227 164
person 258 110 274 152
person 399 117 413 157
person 241 107 257 151
person 379 114 391 156
person 399 201 415 239
person 375 231 397 239
person 230 235 242 239
person 138 227 152 239
chair 175 164 191 184
chair 204 164 222 180
chair 284 190 302 214
chair 290 176 306 194
chair 304 197 324 215
chair 314 183 332 203
chair 307 212 325 228
chair 303 227 321 239
chair 337 214 359 234
chair 349 190 365 212
chair 364 181 380 199
chair 377 189 393 209
chair 363 203 381 223
chair 193 230 205 238
chair 120 225 134 239
person 167 225 195 239
person 130 187 146 217
potted_plant 155 127 177 187
