chair 208 177 226 207
chair 347 189 371 223
umbrella 93 133 145 157
umbrella 101 159 153 187
umbrella 75 188 129 218
umbrella 138 198 200 228
umbrella 173 140 227 164
person 240 109 258 153
person 258 111 274 153
person 399 116 413 158
person 379 114 391 158
person 399 202 415 238
person 374 231 398 239
chair 203 164 221 184
chair 176 167 194 187
chair 284 192 302 214
chair 287 177 307 193
chair 306 198 326 216
chair 315 183 333 207
chair 361 202 377 226
chair 377 189 395 215
chair 363 183 379 195
chair 339 212 359 236
chair 305 210 327 228
chair 302 226 326 238
person 136 229 156 239
person 169 225 195 239
person 131 189 147 221
potted_plant 81 217 125 239
potted_plant 156 131 176 189
