potted_plant 80 215 132 239
chair 206 177 226 207
chair 375 187 397 219
umbrella 94 134 146 158
umbrella 102 160 152 188
umbrella 174 141 228 165
umbrella 139 199 201 227
umbrella 75 189 131 219
person 240 109 258 153
person 258 113 274 153
person 397 117 413 159
person 379 116 391 158
person 398 204 414 238
person 372 234 400 238
chair 176 168 194 192
chair 205 165 223 187
chair 286 194 304 216
chair 291 178 305 196
chair 316 184 332 210
chair 305 194 323 220
chair 306 212 324 230
chair 336 215 358 235
chair 349 191 365 213
chair 361 205 377 227
chair 361 183 381 197
person 136 226 152 238
person 170 227 194 239
person 133 189 147 219
chair 303 229 319 239
potted_plant 156 131 178 189
