potted_plant 81 215 131 239
umbrella 96 136 146 158
umbrella 75 191 133 219
umbrella 140 200 200 230
umbrella 102 162 154 188
umbrella 174 142 228 166
person 239 111 257 155
person 397 118 413 160
person 259 114 275 156
person 377 118 391 160
person 398 204 414 238
chair 177 170 191 188
chair 207 169 225 185
chair 206 182 228 204
chair 283 197 301 217
chair 290 180 304 196
chair 315 184 331 206
chair 304 197 320 217
chair 308 212 320 228
chair 338 214 356 232
chair 304 230 322 238
chair 347 196 361 212
chair 361 207 379 225
chair 375 192 391 214
chair 362 185 378 201
person 137 229 153 239
person 170 231 198 239
person 133 189 151 219
potted_plant 157 131 181 191
