potted_plant 81 215 131 239
chair 206 183 224 211
chair 98 179 112 191
umbrella 95 137 147 159
umbrella 140 201 200 229
umbrella 76 192 134 220
umbrella 103 163 153 189
umbrella 174 143 228 167
person 259 114 275 156
person 240 112 258 156
person 397 119 413 161
person 377 119 391 161
person 398 206 414 238
chair 176 170 192 190
chair 204 168 222 184
chair 283 197 301 219
chair 290 182 302 196
chair 304 199 320 217
chair 315 186 331 206
chair 306 216 324 230
chair 303 231 321 239
chair 339 218 355 238
chair 350 195 364 217
chair 360 207 376 225
chair 362 187 378 195
chair 375 192 393 216
person 139 230 151 238
person 171 229 195 239
person 134 193 150 221
boat 145 1 395 11
potted_plant 156 131 178 191
