potted_plant 83 217 131 239
chair 208 183 226 213
umbrella 95 138 147 164
umbrella 76 193 134 221
umbrella 141 203 199 233
umbrella 175 145 227 171
umbrella 102 164 154 190
person 258 116 274 158
person 376 121 390 161
person 241 115 257 157
person 396 122 412 164
person 398 206 414 238
chair 177 173 195 189
chair 207 172 225 180
chair 283 199 303 219
chair 291 182 305 198
chair 316 188 332 210
chair 303 200 323 216
chair 306 217 322 229
chair 340 217 358 239
chair 347 195 369 217
chair 360 188 376 198
chair 374 193 392 215
chair 360 206 378 226
person 141 231 153 239
person 136 193 150 221
chair 303 230 319 238
boat 148 0 394 12
potted_plant 157 139 179 193
