potted_plant 83 217 131 239
chair 208 184 226 214
chair 179 177 197 203
umbrella 97 140 149 164
umbrella 142 204 200 234
umbrella 175 147 229 171
umbrella 78 195 134 221
umbrella 106 165 156 189
person 240 116 258 158
person 259 117 275 159
person 376 123 388 163
person 396 124 412 164
person 399 206 415 238
chair 206 172 222 184
chair 284 200 300 218
chair 292 185 306 199
chair 307 204 321 218
chair 315 190 331 208
chair 309 219 321 229
chair 336 219 354 237
chair 349 198 363 218
chair 362 209 376 225
chair 375 196 391 214
chair 363 190 375 200
person 142 231 156 239
person 137 195 149 233
boat 149 0 405 14
potted_plant 158 135 180 193
