chair 209 183 227 215
umbrella 144 206 200 234
umbrella 106 167 158 195
umbrella 99 143 149 165
umbrella 177 149 229 173
umbrella 79 197 135 225
person 241 119 259 161
person 393 125 411 167
person 259 121 275 161
person 375 125 389 165
person 398 209 414 237
chair 180 177 198 197
chair 207 175 223 189
chair 286 199 304 221
chair 291 185 307 199
chair 305 203 323 223
chair 314 190 336 214
chair 349 200 363 220
chair 362 191 376 207
chair 376 196 394 220
chair 362 212 376 230
chair 338 221 356 237
chair 309 221 321 235
person 136 197 152 233
boat 157 0 407 14
potted_plant 89 223 129 239
potted_plant 159 137 181 195
