chair 208 184 226 216
umbrella 144 207 202 235
umbrella 178 151 230 173
umbrella 108 169 158 195
umbrella 80 197 136 225
umbrella 99 144 151 166
person 259 122 275 164
person 241 120 259 162
person 392 126 410 168
person 375 126 389 166
chair 180 178 198 200
chair 207 175 229 191
chair 281 203 303 223
chair 291 188 305 204
chair 304 206 324 222
chair 315 192 331 212
chair 304 221 322 233
chair 336 222 354 238
chair 348 202 360 226
chair 358 215 374 233
chair 375 200 389 224
chair 360 192 374 204
person 397 209 415 239
person 137 196 151 234
boat 158 1 410 17
potted_plant 91 219 129 239
potted_plant 159 135 183 199
