umbrella 101 147 153 171
umbrella 145 208 203 236
umbrella 110 171 160 197
umbrella 82 200 138 226
umbrella 179 152 231 174
person 259 125 275 165
person 375 130 389 168
person 242 123 258 163
person 392 130 410 172
person 396 214 414 238
chair 179 180 197 194
chair 210 194 230 210
chair 211 178 225 190
chair 286 206 302 224
chair 292 189 306 201
chair 306 223 324 235
chair 340 221 350 239
chair 359 217 373 235
chair 348 203 362 223
chair 362 195 374 207
chair 375 201 389 219
chair 315 196 331 212
chair 305 208 323 222
person 139 199 153 235
boat 162 1 410 23
potted_plant 159 140 185 198
