chair 208 190 226 218
handbag 401 145 411 157
umbrella 102 146 152 172
umbrella 146 210 204 236
umbrella 110 172 160 196
umbrella 179 153 231 179
umbrella 83 200 139 226
person 259 126 275 166
person 241 124 259 164
person 374 131 388 169
person 392 131 410 171
person 396 214 414 238
chair 181 179 195 201
chair 207 178 227 194
chair 284 204 304 226
chair 292 190 306 206
chair 313 195 329 211
chair 306 206 328 224
chair 303 222 323 236
chair 336 223 354 239
chair 360 218 376 234
chair 348 203 360 221
chair 362 192 374 204
chair 375 201 391 217
person 140 198 156 236
boat 165 1 411 25
potted_plant 158 140 184 200
