chair 209 191 227 219
umbrella 101 148 153 172
umbrella 179 154 231 178
umbrella 147 210 203 236
umbrella 110 173 160 197
umbrella 84 201 140 227
boat 157 2 407 30
person 261 126 275 166
person 242 123 258 165
person 392 132 410 172
person 374 132 388 170
person 396 215 414 237
chair 182 181 200 199
chair 208 178 226 192
chair 284 206 300 224
chair 291 191 307 205
chair 304 209 318 225
chair 315 196 331 212
chair 307 223 321 237
chair 335 223 351 239
chair 361 217 373 233
chair 348 206 362 222
chair 361 196 377 206
chair 378 206 390 218
person 141 200 153 232
potted_plant 161 140 183 198
