chair 213 191 231 221
umbrella 149 213 205 239
umbrella 112 177 162 203
umbrella 107 151 155 173
umbrella 180 158 230 180
umbrella 87 204 141 232
person 260 129 276 171
person 391 134 409 174
person 241 129 259 169
person 373 135 387 173
person 396 216 414 238
chair 210 182 224 194
chair 184 182 200 204
chair 285 210 301 230
chair 289 195 303 209
chair 313 198 327 216
chair 300 210 320 228
chair 305 225 321 239
chair 337 227 351 239
chair 358 221 372 237
chair 347 207 361 227
chair 361 196 371 208
chair 376 204 388 220
person 143 201 153 235
boat 167 1 415 31
potted_plant 164 144 186 206
