umbrella 149 214 205 238
umbrella 113 177 163 203
umbrella 107 152 155 174
umbrella 181 158 231 180
umbrella 88 204 142 232
person 261 131 275 171
person 373 136 387 174
person 391 135 407 175
person 243 129 259 169
person 390 217 410 239
chair 217 198 231 220
chair 182 185 196 203
chair 210 183 230 197
chair 283 209 307 229
chair 306 212 322 228
chair 315 201 331 219
chair 291 195 311 207
chair 305 227 325 239
chair 336 227 352 239
chair 347 208 359 224
chair 357 219 375 235
chair 361 199 373 211
chair 373 206 387 222
person 144 202 154 236
boat 169 0 415 32
potted_plant 165 146 189 204
