chair 120 89 148 145
chair 273 138 315 184
chair 145 7 181 57
chair 304 83 340 133
chair 352 85 392 131
chair 218 125 256 167
chair 324 15 352 67
chair 383 25 413 87
chair 27 95 63 151
chair 271 22 309 76
chair 291 120 319 154
umbrella 330 125 414 197
umbrella 156 145 286 231
umbrella 39 38 135 88
umbrella 118 0 162 17
umbrella 0 16 23 64
umbrella 1 1 65 19
person 115 158 151 238
person 228 0 254 54
person 187 1 213 64
person 351 201 373 239
person 370 209 394 237
person 35 87 61 127
chair 4 71 38 137
chair 74 122 118 172
chair 240 99 278 151
chair 356 63 398 109
chair 305 33 345 73
chair 306 63 344 103
chair 286 5 320 55
person 94 89 132 143
person 23 20 51 84
