chair 217 196 231 228
umbrella 110 158 156 180
umbrella 151 218 207 240
umbrella 91 208 145 234
umbrella 115 182 165 210
umbrella 181 164 231 186
person 243 134 261 174
person 389 139 403 181
person 261 138 275 174
person 371 142 385 180
person 391 219 411 239
chair 186 189 202 207
chair 210 187 228 199
chair 285 214 299 234
chair 291 201 303 213
chair 314 206 328 220
chair 304 216 324 236
chair 346 211 358 231
chair 357 224 369 236
chair 357 203 373 217
chair 371 209 387 229
person 145 206 157 236
boat 179 1 415 41
potted_plant 164 151 192 211
