chair 218 199 232 229
umbrella 116 184 166 210
umbrella 111 160 159 180
umbrella 92 211 144 235
umbrella 152 219 206 239
umbrella 183 165 233 187
person 262 139 276 179
person 243 138 261 178
person 388 142 402 182
person 371 144 385 182
person 393 221 409 239
chair 187 191 201 209
chair 214 191 226 203
chair 287 216 301 234
chair 291 202 303 216
chair 304 221 320 233
chair 318 208 332 224
chair 344 213 358 229
chair 355 225 371 237
chair 358 207 370 217
chair 371 212 383 228
person 148 208 160 224
boat 181 4 415 46
potted_plant 165 153 189 211
