chair 217 199 231 229
umbrella 111 161 159 181
umbrella 116 184 166 210
umbrella 153 219 207 239
umbrella 93 211 143 235
umbrella 184 167 232 187
person 262 139 276 179
person 244 138 260 178
person 387 143 401 183
person 371 144 385 182
person 392 223 408 239
chair 186 192 198 208
chair 214 190 226 202
chair 286 216 300 234
chair 290 203 302 215
chair 305 219 319 231
chair 313 206 327 222
chair 347 214 359 228
chair 356 226 372 238
chair 360 207 372 215
chair 373 211 387 227
chair 0 91 6 111
person 148 207 160 225
boat 181 5 415 45
potted_plant 164 151 190 211
