chair 217 199 233 229
umbrella 111 161 159 181
umbrella 153 219 207 239
umbrella 116 185 166 211
umbrella 93 211 145 235
umbrella 183 167 233 187
person 262 139 276 179
person 244 138 260 178
person 387 143 401 183
person 371 144 385 182
person 392 223 408 239
chair 187 191 205 213
chair 213 190 229 202
chair 284 217 300 235
chair 293 202 305 214
chair 305 219 317 231
chair 313 205 329 225
chair 345 215 357 233
chair 355 225 369 239
chair 355 207 371 217
chair 374 213 386 229
chair 0 91 8 109
person 149 211 163 223
boat 179 4 415 46
potted_plant 164 153 194 213
