chair 217 199 233 229
umbrella 112 161 158 185
umbrella 119 185 167 211
umbrella 152 220 208 240
umbrella 93 211 145 235
umbrella 185 167 233 187
person 244 139 260 179
person 262 141 276 179
person 387 148 401 184
person 371 144 385 182
person 392 223 408 239
person 213 21 219 29
person 226 20 232 30
chair 1 92 9 114
chair 187 192 201 210
chair 214 191 228 203
chair 284 216 300 238
chair 293 203 303 213
chair 306 219 320 235
chair 313 206 327 224
chair 345 216 357 228
chair 355 227 369 239
chair 359 209 371 217
chair 372 211 384 227
person 149 210 161 226
boat 185 6 415 48
potted_plant 165 154 197 212
