chair 216 197 232 229
umbrella 112 162 160 186
umbrella 152 220 208 240
umbrella 119 185 167 211
umbrella 92 212 146 238
umbrella 185 169 233 187
person 262 141 276 179
person 245 139 259 179
person 388 146 402 184
person 371 146 385 182
person 391 223 407 239
person 213 21 219 29
chair 287 217 301 235
chair 293 203 303 215
chair 315 208 327 222
chair 306 219 318 231
chair 345 215 357 231
chair 357 208 369 216
chair 371 215 385 229
chair 356 229 372 239
chair 190 193 198 211
chair 214 190 228 202
chair 0 93 8 117
person 148 210 162 228
boat 185 6 415 50
potted_plant 168 153 196 211
