chair 217 197 233 231
umbrella 113 163 159 185
umbrella 93 213 147 239
umbrella 184 169 234 193
umbrella 152 221 208 239
umbrella 120 187 166 211
person 262 142 276 180
person 385 146 401 186
person 245 140 259 180
person 370 147 382 183
person 240 24 246 30
person 387 224 411 240
chair 0 92 10 112
chair 188 194 202 208
chair 213 193 227 203
chair 284 217 302 235
chair 292 205 306 217
chair 306 221 318 235
chair 315 208 329 228
chair 346 217 358 231
chair 355 227 367 239
chair 358 210 370 218
chair 371 214 383 224
person 151 211 163 229
boat 191 8 415 48
potted_plant 165 154 193 214
umbrella 0 50 50 84
