chair 215 203 235 235
umbrella 114 163 160 187
umbrella 94 213 146 239
umbrella 121 187 167 211
umbrella 152 222 208 240
umbrella 185 170 233 192
person 246 140 260 182
person 385 146 401 186
person 262 144 276 182
person 370 147 382 185
person 241 24 247 32
person 230 24 234 32
chair 213 193 227 205
chair 187 195 199 211
chair 0 92 12 128
chair 285 219 299 235
chair 292 204 304 218
chair 304 223 318 235
chair 314 210 326 228
chair 346 218 358 232
chair 355 229 371 239
chair 357 210 371 218
chair 371 215 383 231
person 150 210 162 226
boat 187 9 415 49
potted_plant 164 155 196 215
umbrella 0 52 46 82
