chair 273 137 315 185
chair 126 92 148 140
chair 351 85 393 131
chair 145 6 183 58
chair 304 84 340 132
chair 218 125 256 167
chair 325 15 353 67
chair 382 25 412 87
chair 273 22 309 76
chair 291 122 319 154
chair 27 94 65 152
chair 402 26 414 86
chair 316 38 342 74
umbrella 329 125 415 197
umbrella 157 144 285 232
umbrella 39 39 135 87
umbrella 0 18 23 64
umbrella 0 0 66 18
person 114 160 150 238
person 227 0 253 54
person 186 2 212 65
person 368 208 394 238
person 350 202 372 238
person 35 88 75 144
chair 76 120 118 172
chair 4 72 36 136
chair 283 5 317 49
chair 312 63 348 107
chair 352 62 398 108
chair 237 97 277 153
person 95 89 135 143
person 24 22 50 80
