umbrella 114 164 160 186
umbrella 94 214 148 238
umbrella 120 189 168 211
umbrella 185 170 233 192
umbrella 151 222 209 240
person 245 141 261 181
person 262 144 276 182
person 384 147 400 187
person 370 147 382 185
person 230 24 234 32
person 234 25 240 33
person 241 26 247 34
person 391 227 407 239
chair 215 210 231 228
chair 213 193 227 207
chair 189 196 199 208
chair 285 220 301 236
chair 291 205 305 217
chair 308 225 322 237
chair 315 212 327 224
chair 345 217 357 229
chair 356 231 368 239
chair 359 212 371 218
chair 371 216 383 232
chair 0 94 12 118
person 151 212 163 226
boat 189 10 415 52
potted_plant 163 154 191 214
umbrella 0 56 46 84
