chair 216 204 234 234
umbrella 115 165 161 187
umbrella 119 190 169 218
umbrella 96 215 148 239
umbrella 149 223 209 239
umbrella 186 172 234 192
person 245 142 261 182
person 262 145 276 183
person 385 149 399 189
person 370 149 382 187
person 390 227 406 239
chair 0 94 12 120
chair 187 196 201 214
chair 214 195 228 209
chair 285 223 299 235
chair 291 206 303 218
chair 314 211 326 225
chair 304 225 320 239
chair 345 218 357 232
chair 354 229 368 239
chair 358 210 370 220
chair 371 217 383 229
person 150 213 162 229
boat 187 11 415 53
person 31 1 41 21
potted_plant 167 157 195 219
umbrella 0 55 56 85
