chair 217 204 233 236
umbrella 120 190 170 218
umbrella 115 167 161 187
umbrella 97 216 149 240
umbrella 187 173 233 193
umbrella 149 223 211 239
person 264 146 276 186
person 245 144 261 184
person 384 150 398 190
person 370 150 380 190
person 390 227 406 239
person 380 149 392 189
chair 0 99 14 123
chair 188 197 200 215
chair 215 198 229 206
chair 287 221 299 237
chair 292 207 304 221
chair 313 213 327 225
chair 304 223 322 239
chair 356 232 370 238
chair 345 220 355 234
chair 357 213 369 219
chair 369 217 383 227
person 151 214 163 230
boat 189 14 415 56
person 34 2 40 22
potted_plant 169 158 193 218
umbrella 0 53 52 93
