chair 216 205 234 235
handbag 389 166 397 174
umbrella 114 168 162 188
umbrella 120 191 170 217
umbrella 98 217 148 239
umbrella 186 173 234 193
umbrella 149 223 211 239
person 264 147 276 185
person 245 145 261 185
person 384 150 398 190
person 370 150 380 190
person 388 227 410 239
person 379 149 391 189
person 2 98 14 114
chair 4 101 14 123
chair 190 198 200 212
chair 216 196 228 206
chair 286 223 300 239
chair 292 208 304 220
chair 314 212 326 226
chair 303 225 319 239
chair 344 220 354 234
chair 355 231 369 239
chair 357 213 369 221
chair 372 217 384 235
person 151 214 165 230
boat 193 13 415 57
person 35 3 41 21
potted_plant 168 159 194 217
umbrella 0 52 52 90
