chair 359 78 397 126
chair 304 77 340 127
chair 274 138 316 182
chair 214 120 252 160
chair 323 6 355 58
chair 142 1 182 47
chair 382 18 412 80
chair 286 105 320 157
chair 271 13 311 69
chair 13 95 49 151
chair 245 97 265 147
chair 2 71 18 115
umbrella 329 117 415 199
umbrella 153 146 287 230
umbrella 29 28 133 82
umbrella 0 11 16 55
person 135 148 163 234
person 239 0 267 32
person 198 1 226 37
chair 100 81 144 137
chair 65 114 111 164
chair 284 0 320 36
chair 304 25 346 67
chair 308 58 354 104
chair 357 56 401 104
person 92 78 126 138
person 13 12 41 78
person 352 195 374 239
person 373 210 399 238
