chair 219 206 235 236
handbag 389 170 395 178
umbrella 118 171 164 193
umbrella 125 194 171 218
umbrella 187 177 235 201
umbrella 99 219 151 239
umbrella 156 229 216 239
person 263 152 277 188
person 247 149 261 187
person 368 154 378 194
person 380 155 396 193
person 387 230 411 240
chair 2 100 18 130
chair 189 200 203 222
chair 216 200 230 216
chair 285 224 299 238
chair 291 210 305 224
chair 311 214 325 232
chair 304 227 320 239
chair 344 221 358 237
chair 353 233 367 239
chair 355 214 367 224
chair 370 221 382 237
person 151 217 167 233
boat 199 19 415 65
person 38 7 46 27
potted_plant 170 161 194 221
umbrella 0 62 56 96
