umbrella 126 197 172 219
umbrella 117 174 165 194
umbrella 100 221 154 239
umbrella 189 180 237 200
umbrella 156 229 216 239
person 263 154 277 192
person 380 158 394 196
person 365 159 379 195
person 247 152 263 190
person 0 30 4 56
person 42 11 52 31
person 76 0 86 4
chair 191 203 205 219
chair 219 204 231 212
chair 6 106 26 138
chair 286 227 296 239
chair 293 214 303 224
chair 315 218 327 230
chair 303 229 323 239
chair 345 225 357 239
chair 355 216 365 226
chair 369 222 381 238
chair 219 215 239 231
boat 199 23 415 65
potted_plant 171 168 197 222
umbrella 0 63 56 97
