umbrella 119 175 167 195
umbrella 125 197 173 219
umbrella 190 181 236 201
umbrella 99 223 155 239
umbrella 162 231 208 239
person 264 154 276 192
person 379 157 395 197
person 365 159 379 197
person 247 153 263 193
person 0 31 4 55
person 72 0 80 8
person 43 13 51 33
person 83 0 89 4
chair 219 217 235 233
chair 218 202 230 214
chair 192 205 204 215
chair 284 227 300 239
chair 292 215 306 223
chair 305 232 319 238
chair 313 221 327 231
chair 344 227 354 237
chair 356 219 368 227
chair 368 226 382 238
chair 9 107 23 131
chair 4 125 16 139
boat 203 23 415 69
potted_plant 171 167 195 223
umbrella 0 66 56 100
