umbrella 120 176 168 196
umbrella 190 181 236 201
umbrella 125 198 173 224
umbrella 98 223 156 239
umbrella 162 231 208 239
person 264 155 276 193
person 247 154 263 194
person 380 159 394 197
person 364 159 378 197
person 1 32 5 60
person 44 14 52 34
person 73 1 79 9
chair 8 108 22 130
chair 220 219 234 235
chair 217 205 227 215
chair 193 206 203 216
chair 285 230 297 238
chair 305 233 317 239
chair 314 222 324 234
chair 293 216 303 224
chair 345 226 353 238
chair 356 222 364 228
chair 369 225 379 235
chair 4 124 20 138
boat 203 24 415 68
potted_plant 172 167 196 223
umbrella 0 68 58 100
