handbag 388 175 394 183
umbrella 124 199 174 223
umbrella 118 175 168 201
umbrella 190 182 236 202
umbrella 98 223 156 239
umbrella 163 231 207 239
person 264 155 276 193
person 246 153 262 193
person 365 160 379 198
person 380 159 394 197
person 0 34 6 60
person 43 14 53 34
person 124 1 128 3
person 73 1 79 9
person 83 1 87 7
chair 10 111 22 129
chair 219 217 233 229
chair 217 205 231 215
chair 192 205 208 217
chair 287 229 299 239
chair 292 215 302 225
chair 313 223 325 231
chair 304 233 316 239
chair 345 229 353 239
chair 356 221 366 227
chair 369 227 379 237
chair 7 127 19 139
boat 205 25 415 67
potted_plant 171 169 199 229
umbrella 0 69 60 99
