chair 219 214 237 238
umbrella 122 178 166 200
umbrella 126 201 176 225
umbrella 189 184 237 208
umbrella 101 226 163 240
person 264 159 276 195
person 248 156 262 196
person 380 161 394 201
person 362 163 376 199
person 48 18 56 38
person 71 3 79 15
person 2 114 14 128
person 0 27 6 59
person 78 0 88 12
chair 17 113 25 131
chair 5 128 23 144
chair 194 208 204 220
chair 219 206 231 214
chair 287 230 299 238
chair 292 217 302 225
chair 315 223 325 233
chair 305 233 313 239
chair 343 227 353 239
chair 354 222 366 228
chair 367 227 379 237
boat 207 28 415 72
potted_plant 173 173 197 227
umbrella 0 72 64 102
