umbrella 129 205 177 233
umbrella 124 183 170 203
umbrella 192 189 238 209
umbrella 105 229 163 239
person 263 163 277 199
person 247 162 263 200
person 378 166 392 206
person 361 170 375 206
person 90 0 100 14
person 78 9 88 23
person 69 14 79 26
person 54 25 64 45
chair 11 134 25 146
chair 16 118 30 130
chair 195 213 205 225
chair 218 210 230 218
chair 291 222 305 234
chair 312 227 322 237
chair 352 227 364 237
chair 289 234 297 238
chair 368 231 378 239
chair 222 224 236 236
boat 217 36 415 78
person 2 39 14 63
potted_plant 174 177 198 231
umbrella 0 62 46 88
umbrella 0 78 64 108
