umbrella 124 184 170 208
umbrella 129 205 177 233
umbrella 192 189 238 209
umbrella 106 229 164 239
person 263 164 277 200
person 248 163 262 201
person 361 171 375 205
person 379 168 393 208
person 78 10 88 24
person 92 0 100 17
person 71 14 79 26
person 8 121 20 135
person 55 26 63 46
person 3 40 13 66
chair 11 136 27 148
chair 22 120 30 134
chair 195 214 205 224
chair 221 212 231 220
chair 292 224 306 232
chair 313 228 323 238
chair 355 228 365 234
chair 370 231 378 239
chair 223 226 237 236
boat 219 37 415 79
potted_plant 176 177 202 231
umbrella 0 62 44 88
umbrella 1 80 69 110
