umbrella 128 188 172 208
umbrella 135 210 179 232
umbrella 192 193 238 215
car 40 0 72 9
person 250 166 262 204
person 378 170 392 212
person 264 168 276 204
person 360 175 372 207
person 97 4 105 22
person 79 19 87 31
person 71 22 79 34
person 12 126 22 140
person 60 33 68 51
person 5 48 15 60
person 60 31 66 41
chair 18 136 30 154
chair 25 124 35 140
chair 196 215 206 231
chair 222 216 232 226
chair 224 228 236 238
chair 293 226 303 234
chair 314 231 322 239
chair 354 231 362 237
boat 223 44 415 86
potted_plant 177 184 205 236
umbrella 0 70 44 94
umbrella 0 90 70 116
