umbrella 129 188 171 208
umbrella 135 210 179 232
umbrella 192 194 238 216
car 40 0 72 9
person 377 170 391 212
person 249 167 263 205
person 263 168 277 204
person 360 175 372 207
person 97 4 105 22
person 78 19 86 31
person 13 126 23 140
person 71 23 79 35
person 61 33 69 53
chair 291 226 303 236
chair 312 229 322 239
chair 353 229 363 239
chair 222 227 236 239
chair 220 214 232 226
chair 198 217 208 227
chair 15 140 29 152
chair 24 126 34 138
boat 225 43 415 87
person 8 49 18 71
potted_plant 176 185 202 235
umbrella 0 71 46 95
umbrella 0 85 68 115
