chair 273 137 313 185
chair 351 84 393 132
chair 304 85 340 133
chair 122 90 148 144
chair 331 19 353 59
chair 220 125 256 167
chair 147 7 183 59
chair 381 28 413 86
chair 292 121 318 157
chair 28 95 64 151
chair 274 20 310 76
chair 7 85 33 117
chair 312 39 344 85
chair 76 99 116 175
umbrella 329 128 415 196
umbrella 43 39 135 89
umbrella 158 143 286 233
umbrella 0 0 71 18
umbrella 0 21 31 73
person 112 160 152 240
person 225 0 251 56
person 186 2 210 65
person 350 202 372 238
person 367 211 395 239
person 37 88 77 144
chair 237 96 279 150
chair 355 65 395 111
chair 310 61 350 109
chair 284 5 320 47
person 93 91 133 145
person 25 25 53 83
