umbrella 128 189 172 209
umbrella 135 211 179 233
umbrella 193 195 239 215
car 39 0 71 10
person 249 167 263 205
person 378 170 392 212
person 263 168 277 204
person 360 176 372 208
person 97 5 105 23
person 78 21 86 33
person 71 25 79 37
person 61 33 69 53
person 13 126 23 140
person 7 49 15 61
chair 25 127 35 141
chair 18 141 32 155
chair 197 217 209 229
chair 222 215 232 227
chair 224 227 236 239
chair 293 226 305 238
chair 310 230 322 238
chair 353 231 363 239
boat 227 44 415 86
potted_plant 178 187 202 237
umbrella 0 73 52 97
umbrella 0 90 76 118
