umbrella 134 212 180 232
umbrella 128 190 172 210
umbrella 195 196 239 214
car 32 0 74 12
person 378 172 392 212
person 250 167 264 205
person 264 170 278 206
person 360 176 372 210
person 98 6 106 24
person 15 128 27 142
person 71 26 79 38
person 78 22 86 34
person 150 0 156 3
person 10 50 20 74
chair 17 143 33 157
chair 26 126 36 136
chair 197 218 209 230
chair 222 215 234 227
chair 221 229 237 239
chair 291 227 303 235
chair 351 231 361 237
boat 227 45 415 87
person 60 34 70 52
potted_plant 179 186 201 236
umbrella 0 71 52 97
umbrella 0 90 72 118
