umbrella 135 213 181 233
umbrella 130 191 172 209
umbrella 195 197 239 215
umbrella 0 86 69 132
car 31 0 67 16
person 250 169 264 207
person 265 170 277 206
person 377 174 391 212
person 360 177 372 209
person 101 9 109 25
person 77 24 85 36
person 16 129 26 143
person 150 0 156 4
person 62 36 70 44
person 71 29 79 41
person 11 52 21 76
person 155 0 161 4
chair 19 143 35 157
chair 28 130 38 144
chair 199 218 207 230
chair 221 218 233 228
chair 222 229 238 239
chair 292 228 304 240
boat 227 47 415 89
potted_plant 179 187 201 237
umbrella 0 74 52 96
