umbrella 130 192 172 214
umbrella 136 212 182 234
umbrella 195 198 239 216
car 27 2 61 20
person 252 170 264 208
person 377 175 391 215
person 265 173 277 207
person 102 11 110 27
person 359 178 373 212
person 76 27 84 39
person 17 132 27 144
person 13 54 21 76
person 155 0 161 6
person 151 0 157 8
chair 197 220 209 230
chair 222 219 236 229
chair 225 232 237 238
chair 19 144 35 158
chair 28 129 40 141
chair 291 231 305 239
boat 229 50 415 92
person 65 38 73 58
person 69 32 79 44
potted_plant 183 189 201 239
umbrella 0 93 78 123
umbrella 0 76 52 98
