umbrella 134 195 174 215
umbrella 138 216 182 238
umbrella 196 200 240 224
car 16 9 54 29
person 377 177 391 217
person 251 174 263 210
person 265 176 277 210
person 359 181 373 213
person 105 16 113 32
person 154 0 164 12
person 76 33 84 45
person 19 134 29 148
person 16 58 24 82
person 69 36 79 50
person 0 136 8 158
person 68 41 78 61
person 30 133 40 147
chair 196 223 206 233
chair 222 220 234 230
chair 293 231 301 239
chair 21 148 37 160
chair 34 135 42 147
boat 235 53 415 99
potted_plant 181 191 201 239
umbrella 1 95 79 123
umbrella 0 82 58 104
