umbrella 134 197 174 215
umbrella 197 202 241 222
umbrella 138 217 182 237
car 11 15 49 33
person 377 180 391 218
person 252 175 264 211
person 359 182 373 216
person 108 18 116 34
person 264 177 276 211
person 155 0 163 13
person 68 40 78 52
person 18 61 28 85
person 76 37 84 49
person 23 136 33 150
person 69 40 79 66
person 196 0 200 2
person 160 0 166 12
chair 199 223 215 235
chair 224 223 234 233
chair 290 232 304 238
chair 26 150 40 162
chair 38 136 48 154
boat 237 55 415 101
potted_plant 183 193 205 239
umbrella 14 100 70 120
umbrella 0 84 58 104
