umbrella 139 220 185 238
umbrella 198 204 240 222
umbrella 136 199 176 217
car 13 23 37 41
person 251 178 265 214
person 377 182 391 220
person 359 184 373 218
person 267 180 279 214
person 110 22 118 38
person 161 3 167 17
person 198 1 202 7
person 21 65 29 89
person 157 4 163 18
person 69 43 81 57
person 25 140 35 154
person 24 140 42 166
chair 291 235 303 239
chair 202 226 216 238
chair 225 224 239 236
chair 40 138 50 156
chair 26 153 40 165
chair 0 148 10 164
boat 241 58 415 104
potted_plant 184 195 206 239
umbrella 13 103 79 127
umbrella 0 88 58 106
