umbrella 139 220 185 238
umbrella 136 199 178 217
umbrella 198 205 240 223
umbrella 14 106 78 128
car 11 24 35 44
person 252 178 264 214
person 377 182 391 220
person 111 23 119 39
person 267 182 279 214
person 360 184 374 218
person 161 4 167 18
person 157 5 163 19
person 198 2 202 8
person 21 65 31 89
person 74 43 82 57
person 25 140 35 154
person 66 47 74 59
chair 1 149 13 163
chair 24 151 40 165
chair 36 139 48 155
chair 200 227 214 239
chair 224 226 240 238
boat 241 59 415 105
potted_plant 184 197 206 239
umbrella 0 86 68 108
