umbrella 139 220 185 238
umbrella 136 200 178 216
umbrella 198 205 240 223
car 11 25 35 45
person 251 179 265 215
person 377 183 391 219
person 267 182 279 214
person 111 22 119 40
person 359 186 373 220
person 160 5 168 19
person 158 4 164 20
person 198 3 202 9
person 25 140 35 154
person 74 44 82 56
person 22 66 32 88
person 36 139 46 149
person 66 46 74 60
person 3 141 15 161
chair 201 225 215 239
chair 225 224 239 234
chair 1 147 11 165
chair 27 151 45 165
chair 39 140 51 160
boat 241 60 415 106
potted_plant 182 196 204 238
umbrella 11 101 83 131
umbrella 1 89 61 111
