chair 274 136 314 186
chair 329 22 353 62
chair 121 93 151 149
chair 348 83 392 133
chair 221 128 257 168
chair 304 84 340 134
chair 151 15 179 51
chair 291 121 319 157
chair 383 29 413 85
chair 246 106 266 152
chair 75 103 117 173
chair 9 84 35 118
chair 270 32 310 78
chair 400 36 414 90
umbrella 327 128 413 198
umbrella 158 144 288 232
umbrella 0 23 32 73
umbrella 46 41 136 91
umbrella 0 1 73 21
person 224 2 248 67
person 180 3 206 68
person 111 164 153 238
person 40 90 78 144
person 366 212 394 240
person 350 201 370 239
chair 305 39 343 79
chair 285 11 317 55
chair 356 64 396 114
chair 314 66 350 110
person 99 91 135 147
person 26 26 54 88
