chair 274 137 314 185
chair 121 94 151 150
chair 327 21 353 63
chair 348 82 392 134
chair 304 84 340 134
chair 221 128 257 168
chair 290 121 318 157
chair 148 9 182 59
chair 382 28 412 86
chair 245 104 267 144
chair 400 36 414 90
chair 74 103 118 173
chair 9 85 35 117
chair 270 31 310 79
chair 38 92 82 152
umbrella 326 128 414 198
umbrella 158 144 288 232
umbrella 0 24 33 72
umbrella 46 42 136 92
umbrella 1 0 74 20
person 224 2 248 67
person 183 2 207 69
person 110 164 152 238
person 39 91 79 145
person 365 213 393 239
person 349 202 371 238
chair 285 10 317 50
chair 303 36 343 78
chair 309 66 345 110
chair 355 67 395 113
person 102 92 136 148
person 27 26 53 90
