chair 274 138 312 186
chair 304 83 340 135
chair 347 81 391 135
chair 221 137 255 167
chair 122 94 150 150
chair 290 122 318 158
chair 400 37 414 89
chair 246 106 266 152
chair 381 33 411 91
chair 75 104 117 174
chair 16 92 40 124
chair 290 15 312 51
chair 36 104 60 142
umbrella 158 146 288 232
umbrella 0 26 35 72
umbrella 326 127 416 211
umbrella 47 42 137 92
umbrella 0 1 82 21
person 223 0 247 69
person 180 2 206 73
person 109 167 145 239
person 40 90 78 144
person 348 203 370 239
person 366 213 392 239
chair 142 10 186 56
chair 356 66 396 114
chair 313 68 355 112
chair 309 39 341 75
chair 321 18 357 62
chair 273 31 309 79
person 101 93 137 147
person 30 26 56 92
potted_plant 0 83 32 177
