chair 307 76 345 126
chair 360 77 396 125
chair 141 1 183 49
chair 323 6 355 58
chair 383 17 413 79
chair 214 120 252 160
chair 274 138 316 182
chair 271 13 311 69
chair 287 103 321 159
chair 11 95 49 151
chair 245 97 265 147
chair 95 5 143 47
chair 2 71 18 117
umbrella 29 28 133 82
umbrella 329 117 415 199
umbrella 153 147 287 231
umbrella 0 11 16 55
person 134 150 164 234
person 238 1 266 33
person 197 1 225 39
person 26 79 66 139
person 371 208 399 238
chair 282 1 322 37
chair 306 30 346 68
chair 304 58 352 98
chair 359 59 403 101
chair 65 112 115 168
chair 106 77 144 141
person 15 12 45 80
person 92 80 128 140
person 352 195 376 239
