chair 274 136 312 186
chair 122 95 150 151
chair 220 136 256 168
chair 304 83 340 135
chair 285 118 319 172
chair 381 34 411 92
chair 34 112 60 148
chair 246 106 266 152
chair 400 46 414 94
chair 16 92 40 124
chair 150 21 174 59
chair 271 31 311 81
chair 289 15 311 51
umbrella 326 128 416 210
umbrella 0 26 35 72
umbrella 158 146 288 232
umbrella 47 43 137 93
umbrella 0 0 75 22
person 223 0 249 70
person 110 167 144 239
person 180 1 206 74
person 41 90 79 144
person 348 203 370 239
person 366 213 392 239
chair 353 92 393 134
chair 352 70 394 112
chair 313 70 351 112
chair 323 20 359 64
chair 309 42 343 74
chair 84 124 122 174
chair 102 0 134 38
chair 148 0 178 30
person 101 94 139 146
person 403 207 415 239
person 29 26 57 92
potted_plant 0 83 28 175
