chair 308 76 346 126
chair 349 76 395 126
chair 215 119 255 161
chair 382 17 412 79
chair 273 138 315 184
chair 323 7 355 59
chair 142 1 182 47
chair 271 13 311 69
chair 286 103 320 159
chair 245 97 265 147
chair 16 84 52 148
umbrella 329 117 415 199
umbrella 30 29 132 83
umbrella 153 148 287 230
umbrella 0 11 16 55
person 134 151 164 233
person 238 1 266 35
person 196 1 226 39
person 25 79 67 139
person 372 209 398 239
chair 69 114 113 170
chair 285 0 313 38
chair 304 28 346 68
chair 311 57 351 103
chair 361 58 403 104
chair 111 82 145 136
chair 0 67 32 135
person 353 194 375 238
person 17 11 41 81
person 91 81 127 137
