chair 328 26 352 68
chair 221 136 257 168
chair 349 93 389 137
chair 273 145 313 189
chair 303 88 339 140
chair 124 97 154 151
chair 379 36 413 94
chair 247 108 267 152
chair 285 117 319 173
chair 149 23 177 59
chair 275 28 309 84
chair 400 44 414 96
chair 19 94 43 124
umbrella 0 29 35 79
umbrella 325 129 417 209
umbrella 49 47 139 95
umbrella 160 139 288 233
umbrella 0 1 74 23
person 180 4 206 80
person 223 4 247 74
person 111 167 135 241
person 347 204 369 238
person 43 90 77 144
person 366 214 392 238
chair 100 1 132 43
chair 149 0 177 34
chair 83 127 125 179
chair 354 74 392 116
chair 285 17 317 59
chair 303 44 343 80
chair 311 70 347 116
person 105 96 141 148
chair 36 118 68 156
person 405 207 415 239
person 32 30 58 96
potted_plant 0 80 30 174
