chair 220 133 258 171
chair 274 145 314 189
chair 330 27 352 69
chair 349 94 389 138
chair 303 90 339 140
chair 124 97 154 151
chair 290 127 318 161
chair 247 109 267 151
chair 399 42 415 98
chair 20 99 44 131
chair 44 94 80 152
chair 151 23 179 59
chair 154 2 178 22
chair 380 36 412 94
umbrella 326 129 416 209
umbrella 0 30 37 78
umbrella 48 48 142 96
umbrella 161 143 287 233
umbrella 0 1 75 23
person 222 4 246 76
person 180 8 206 84
person 110 170 134 238
person 346 204 370 238
person 44 90 78 144
person 367 215 391 239
person 29 39 57 101
person 401 205 415 239
chair 105 0 139 46
chair 276 37 310 83
chair 285 18 313 56
chair 306 46 340 82
chair 355 72 393 116
chair 310 76 344 112
chair 86 130 126 178
person 105 97 141 149
potted_plant 0 87 32 177
