chair 272 147 314 189
chair 222 137 256 169
chair 329 29 351 71
chair 304 92 338 140
chair 351 93 389 139
chair 123 97 155 151
chair 292 128 318 162
chair 246 110 268 150
chair 399 44 415 96
chair 21 94 47 124
chair 40 102 74 158
chair 109 2 135 32
umbrella 325 129 417 211
umbrella 0 32 38 78
umbrella 53 52 141 104
umbrella 164 159 286 237
umbrella 2 1 80 37
person 179 10 207 84
person 220 5 246 77
person 109 172 133 238
person 48 96 72 136
person 347 204 369 238
chair 304 47 342 85
chair 287 19 315 55
chair 276 39 310 83
chair 374 38 406 84
chair 351 76 393 116
chair 310 75 350 119
chair 87 130 127 180
chair 149 22 185 64
chair 149 0 181 38
person 106 98 142 154
person 368 213 390 239
person 401 209 415 239
person 33 33 61 91
potted_plant 83 6 111 38
potted_plant 0 87 34 177
