chair 272 147 314 189
chair 221 137 257 169
chair 304 91 338 141
chair 331 29 351 71
chair 350 91 390 139
chair 123 98 155 150
chair 246 111 268 149
chair 292 128 318 162
chair 399 43 415 97
chair 41 103 75 157
chair 22 98 46 132
chair 110 2 136 32
umbrella 0 33 39 79
umbrella 325 129 417 211
umbrella 54 51 142 105
umbrella 164 159 286 237
umbrella 2 1 80 37
person 179 11 207 85
person 218 6 246 78
person 109 173 133 239
person 48 96 72 134
person 347 203 369 239
person 400 205 414 239
person 367 215 391 239
chair 152 21 188 63
chair 148 1 180 39
chair 88 129 126 179
chair 353 75 391 121
chair 377 40 407 86
chair 309 75 349 119
chair 305 47 343 83
chair 284 19 316 59
chair 276 40 310 86
person 107 95 143 153
person 34 35 62 95
potted_plant 80 6 108 36
potted_plant 0 91 32 181
