truck 141 338 509 518
truck 852 276 990 368
car 653 555 837 651
car 1442 342 1564 416
car 1843 230 1915 292
person 1118 561 1152 657
person 1537 461 1569 531
person 532 329 568 391
person 1581 427 1607 491
person 3 916 39 1028
person 30 921 66 1025
person 588 816 626 886
person 1555 464 1591 526
person 1647 426 1675 492
person 792 291 814 343
person 1444 122 1468 164
person 1612 468 1644 506
person 297 335 329 401
person 621 817 667 879
person 1061 232 1081 282
person 1027 224 1045 268
person 1865 377 1893 411
person 1423 120 1443 164
person 1891 357 1909 399
person 1571 471 1591 517
person 1868 356 1904 408
car 1098 402 1236 500
car 1376 31 1486 65
