truck 142 340 510 520
truck 858 278 990 370
car 635 564 811 660
car 1420 349 1558 423
car 1831 233 1919 297
car 1086 415 1228 513
car 1383 37 1485 73
person 1119 562 1153 658
person 1582 428 1608 490
person 529 329 565 393
person 790 299 812 347
person 1536 461 1572 537
person 1610 475 1642 509
person 1646 429 1678 495
person 1446 123 1468 163
person 2 916 38 1030
person 1549 466 1591 530
person 591 818 625 890
person 32 922 66 1024
person 1862 378 1890 414
person 1057 227 1087 285
person 1421 123 1441 165
person 1027 220 1045 270
person 620 820 662 878
person 1865 358 1903 410
