truck 148 339 504 523
truck 837 278 997 372
car 620 566 804 664
car 1414 353 1546 425
car 1825 236 1919 300
car 1081 419 1217 517
person 1119 563 1153 657
person 1532 466 1570 538
person 530 328 564 396
person 1580 428 1608 490
person 1610 474 1640 508
person 1445 124 1469 166
person 2 917 38 1029
person 35 923 69 1025
person 1552 468 1588 530
person 790 297 810 349
person 1647 428 1679 496
person 588 821 626 889
person 1859 377 1891 415
person 1423 124 1443 166
person 1055 226 1087 286
person 1863 360 1901 410
person 1028 223 1046 269
person 615 823 661 879
person 863 252 883 296
person 1656 432 1680 466
car 1383 33 1485 69
