truck 138 338 508 524
truck 856 279 994 373
car 1067 426 1207 526
car 607 572 801 670
car 1408 356 1540 426
car 1822 236 1914 300
car 1406 37 1488 59
person 1118 562 1154 658
person 527 332 561 396
person 1531 465 1569 539
person 1582 429 1610 489
person 1609 475 1641 509
person 1446 125 1468 165
person 788 298 808 350
person 2 919 40 1027
person 35 924 69 1024
person 1550 471 1588 531
person 588 822 624 890
person 1056 237 1080 281
person 1648 429 1680 499
person 1422 125 1442 167
person 1859 378 1889 416
person 617 824 659 880
person 1860 359 1900 411
person 863 258 883 296
person 1027 226 1045 266
person 1655 431 1679 467
person 1871 366 1897 398
person 1566 477 1588 517
