truck 145 343 507 527
truck 837 297 987 369
car 1397 359 1531 431
car 596 577 778 677
car 1811 244 1905 306
car 1403 37 1489 59
person 1119 564 1155 658
person 525 328 559 396
person 1607 474 1641 510
person 1446 125 1468 167
person 1528 474 1564 542
person 786 300 808 350
person 2 920 42 1028
person 35 924 69 1026
person 1549 473 1585 533
person 1855 377 1887 417
person 1581 430 1611 488
person 1650 429 1682 499
person 1421 125 1441 169
person 579 821 613 893
person 297 337 331 413
person 612 825 658 881
person 1056 239 1078 281
person 1054 212 1084 284
person 1027 241 1043 277
person 863 255 883 295
person 592 824 632 888
person 1864 368 1890 396
car 1064 425 1190 525
