truck 138 341 512 529
truck 835 297 985 369
car 584 581 774 681
car 1396 360 1528 432
car 1811 245 1905 305
car 1407 39 1485 67
person 1119 564 1155 660
person 1608 475 1640 511
person 1446 126 1468 166
person 526 329 558 397
person 1529 473 1561 543
person 1579 430 1611 490
person 1650 430 1682 500
person 786 298 806 352
person 1 917 41 1031
person 31 928 67 1032
person 1856 377 1886 417
person 1421 126 1441 168
person 296 336 334 414
person 1550 473 1586 533
person 579 821 613 893
person 1057 238 1079 282
person 612 828 658 880
person 1030 244 1044 276
person 594 825 632 887
person 863 257 883 295
car 1058 425 1178 529
person 1040 190 1096 242
