truck 138 345 498 533
car 1775 259 1853 323
truck 857 285 991 379
car 1336 373 1490 453
car 495 608 679 712
car 1406 45 1488 67
person 1126 568 1160 660
person 1583 434 1615 498
person 775 303 803 363
person 1834 395 1860 431
person 1524 476 1552 548
person 2 924 38 1044
person 1657 431 1685 497
person 517 333 547 403
person 1550 481 1578 541
person 32 932 72 1034
person 1611 481 1635 517
person 566 837 602 905
person 1447 132 1469 166
person 595 835 643 895
person 306 345 340 415
person 1042 235 1082 293
person 1048 247 1076 283
person 1855 377 1873 411
car 994 442 1132 554
