person 879 260 897 292
truck 140 345 500 533
truck 857 283 993 379
car 1770 262 1852 324
car 481 614 669 714
car 1336 379 1470 457
person 1126 567 1162 659
person 1583 433 1617 497
person 1832 392 1858 434
person 775 304 801 364
person 1658 434 1686 498
person 1526 476 1556 550
person 3 922 39 1046
person 564 837 598 905
person 517 334 547 402
person 1549 478 1579 542
person 44 934 78 1032
person 595 835 643 895
person 1447 134 1469 174
person 1609 480 1635 520
person 1424 130 1444 166
person 1046 233 1080 293
person 1050 247 1074 281
person 306 344 342 414
car 990 449 1122 557
car 1371 39 1479 81
