truck 146 347 496 531
truck 854 284 992 380
car 1766 264 1850 324
car 465 620 659 716
car 1328 382 1468 456
person 1127 567 1161 661
person 1584 432 1618 498
person 1656 434 1686 498
person 774 302 798 364
person 1829 392 1855 434
person 562 836 598 906
person 4 922 38 1048
person 1528 478 1556 546
person 1447 132 1469 176
person 44 933 78 1033
person 597 837 639 893
person 1548 482 1576 540
person 1611 483 1633 519
person 516 333 546 403
person 1604 486 1626 514
person 307 346 343 414
person 1424 130 1444 166
car 1377 42 1481 82
car 978 456 1104 558
