truck 138 345 496 533
truck 834 306 986 376
car 917 471 1077 571
car 410 633 612 741
car 1301 392 1441 466
car 1738 268 1832 336
car 1399 46 1491 80
person 1129 568 1165 660
person 1587 432 1621 504
person 2 922 38 1050
person 1827 394 1855 436
person 772 305 796 365
person 1528 482 1560 548
person 558 837 594 907
person 1448 134 1468 174
person 1659 432 1689 496
person 44 935 78 1035
person 1051 254 1073 292
person 590 839 632 897
person 1423 137 1443 175
person 1551 492 1573 538
person 515 341 541 411
person 1053 211 1077 251
person 1513 475 1539 551
person 885 257 905 293
person 1541 490 1559 534
