truck 135 349 491 537
truck 848 285 984 381
car 364 647 566 755
car 1274 403 1412 477
car 1 540 100 640
car 1721 279 1805 343
person 1806 412 1832 446
person 1130 569 1168 659
person 1593 433 1623 505
person 2 926 40 1048
person 1660 436 1690 500
person 1447 134 1469 176
person 548 844 584 914
person 1525 482 1563 552
person 583 844 631 898
person 1822 393 1848 435
person 45 937 77 1033
person 770 309 794 369
person 318 342 356 418
person 1805 393 1845 443
person 1512 476 1540 556
person 562 842 602 906
person 508 343 538 407
person 1043 225 1075 295
person 1054 254 1072 292
person 1056 212 1078 250
car 888 476 1046 590
car 1377 45 1497 91
