truck 129 348 489 536
truck 845 284 983 382
car 878 487 1026 595
car 1713 282 1799 344
car 1263 404 1401 478
car 335 656 557 766
car 4 536 124 636
person 1130 568 1168 658
person 1595 433 1625 503
person 2 926 40 1048
person 543 845 581 913
person 1660 436 1690 498
person 1447 132 1469 176
person 1528 484 1562 552
person 1511 476 1539 558
person 580 844 628 898
person 33 936 69 1036
person 1821 395 1845 437
person 1800 409 1826 447
person 1599 494 1625 524
person 768 303 794 367
person 1046 210 1080 284
person 506 344 534 388
person 894 251 914 299
person 1051 256 1069 292
person 319 344 357 414
car 1376 43 1498 85
