handbag 1596 485 1616 515
truck 134 348 482 532
truck 849 288 985 380
car 1704 283 1800 351
car 317 660 545 766
car 1255 406 1393 480
car 1 530 141 630
person 1796 411 1822 447
person 1132 567 1170 659
person 2 928 42 1046
person 1596 431 1626 507
person 1448 131 1470 177
person 540 846 580 914
person 1659 436 1691 498
person 1517 483 1561 555
person 578 845 628 897
person 764 304 788 366
person 32 937 70 1037
person 1821 400 1845 436
person 1800 395 1844 443
person 1511 477 1541 557
person 894 251 914 299
person 1053 210 1079 252
person 1051 257 1069 291
person 508 342 532 388
person 773 316 793 364
person 1031 247 1045 279
car 1883 222 1919 286
car 873 486 1017 588
car 1371 43 1481 89
