truck 140 349 488 531
car 870 476 1012 596
truck 847 287 983 379
car 1702 283 1800 351
car 311 660 543 770
car 1256 406 1388 480
car 2 529 144 631
car 1383 46 1479 84
person 1133 568 1171 656
person 1595 430 1627 528
person 1661 435 1691 499
person 539 845 579 915
person 2 929 42 1045
person 1451 132 1471 178
person 1518 481 1562 555
person 1795 409 1823 449
person 764 305 788 365
person 581 846 627 896
person 43 937 79 1035
person 1822 401 1846 435
person 1510 476 1540 556
person 1055 210 1079 252
person 894 251 914 301
person 1051 256 1069 292
person 1811 400 1835 432
person 1028 246 1044 280
car 1889 223 1919 281
