truck 122 350 482 532
truck 850 289 980 379
car 277 671 499 783
car 1235 413 1371 489
car 1687 291 1787 353
car 3 525 188 627
car 1382 49 1476 81
person 1137 563 1173 659
person 1661 437 1693 501
person 1597 429 1627 527
person 535 848 577 918
person 1 931 39 1043
person 1803 409 1829 447
person 1448 131 1470 177
person 1511 478 1537 560
person 32 936 70 1038
person 1785 410 1811 454
person 768 311 786 367
person 1525 485 1559 555
person 574 847 616 899
person 1057 210 1079 250
person 1046 259 1066 293
person 1515 464 1531 500
person 325 345 359 411
car 1863 228 1917 322
car 836 495 988 595
