truck 117 351 481 535
truck 849 296 981 384
car 1687 293 1763 355
car 815 499 971 613
car 1853 226 1919 306
car 251 680 459 792
car 1202 415 1370 497
car 10 511 212 623
car 1405 50 1483 72
bicycle 1782 430 1804 456
person 1143 563 1177 657
person 1598 433 1628 507
person 1660 435 1694 501
person 534 849 574 919
person 0 931 38 1045
person 1803 409 1827 447
person 1505 491 1533 557
person 32 937 70 1039
person 1783 412 1809 456
person 1449 132 1469 176
person 761 309 789 369
person 1059 210 1081 252
person 573 848 615 900
person 902 256 920 298
person 326 344 360 416
person 1529 495 1559 557
person 1590 500 1612 526
person 1027 244 1063 304
person 1464 138 1480 170
person 484 346 528 450
