truck 91 352 491 528
truck 833 287 995 383
car 1825 241 1909 319
car 1636 301 1730 369
car 144 707 370 827
car 1159 429 1319 511
car 107 496 301 598
car 754 525 898 637
person 1773 430 1797 462
person 1150 563 1184 657
person 1602 434 1632 498
person 757 316 779 366
person 0 936 41 1042
person 1496 493 1528 563
person 1581 496 1609 534
person 31 938 71 1042
person 530 851 562 923
person 1667 433 1697 495
person 1754 430 1780 466
person 1783 414 1805 450
person 1448 134 1468 174
person 1522 496 1554 560
person 560 855 600 911
person 1059 213 1081 249
person 1026 245 1062 305
person 1464 136 1482 172
person 1001 254 1019 298
person 1029 257 1051 293
person 1791 416 1813 452
person 334 347 366 413
person 1054 221 1076 261
car 1365 50 1485 88
