truck 109 349 485 525
truck 830 288 996 382
car 1812 234 1916 318
car 734 530 894 640
car 132 709 356 833
car 1146 436 1306 514
car 118 492 316 594
car 1624 301 1728 371
bicycle 1781 428 1801 462
person 1150 563 1184 655
person 1602 433 1632 499
person 1497 493 1527 563
person 0 933 40 1045
person 31 937 71 1043
person 1580 498 1608 534
person 1025 242 1061 308
person 1667 434 1697 494
person 1752 430 1780 468
person 1521 496 1553 558
person 757 315 779 367
person 531 855 563 923
person 1781 415 1803 451
person 1451 134 1469 174
person 560 855 598 911
person 1464 137 1482 171
person 1056 213 1076 249
car 1365 44 1485 90
