dining_table 446 687 570 817
chair 676 630 788 736
chair 471 627 577 761
chair 310 830 434 1016
umbrella 825 366 1231 554
person 6 646 144 934
person 319 618 469 852
person 414 394 504 586
person 251 427 309 611
person 680 494 722 572
person 684 510 782 666
person 1379 2 1415 26
person 855 577 937 671
person 888 551 978 635
person 441 369 495 449
chair 195 866 279 1034
chair 328 721 460 845
chair 845 671 977 803
chair 564 481 636 581
dining_table 82 735 322 981
umbrella 726 257 1110 403
person 279 822 449 1014
