dining_table 445 692 559 816
chair 661 622 763 748
chair 468 628 572 762
umbrella 815 368 1221 556
person 6 650 136 936
person 405 386 497 520
person 311 620 465 846
person 752 555 840 697
person 673 510 743 664
person 1353 3 1383 39
dining_table 74 750 284 984
chair 188 868 278 1036
chair 303 878 375 1028
chair 842 669 974 815
chair 529 484 635 590
chair 319 724 441 848
umbrella 714 263 1116 419
person 294 822 438 998
person 851 577 929 671
person 882 541 980 635
person 436 369 484 449
person 242 408 308 582
