chair 652 630 744 746
person 295 629 451 855
person 385 396 487 584
person 1 672 105 970
person 223 432 293 600
person 656 512 728 666
person 653 504 697 588
person 1283 1 1337 55
person 275 836 391 1016
person 709 581 795 727
person 1431 0 1471 7
person 1318 8 1346 42
person 822 570 952 662
umbrella 798 369 1232 535
umbrella 708 258 1102 398
chair 161 872 259 1040
chair 282 875 362 1047
chair 808 669 948 793
chair 292 719 442 851
chair 514 491 634 619
dining_table 397 685 541 815
dining_table 66 756 268 1010
