chair 632 638 734 752
bicycle 1241 28 1291 82
person 269 640 421 876
person 359 405 447 573
person 1374 0 1424 28
person 1241 3 1295 75
person 633 514 669 588
person 5 679 70 959
person 198 436 266 612
person 696 586 790 728
person 640 528 722 646
person 270 832 408 1028
person 813 576 935 682
umbrella 760 384 1214 544
umbrella 673 276 1075 436
chair 507 495 603 623
chair 804 688 934 836
chair 286 747 418 861
chair 149 883 227 1051
chair 256 890 340 1062
dining_table 357 698 519 868
dining_table 48 792 246 1012
