dining_table 389 686 513 838
chair 621 632 733 750
bicycle 1217 31 1267 89
person 259 649 409 883
person 1215 2 1271 85
person 348 412 440 560
person 1347 1 1397 40
person 697 506 803 650
person 188 444 262 610
person 679 584 773 720
person 613 510 685 668
person 0 698 65 950
dining_table 21 774 233 1008
chair 151 895 221 1063
chair 256 899 336 1045
chair 789 687 937 833
chair 267 744 385 876
chair 487 503 585 621
umbrella 738 398 1214 552
umbrella 671 305 1067 431
person 798 582 922 688
person 240 849 384 1029
