7 0.290700 0.103200 0.197500 0.171700
7 0.590500 0.028300 0.086300 0.060700
7 0.096500 0.197800 0.078100 0.131900
2 0.434000 0.320500 0.095000 0.087600
2 0.306300 0.329700 0.095300 0.084400
2 0.887000 0.076700 0.067200 0.068900
0 0.653800 0.315600 0.019700 0.088300
0 0.920200 0.164300 0.015300 0.072800
0 0.946300 0.165600 0.016100 0.070200
0 0.146800 0.666100 0.028500 0.092700
0 0.236500 0.066900 0.016200 0.058000
0 0.231400 0.632400 0.027000 0.054300
0 0.508500 0.464100 0.023800 0.053300
0 0.491300 0.471600 0.017700 0.069300
0 0.991400 0.153300 0.009400 0.047900
0 0.973800 0.152600 0.015900 0.062800
0 0.129700 0.633400 0.021400 0.075000
0 0.212800 0.087600 0.014800 0.027500
25 0.122266 0.856944 0.207031 0.138889
25 0.178125 0.950694 0.245312 0.090278
