60 0.079500 0.903111 0.069400 0.129300
56 0.200400 0.832600 0.053000 0.117700
25 0.357900 0.615600 0.228100 0.166100
1 0.409900 0.287400 0.030800 0.055500
0 0.050900 0.639400 0.056700 0.143100
0 0.494400 0.230400 0.025000 0.057200
0 0.411800 0.261900 0.036100 0.110600
0 0.202100 0.734400 0.046000 0.130700
0 0.036000 0.889500 0.062000 0.179800
0 0.183800 0.696400 0.021300 0.063700
0 0.232800 0.799000 0.049900 0.150800
0 0.300000 0.766400 0.046000 0.109200
0 0.703516 0.093056 0.021094 0.055556
0 0.719141 0.097917 0.017969 0.065278
0 0.255469 0.684722 0.031250 0.066667
25 0.302344 0.496528 0.201562 0.131944
56 0.299609 0.890972 0.063281 0.143056
56 0.128125 0.722917 0.060938 0.126389
56 0.366797 0.732639 0.055469 0.109722
