7 0.168300 0.397200 0.185800 0.169000
7 0.478500 0.299100 0.083800 0.087500
2 0.607100 0.428100 0.076600 0.094400
2 0.381200 0.564400 0.090400 0.093100
2 0.779200 0.356500 0.069900 0.071700
2 0.977800 0.243800 0.041500 0.060600
0 0.591600 0.564600 0.018400 0.090800
0 0.830600 0.425000 0.014300 0.060100
0 0.865700 0.426900 0.016100 0.062600
0 0.809100 0.461000 0.015800 0.067000
0 0.025300 0.902200 0.019500 0.096600
0 0.011200 0.900900 0.019900 0.104700
0 0.286700 0.333400 0.019100 0.060300
0 0.846700 0.455800 0.017100 0.031600
0 0.758900 0.132600 0.011600 0.036700
0 0.417900 0.299100 0.011300 0.046600
0 0.820100 0.459600 0.018200 0.057700
0 0.316800 0.789400 0.020300 0.065000
0 0.557500 0.238300 0.011800 0.046600
0 0.746400 0.134200 0.010100 0.039800
0 0.540100 0.228600 0.009400 0.038900
0 0.334900 0.786200 0.025200 0.055900
0 0.164500 0.338700 0.012500 0.047100
0 0.564200 0.238700 0.010000 0.039600
0 0.982000 0.355000 0.018500 0.053800
2 0.748438 0.048611 0.051562 0.038889
