7 0.272200 0.134200 0.177400 0.165500
7 0.082300 0.227200 0.080900 0.124800
7 0.584100 0.042500 0.082800 0.079900
2 0.271500 0.368000 0.101800 0.090600
2 0.399100 0.357700 0.100900 0.091600
2 0.860800 0.110800 0.065700 0.069800
2 0.987700 0.036600 0.021400 0.061200
0 0.644100 0.339800 0.022100 0.087600
0 0.476400 0.496200 0.017100 0.062100
0 0.908400 0.189700 0.019300 0.073500
0 0.213800 0.663900 0.025400 0.055300
0 0.935300 0.190300 0.017500 0.074300
0 0.493700 0.492300 0.021800 0.052800
0 0.225100 0.095400 0.016000 0.058400
0 0.959600 0.183400 0.015400 0.062700
0 0.975900 0.179700 0.012500 0.048900
0 0.194600 0.114800 0.013500 0.027700
0 0.129600 0.694500 0.028200 0.091400
0 0.481600 0.023800 0.014500 0.039400
0 0.119700 0.696700 0.035700 0.125900
25 0.110547 0.897222 0.217969 0.113889
25 0.179297 0.971528 0.230469 0.056944
