56 0.305400 0.699900 0.051800 0.118600
56 0.119725 0.795744 0.059300 0.115900
1 0.573900 0.119000 0.025500 0.045700
0 0.574500 0.097100 0.029400 0.096700
0 0.645400 0.065800 0.025400 0.065400
0 0.168300 0.514800 0.055000 0.170500
0 0.134200 0.756800 0.091500 0.209100
0 0.332600 0.643000 0.048400 0.122800
0 0.075100 0.540300 0.039000 0.161000
0 0.291700 0.558300 0.018300 0.071500
0 0.399219 0.624306 0.060938 0.112500
0 0.330469 0.556944 0.059375 0.097222
0 0.119531 0.905556 0.087500 0.152778
25 0.467969 0.475694 0.226562 0.131944
25 0.407422 0.372222 0.196094 0.138889
56 0.406250 0.745139 0.060938 0.123611
56 0.047266 0.926389 0.030469 0.119444
56 0.108594 0.928472 0.037500 0.123611
56 0.239453 0.558333 0.055469 0.125000
60 0.039453 0.877778 0.072656 0.194444
60 0.185547 0.749306 0.083594 0.137500
