7 0.170000 0.398000 0.190000 0.166600
7 0.479100 0.298500 0.080400 0.085600
2 0.391100 0.556200 0.096100 0.090900
2 0.784100 0.350900 0.065900 0.067900
2 0.980100 0.240800 0.039700 0.059800
2 0.747600 0.049600 0.052900 0.034600
0 0.590900 0.564200 0.017400 0.090000
0 0.286600 0.333800 0.020400 0.059100
0 0.865500 0.426000 0.015200 0.064100
0 0.809000 0.460100 0.017000 0.067900
0 0.011000 0.899800 0.019200 0.106200
0 0.819000 0.458700 0.021000 0.060800
0 0.830400 0.424500 0.013700 0.058500
0 0.162700 0.340900 0.018500 0.062900
0 0.025300 0.900600 0.017900 0.096000
0 0.317200 0.788300 0.019900 0.064900
0 0.418700 0.294300 0.011600 0.044400
0 0.848000 0.451000 0.017100 0.037200
0 0.758400 0.133100 0.012300 0.039300
0 0.335400 0.785900 0.025900 0.058200
0 0.539900 0.226200 0.010700 0.044100
0 0.557900 0.237300 0.011900 0.047700
0 0.981600 0.353600 0.019100 0.051300
0 0.746600 0.132600 0.010500 0.041100
0 0.988400 0.351200 0.015800 0.060500
0 0.991500 0.350900 0.009200 0.041600
0 0.979000 0.365100 0.014000 0.032300
2 0.612500 0.425000 0.064062 0.102778
