56 0.331700 0.670000 0.053600 0.109700
0 0.617100 0.058900 0.030900 0.086700
0 0.684200 0.034100 0.024700 0.066500
0 0.196500 0.484200 0.052600 0.161700
0 0.320700 0.536000 0.026400 0.073900
0 0.163900 0.728800 0.077900 0.214300
0 0.101200 0.514100 0.036000 0.151300
0 0.146000 0.892300 0.067900 0.159900
0 0.328200 0.548200 0.045200 0.094300
0 0.356900 0.638500 0.050700 0.137100
60 0.210938 0.732639 0.075000 0.140278
60 0.053906 0.843056 0.106250 0.241667
56 0.428906 0.724306 0.068750 0.129167
56 0.075000 0.914583 0.051562 0.140278
56 0.136719 0.916667 0.035937 0.152778
56 0.266406 0.533333 0.060938 0.127778
56 0.158203 0.754861 0.074219 0.106944
25 0.492188 0.451389 0.240625 0.141667
25 0.427344 0.345833 0.210938 0.127778
0 0.428906 0.597222 0.068750 0.113889
