7 0.168300 0.403800 0.186600 0.169900
7 0.475400 0.309400 0.080400 0.066800
2 0.958400 0.263000 0.043700 0.056900
2 0.328500 0.599000 0.099900 0.093300
2 0.746900 0.377600 0.070700 0.067300
0 0.964300 0.382500 0.013800 0.030500
0 0.592900 0.567800 0.018600 0.088600
0 0.412800 0.304900 0.015400 0.057400
0 0.833000 0.430800 0.016800 0.059500
0 0.803000 0.471600 0.015600 0.066200
0 0.278400 0.338700 0.016000 0.063800
0 0.868600 0.432000 0.015300 0.061300
0 0.307800 0.802300 0.020000 0.064100
0 0.845200 0.461400 0.015000 0.033500
0 0.010300 0.910800 0.017900 0.111800
0 0.026400 0.908800 0.021000 0.097500
0 0.815600 0.471700 0.016800 0.059100
0 0.971800 0.365300 0.013900 0.039200
0 0.760000 0.137200 0.010900 0.035100
0 0.166500 0.349700 0.018900 0.072900
0 0.745800 0.136300 0.011200 0.037400
0 0.554900 0.243700 0.013900 0.040300
0 0.325200 0.793600 0.024100 0.049900
0 0.553100 0.229000 0.016700 0.073900
0 0.967200 0.370000 0.018900 0.050900
2 0.751172 0.053472 0.063281 0.040278
2 0.566797 0.452778 0.063281 0.091667
0 0.457422 0.247222 0.016406 0.047222
0 0.533594 0.220139 0.018750 0.056944
