60 0.261000 0.696900 0.060800 0.122100
56 0.378600 0.635400 0.061100 0.100200
56 0.270900 0.645800 0.052600 0.130500
25 0.533600 0.426000 0.211400 0.174200
0 0.037500 0.734900 0.071200 0.263100
0 0.236200 0.452700 0.054100 0.173900
0 0.204900 0.680800 0.078000 0.216200
0 0.362900 0.495500 0.022700 0.066100
0 0.144700 0.479300 0.033900 0.162500
0 0.476900 0.575500 0.046800 0.108000
0 0.416600 0.578900 0.047500 0.129200
0 0.384800 0.611300 0.060700 0.122000
0 0.382400 0.547800 0.051200 0.136700
0 0.191406 0.843750 0.071875 0.165278
0 0.241016 0.376389 0.021094 0.058333
25 0.476172 0.305556 0.189844 0.144444
56 0.311328 0.497222 0.057031 0.105556
56 0.200391 0.723611 0.066406 0.108333
56 0.125000 0.877778 0.037500 0.152778
56 0.178906 0.888889 0.037500 0.161111
56 0.480078 0.690278 0.071094 0.150000
60 0.096094 0.809028 0.123438 0.245833
