7 0.165100 0.408900 0.184100 0.171300
7 0.478200 0.307700 0.069900 0.091400
2 0.705400 0.402800 0.070500 0.068800
2 0.252000 0.644600 0.106200 0.099300
2 0.022500 0.548500 0.048100 0.093900
2 0.919600 0.286200 0.044500 0.056700
2 0.745000 0.060800 0.055100 0.034400
1 0.948700 0.398100 0.013100 0.026500
0 0.598200 0.569000 0.020600 0.087000
0 0.837500 0.435000 0.017300 0.073100
0 0.957400 0.383500 0.014200 0.040400
0 0.010800 0.913400 0.018900 0.115500
0 0.872700 0.431900 0.015400 0.064800
0 0.804900 0.479200 0.021200 0.067500
0 0.760100 0.143400 0.011000 0.037600
0 0.408000 0.314100 0.013200 0.056400
0 0.302400 0.809500 0.022200 0.063300
0 0.032200 0.912300 0.017600 0.089900
0 0.316500 0.805900 0.023800 0.052500
0 0.551000 0.242400 0.018200 0.068100
0 0.175200 0.353000 0.019900 0.070600
0 0.273500 0.347900 0.015200 0.060400
0 0.295200 0.814700 0.019100 0.069300
0 0.951100 0.387100 0.021200 0.045200
0 0.554000 0.254000 0.010700 0.036900
0 0.794900 0.476200 0.014800 0.072000
0 0.554600 0.214600 0.012800 0.037100
0 0.467000 0.254600 0.016400 0.055600
2 0.514063 0.487500 0.073437 0.097222
