56 0.135700 0.950500 0.060500 0.096600
25 0.298500 0.735500 0.223700 0.167300
2 0.714000 0.012400 0.080100 0.029500
2 0.605300 0.013100 0.075200 0.030200
1 0.318400 0.415200 0.028500 0.051000
0 0.749000 0.087200 0.021600 0.090200
0 0.319600 0.387500 0.033100 0.091600
0 0.403700 0.353000 0.024300 0.053100
0 0.133400 0.828700 0.046500 0.100400
0 0.632600 0.215200 0.022900 0.057500
0 0.166200 0.915000 0.046000 0.153600
0 0.195000 0.818900 0.027200 0.085900
0 0.237109 0.884722 0.060156 0.127778
25 0.237500 0.629167 0.214062 0.122222
56 0.315234 0.846528 0.071094 0.098611
