56 0.292900 0.704700 0.053200 0.113200
2 0.424200 0.020800 0.086700 0.040000
1 0.551400 0.135600 0.028400 0.049800
0 0.118300 0.768200 0.085100 0.217200
0 0.550400 0.115500 0.034200 0.089000
0 0.621200 0.084000 0.026100 0.067800
0 0.323000 0.673000 0.051400 0.137000
0 0.277200 0.572300 0.022500 0.066800
0 0.058100 0.544400 0.036900 0.163300
60 0.164062 0.756250 0.073437 0.118056
60 0.042969 0.892361 0.078125 0.176389
56 0.389453 0.763194 0.067969 0.115278
56 0.114453 0.800694 0.069531 0.115278
56 0.032422 0.938889 0.038281 0.097222
56 0.097266 0.940278 0.030469 0.094444
56 0.222266 0.570139 0.063281 0.101389
25 0.451562 0.483333 0.229687 0.141667
25 0.399609 0.382639 0.203906 0.145833
0 0.389844 0.636806 0.056250 0.098611
0 0.322656 0.558333 0.081250 0.080556
0 0.142969 0.510417 0.053125 0.148611
0 0.106641 0.915972 0.077344 0.143056
