7 0.175400 0.366600 0.195700 0.164900
7 0.481400 0.274600 0.088000 0.085800
2 0.708900 0.356100 0.064400 0.084100
2 0.515900 0.464500 0.090100 0.089500
2 0.861200 0.289200 0.059200 0.063700
2 0.761700 0.020100 0.040100 0.022700
0 0.582900 0.548700 0.020200 0.087400
0 0.305500 0.302300 0.017300 0.061500
0 0.035500 0.878100 0.023400 0.086700
0 0.018200 0.872600 0.028500 0.097700
0 0.340000 0.752900 0.019800 0.070000
0 0.758700 0.106400 0.011500 0.033600
0 0.158700 0.320500 0.018500 0.068000
0 0.861000 0.409000 0.015600 0.064500
0 0.832919 0.411733 0.021500 0.063200
0 0.573300 0.207300 0.016900 0.054100
0 0.435500 0.261500 0.012900 0.059400
0 0.354400 0.747400 0.022500 0.057200
0 0.826300 0.427800 0.015800 0.072900
0 0.444200 0.228200 0.013500 0.035300
0 0.551172 0.185417 0.017969 0.079167
