56 0.144600 0.944200 0.056600 0.101600
25 0.301800 0.722900 0.216600 0.178500
1 0.331100 0.395400 0.030200 0.050700
0 0.756100 0.071700 0.021500 0.089200
0 0.143800 0.826000 0.045300 0.139400
0 0.417100 0.334500 0.024100 0.053200
0 0.330500 0.367900 0.038800 0.103600
0 0.009500 0.710600 0.018200 0.085200
0 0.179100 0.858600 0.047200 0.158500
0 0.650300 0.195200 0.024500 0.053200
60 0.033203 0.946528 0.058594 0.090278
56 0.248047 0.959028 0.066406 0.076389
56 0.325781 0.832639 0.075000 0.112500
25 0.248437 0.608333 0.204688 0.122222
0 0.247656 0.863889 0.051562 0.113889
