7 0.175700 0.351700 0.179500 0.162400
7 0.490900 0.257700 0.079800 0.081900
7 0.010300 0.446900 0.028400 0.145900
2 0.751300 0.322800 0.059500 0.085800
2 0.571100 0.426900 0.069300 0.082200
2 0.896500 0.260800 0.064100 0.059500
0 0.582200 0.538000 0.021600 0.087900
0 0.041800 0.864200 0.025900 0.096900
0 0.020700 0.861900 0.026700 0.110300
0 0.316800 0.287000 0.016900 0.059800
0 0.585200 0.191900 0.013800 0.044900
0 0.865100 0.396100 0.017800 0.070100
0 0.761500 0.096300 0.010900 0.044500
0 0.353700 0.731900 0.021800 0.064500
0 0.831900 0.400200 0.019000 0.077700
0 0.370200 0.727700 0.022000 0.053600
0 0.849000 0.412400 0.019400 0.056900
0 0.160500 0.307900 0.017900 0.060200
0 0.838000 0.411200 0.019800 0.074100
0 0.569800 0.192800 0.011300 0.040900
0 0.553600 0.177400 0.010400 0.045800
0 0.442200 0.243300 0.014900 0.071000
2 0.760156 0.015278 0.064062 0.016667
