60 0.159181 0.771267 0.067800 0.120900
56 0.287800 0.704600 0.060500 0.115600
2 0.409600 0.025500 0.068600 0.053300
1 0.540100 0.150100 0.027500 0.045600
0 0.540200 0.121800 0.033800 0.085500
0 0.615300 0.091600 0.023500 0.065000
0 0.142800 0.516100 0.051800 0.144100
0 0.111700 0.773300 0.081700 0.216400
0 0.271800 0.581300 0.025100 0.072800
0 0.311856 0.671456 0.049100 0.135800
0 0.099700 0.923500 0.073000 0.147900
0 0.050800 0.575100 0.033800 0.173900
0 0.383203 0.643750 0.055469 0.123611
0 0.310937 0.572917 0.081250 0.095833
25 0.445312 0.498611 0.235938 0.133333
25 0.388672 0.394444 0.205469 0.119444
56 0.384766 0.765972 0.077344 0.131944
56 0.109766 0.815278 0.067969 0.113889
56 0.214062 0.588194 0.057813 0.126389
56 0.024609 0.945139 0.033594 0.109722
56 0.086719 0.940972 0.039062 0.093056
60 0.040625 0.856944 0.073437 0.152778
