7 0.335300 0.042800 0.163300 0.093500
7 0.138800 0.104100 0.081600 0.127700
2 0.550200 0.192000 0.092800 0.086600
2 0.433600 0.196500 0.092900 0.080100
0 0.689100 0.230400 0.021700 0.090400
0 0.054800 0.954400 0.061100 0.084900
0 0.962600 0.070800 0.017800 0.071100
0 0.301600 0.525700 0.027700 0.052800
0 0.211100 0.559000 0.028400 0.096200
0 0.989400 0.072900 0.017200 0.067700
0 0.167200 0.556000 0.021100 0.095700
0 0.544400 0.371900 0.018200 0.062600
0 0.555300 0.369700 0.022900 0.055200
0 0.105200 0.956100 0.054300 0.081400
25 0.226562 0.885417 0.232812 0.156944
25 0.169531 0.776389 0.210938 0.127778
