7 0.473500 0.318600 0.081600 0.079800
2 0.936100 0.282900 0.053400 0.068400
2 0.580200 0.472700 0.088100 0.076800
2 0.038000 0.769700 0.068700 0.101900
2 0.208400 0.465900 0.094700 0.091300
2 0.829100 0.340900 0.051700 0.060600
0 0.614600 0.560200 0.020500 0.079500
0 0.849800 0.431700 0.018300 0.064300
0 0.787900 0.493600 0.021300 0.066700
0 0.392500 0.321400 0.014100 0.056000
0 0.778900 0.494600 0.015700 0.072800
0 0.820500 0.481600 0.014100 0.037900
0 0.882800 0.428300 0.015800 0.059300
0 0.025200 0.915700 0.019300 0.095400
0 0.539400 0.256700 0.012600 0.038300
0 0.900200 0.417200 0.012800 0.041900
0 0.761200 0.143300 0.011200 0.039500
0 0.767500 0.144400 0.011300 0.038500
0 0.272000 0.831100 0.018800 0.063500
0 0.009300 0.913400 0.014400 0.111600
0 0.565700 0.213600 0.011500 0.044600
0 0.554200 0.224100 0.009900 0.039900
0 0.291900 0.853300 0.025200 0.118900
0 0.539900 0.258500 0.020200 0.055300
2 0.341016 0.584028 0.086719 0.123611
7 0.173828 0.404861 0.211719 0.162500
2 0.742578 0.061111 0.064844 0.041667
