56 0.366300 0.637800 0.051300 0.113300
0 0.230000 0.455000 0.055300 0.180500
0 0.195700 0.679422 0.082600 0.211000
0 0.364000 0.517900 0.040500 0.106700
0 0.388800 0.605400 0.054400 0.139700
0 0.034500 0.735700 0.067300 0.254600
0 0.136500 0.478400 0.035400 0.159500
0 0.697200 0.023800 0.014500 0.036800
0 0.693100 0.024100 0.026000 0.046600
0 0.179297 0.839583 0.074219 0.162500
0 0.471875 0.564583 0.060938 0.112500
25 0.532422 0.421528 0.241406 0.162500
25 0.468750 0.311806 0.190625 0.131944
56 0.195312 0.726389 0.075000 0.125000
56 0.112109 0.883333 0.036719 0.158333
56 0.173438 0.893056 0.042188 0.161111
56 0.469141 0.689583 0.074219 0.118056
56 0.305469 0.509722 0.051562 0.113889
60 0.089062 0.804167 0.101562 0.230556
60 0.250000 0.697917 0.070312 0.134722
