7 0.258200 0.168600 0.192300 0.168200
7 0.565300 0.077100 0.084200 0.089800
7 0.067200 0.260800 0.079700 0.128300
2 0.966300 0.071300 0.054600 0.075900
2 0.346200 0.416200 0.100400 0.094800
2 0.210900 0.427900 0.104800 0.092700
2 0.821800 0.159800 0.075700 0.072900
0 0.629600 0.378000 0.020900 0.092000
0 0.892400 0.227100 0.018600 0.073300
0 0.456700 0.535100 0.016900 0.064900
0 0.184900 0.709000 0.026300 0.056300
0 0.919500 0.224800 0.016700 0.075000
0 0.211600 0.132600 0.016500 0.058400
0 0.943100 0.223800 0.015700 0.059200
0 0.099300 0.731200 0.036500 0.124000
0 0.474200 0.054700 0.019700 0.056700
0 0.474900 0.536000 0.024000 0.061400
0 0.962900 0.215600 0.012400 0.043700
0 0.927800 0.225200 0.013800 0.068200
25 0.101172 0.940278 0.180469 0.111111
