7 0.214200 0.291100 0.173300 0.164600
7 0.519700 0.198100 0.083900 0.083600
7 0.027600 0.391400 0.058100 0.128300
2 0.856400 0.231500 0.055800 0.083100
2 0.158700 0.610100 0.117000 0.107400
2 0.694100 0.318700 0.073500 0.073900
2 0.980900 0.166000 0.047700 0.067400
2 0.038600 0.621400 0.025000 0.071800
0 0.597700 0.487200 0.021400 0.086200
0 0.851400 0.341700 0.017800 0.069800
0 0.881400 0.346800 0.018500 0.065500
0 0.039700 0.805400 0.020700 0.110500
0 0.396000 0.665300 0.017100 0.066000
0 0.413200 0.661800 0.024900 0.059600
0 0.099000 0.863100 0.026300 0.053700
0 0.786600 0.038800 0.011400 0.038900
0 0.082200 0.317600 0.021600 0.067600
0 0.175100 0.252600 0.018600 0.064100
0 0.620200 0.131700 0.011000 0.044200
0 0.357400 0.223000 0.013900 0.064900
0 0.775100 0.038100 0.011400 0.040400
0 0.901800 0.341400 0.017200 0.050100
0 0.605000 0.129400 0.010500 0.043800
0 0.058800 0.815800 0.021700 0.099000
0 0.907900 0.339600 0.012600 0.039000
0 0.450400 0.167700 0.016000 0.057800
0 0.572656 0.117361 0.012500 0.068056
0 0.555469 0.125694 0.007812 0.062500
