25 0.261200 0.827300 0.206900 0.169300
2 0.627500 0.098900 0.087200 0.086500
2 0.516100 0.105700 0.089400 0.080900
0 0.715300 0.166500 0.020500 0.088400
0 0.347600 0.448600 0.026600 0.054100
0 0.257300 0.486900 0.040300 0.105000
0 0.089400 0.922800 0.052500 0.154500
0 0.194500 0.493800 0.017800 0.106700
0 0.577669 0.299122 0.019400 0.063500
7 0.173047 0.050694 0.072656 0.098611
0 0.595703 0.294444 0.024219 0.069444
0 0.192188 0.957639 0.057813 0.084722
0 0.117188 0.956944 0.034375 0.072222
0 0.143359 0.880556 0.053906 0.077778
25 0.196484 0.709028 0.202344 0.123611
