60 0.264600 0.697300 0.064500 0.122900
56 0.381000 0.634200 0.059100 0.102000
56 0.193500 0.855500 0.066700 0.173200
56 0.273600 0.643000 0.056600 0.127200
25 0.535100 0.426200 0.211700 0.176800
0 0.206100 0.680900 0.079400 0.214500
0 0.039200 0.730400 0.073300 0.264100
0 0.238800 0.420900 0.047100 0.131600
0 0.365600 0.493400 0.022600 0.071200
0 0.147400 0.480500 0.033700 0.168300
0 0.727800 0.013300 0.018200 0.024300
0 0.381400 0.547500 0.050700 0.137700
25 0.481250 0.309028 0.204688 0.131944
56 0.126563 0.876389 0.057813 0.163889
56 0.480078 0.682639 0.067969 0.131944
56 0.203125 0.715972 0.071875 0.112500
56 0.313672 0.497222 0.052344 0.105556
60 0.105078 0.803472 0.122656 0.212500
0 0.200000 0.849306 0.079687 0.179167
0 0.461719 0.571528 0.051562 0.087500
0 0.488281 0.556250 0.051562 0.084722
0 0.245312 0.375694 0.025000 0.068056
