60 0.083800 0.824700 0.104400 0.175500
56 0.362900 0.639000 0.052400 0.107400
56 0.259500 0.616700 0.037700 0.059200
56 0.180556 0.738000 0.059900 0.118500
1 0.675700 0.035200 0.030100 0.052800
1 0.679800 0.041000 0.017100 0.030200
0 0.225700 0.452800 0.053300 0.160700
0 0.676400 0.027300 0.030400 0.054800
0 0.359800 0.543500 0.039700 0.142900
0 0.018600 0.740400 0.039900 0.244100
0 0.183600 0.697200 0.078800 0.208300
0 0.350000 0.506500 0.024300 0.075900
0 0.131800 0.482900 0.034800 0.152200
0 0.744400 0.006900 0.018700 0.013300
0 0.390300 0.606900 0.047100 0.136500
0 0.459375 0.574306 0.057813 0.101389
0 0.176563 0.850000 0.073437 0.172222
25 0.516797 0.422222 0.257031 0.141667
25 0.462891 0.313194 0.192969 0.145833
56 0.461328 0.683333 0.072656 0.113889
56 0.104687 0.892361 0.054688 0.165278
56 0.167969 0.894444 0.042188 0.161111
56 0.296094 0.502778 0.056250 0.108333
60 0.240234 0.693056 0.078906 0.152778
