7 0.155800 0.405000 0.207800 0.154400
7 0.473900 0.315700 0.078200 0.082800
2 0.967200 0.264200 0.052400 0.075900
2 0.408500 0.547400 0.082800 0.104100
2 0.627200 0.444000 0.075100 0.075300
2 0.101900 0.727500 0.120800 0.115600
2 0.862800 0.319800 0.048900 0.060100
2 0.132900 0.495800 0.099500 0.100100
2 0.741500 0.065800 0.055800 0.036000
0 0.610400 0.564100 0.017300 0.088200
0 0.845200 0.430500 0.017800 0.062000
0 0.786200 0.490300 0.015600 0.067900
0 0.398000 0.317500 0.015600 0.057400
0 0.027000 0.916700 0.020500 0.097300
0 0.876400 0.429100 0.015700 0.057700
0 0.010800 0.916100 0.021300 0.105100
0 0.800000 0.489300 0.016200 0.058100
0 0.760300 0.143400 0.011500 0.039600
0 0.928700 0.410400 0.014000 0.035600
0 0.829800 0.478200 0.013400 0.033100
0 0.279600 0.825000 0.017200 0.068800
0 0.916100 0.417400 0.015800 0.034000
0 0.300500 0.818400 0.021700 0.053200
0 0.488500 0.245600 0.011300 0.037500
0 0.286400 0.823800 0.019000 0.062500
0 0.183300 0.353900 0.018600 0.064100
0 0.767500 0.143900 0.009600 0.031900
0 0.554300 0.214600 0.008600 0.029000
