7 0.229500 0.238200 0.194700 0.167300
7 0.539400 0.151200 0.074100 0.089600
7 0.038800 0.348000 0.073500 0.118200
2 0.905100 0.164300 0.063400 0.078100
2 0.242500 0.533100 0.116500 0.101300
2 0.090400 0.542400 0.109800 0.087500
2 0.747300 0.254000 0.068300 0.070200
0 0.608200 0.447300 0.024700 0.095000
0 0.865700 0.295400 0.018600 0.072200
0 0.896900 0.299900 0.019300 0.067800
0 0.134400 0.801000 0.024200 0.052600
0 0.420200 0.613900 0.015700 0.064700
0 0.926700 0.293000 0.014400 0.045700
0 0.378700 0.177000 0.016700 0.077100
0 0.075200 0.771200 0.027400 0.106200
0 0.459100 0.122600 0.017900 0.054400
0 0.118000 0.261200 0.019000 0.070200
0 0.440200 0.606500 0.025000 0.048100
0 0.911800 0.299000 0.016500 0.056300
0 0.427200 0.612200 0.018800 0.063900
0 0.634300 0.082000 0.011100 0.047600
0 0.643300 0.081400 0.010500 0.050500
0 0.056800 0.756900 0.016600 0.094800
0 0.623600 0.080700 0.009900 0.046700
0 0.505200 0.129600 0.011000 0.022800
0 0.591797 0.068056 0.013281 0.063889
0 0.569922 0.077083 0.017969 0.054167
