7 0.260900 0.202900 0.180800 0.178000
7 0.551900 0.118300 0.087500 0.085600
2 0.150800 0.489100 0.106800 0.092600
2 0.300100 0.472400 0.118400 0.098300
2 0.784400 0.205000 0.071800 0.078800
2 0.933200 0.122800 0.052800 0.075800
1 0.142800 0.225300 0.020200 0.063300
0 0.619200 0.412400 0.021500 0.088800
0 0.878400 0.261600 0.016700 0.069100
0 0.915100 0.261900 0.013200 0.063400
0 0.091700 0.731200 0.022900 0.090200
0 0.457100 0.569100 0.023400 0.055400
0 0.161100 0.755000 0.023100 0.053700
0 0.943200 0.256000 0.014800 0.042900
0 0.442200 0.573800 0.019800 0.064300
0 0.928700 0.259400 0.012300 0.052300
0 0.142800 0.213400 0.016400 0.067400
0 0.466000 0.090200 0.015600 0.056100
0 0.582900 0.043600 0.009800 0.038500
0 0.903800 0.262700 0.016500 0.066800
0 0.659100 0.041600 0.010100 0.040900
0 0.647800 0.042100 0.010000 0.041200
0 0.199300 0.168200 0.017200 0.056500
0 0.071400 0.740100 0.018000 0.121000
0 0.522100 0.088900 0.009500 0.027700
7 0.049609 0.298611 0.071094 0.119444
25 0.090234 0.943750 0.180469 0.098611
