7 0.160300 0.403000 0.209600 0.138300
7 0.473700 0.316500 0.081100 0.079900
2 0.158900 0.485300 0.095100 0.098600
2 0.611000 0.453400 0.088700 0.077800
2 0.073900 0.745900 0.117000 0.125900
2 0.850500 0.326800 0.050900 0.068500
2 0.386800 0.559300 0.084900 0.105700
2 0.742000 0.065800 0.059000 0.035700
0 0.846000 0.431000 0.015700 0.063300
0 0.788000 0.489300 0.019100 0.070000
0 0.876900 0.430800 0.014300 0.060000
0 0.612000 0.559000 0.017200 0.070900
0 0.027000 0.915400 0.019900 0.095000
0 0.396300 0.316800 0.012800 0.047400
0 0.826400 0.481500 0.014700 0.039600
0 0.010100 0.914500 0.018500 0.105800
0 0.760700 0.142700 0.012400 0.043100
0 0.276500 0.826000 0.019700 0.067000
0 0.916400 0.414400 0.013500 0.041000
0 0.923300 0.413100 0.012000 0.037500
0 0.903200 0.414700 0.014300 0.041800
0 0.298400 0.821100 0.023400 0.049700
0 0.039900 0.402700 0.017900 0.057000
0 0.798700 0.489300 0.015600 0.054000
2 0.954297 0.265278 0.058594 0.075000
