7 0.318100 0.077600 0.197500 0.143900
7 0.114100 0.163100 0.076800 0.126600
2 0.487900 0.267800 0.102000 0.087300
2 0.358000 0.275600 0.097500 0.082600
2 0.923700 0.032400 0.070800 0.065600
0 0.667900 0.279100 0.020900 0.084900
0 0.260200 0.588500 0.025500 0.051200
0 0.993300 0.116100 0.011700 0.078900
0 0.523200 0.427900 0.022600 0.060800
0 0.938500 0.127200 0.022000 0.076300
0 0.246700 0.033300 0.022800 0.060700
0 0.147000 0.603200 0.023600 0.092100
0 0.513900 0.429200 0.016700 0.063400
0 0.171800 0.619500 0.039900 0.106900
0 0.964500 0.127700 0.017500 0.073500
0 0.532400 0.427300 0.022700 0.054400
25 0.138281 0.819444 0.215625 0.161111
25 0.200781 0.938889 0.254687 0.122222
