7 0.156600 0.406900 0.177700 0.167500
7 0.473100 0.319000 0.078400 0.077100
2 0.746900 0.379500 0.053700 0.069800
2 0.471100 0.536100 0.090700 0.083600
2 0.336800 0.411200 0.081000 0.083500
2 0.867500 0.317000 0.059800 0.065800
2 0.180200 0.673000 0.095800 0.122500
2 0.741800 0.066400 0.049200 0.035200
1 0.836400 0.473900 0.017900 0.029800
1 0.834500 0.473300 0.027500 0.048100
0 0.627300 0.556500 0.021300 0.083700
0 0.861500 0.426400 0.017200 0.060100
0 0.774600 0.502600 0.018400 0.064800
0 0.008600 0.914300 0.019700 0.097400
0 0.802300 0.494600 0.014500 0.043400
0 0.887500 0.427200 0.014000 0.065900
0 0.025000 0.917300 0.020300 0.092600
0 0.381200 0.324900 0.015300 0.055700
0 0.762400 0.503300 0.015300 0.070800
0 0.558800 0.229000 0.010700 0.038200
0 0.770400 0.143000 0.013200 0.044000
0 0.832800 0.448300 0.023500 0.058100
0 0.254200 0.846100 0.018600 0.061600
0 0.535000 0.260300 0.009900 0.040700
0 0.526400 0.259500 0.010800 0.042300
0 0.571500 0.214500 0.010800 0.041700
0 0.760500 0.143300 0.009900 0.039000
