60 0.207100 0.730500 0.069700 0.146800
56 0.323900 0.676300 0.054100 0.116700
0 0.603300 0.073000 0.030900 0.088600
0 0.668200 0.042900 0.026500 0.067400
0 0.148000 0.734900 0.083700 0.213200
0 0.179700 0.482600 0.049000 0.148400
0 0.308200 0.542000 0.021100 0.066400
0 0.325463 0.586467 0.045200 0.139900
0 0.355981 0.634944 0.053200 0.137900
0 0.135300 0.894200 0.067900 0.157200
60 0.052344 0.850000 0.098438 0.252778
56 0.066406 0.915972 0.043750 0.131944
56 0.124609 0.922917 0.036719 0.140278
56 0.427344 0.722917 0.073437 0.120833
56 0.141406 0.768056 0.064062 0.100000
56 0.255469 0.551389 0.054688 0.105556
25 0.486328 0.454167 0.232031 0.136111
25 0.427344 0.341667 0.200000 0.116667
0 0.422266 0.601389 0.069531 0.113889
