7 0.164800 0.410100 0.175700 0.162200
7 0.473800 0.318700 0.081500 0.079800
2 0.283300 0.617600 0.091700 0.117400
2 0.260200 0.442100 0.088000 0.086600
2 0.536400 0.495500 0.092500 0.084400
2 0.910500 0.295000 0.060600 0.080000
2 0.795500 0.357800 0.052400 0.073000
2 0.744500 0.064900 0.049700 0.034500
1 0.870600 0.444700 0.022400 0.055600
0 0.620200 0.558700 0.020500 0.083100
0 0.776700 0.496700 0.022500 0.069800
0 0.855800 0.427800 0.015000 0.066500
0 0.768700 0.143400 0.011900 0.038200
0 0.387600 0.320700 0.012600 0.044900
0 0.811100 0.490100 0.014500 0.037800
0 0.783900 0.496800 0.015900 0.057300
0 0.535700 0.260600 0.013100 0.038800
0 0.024400 0.916800 0.019900 0.090800
0 0.009700 0.913600 0.017500 0.106500
0 0.884000 0.413400 0.011400 0.033600
0 0.555500 0.225000 0.011700 0.040300
0 0.568300 0.213600 0.012700 0.040400
0 0.758100 0.143200 0.010600 0.040300
0 0.880300 0.427800 0.015800 0.058200
0 0.263800 0.838300 0.018900 0.066800
0 0.394000 0.289000 0.008300 0.019400
