7 0.151600 0.407900 0.208600 0.164700
7 0.476100 0.310900 0.084800 0.090100
2 0.972400 0.259400 0.044300 0.072800
2 0.876900 0.311100 0.049000 0.063200
2 0.134200 0.710200 0.117900 0.111400
2 0.645800 0.435200 0.084100 0.077500
2 0.106500 0.506800 0.101400 0.095800
2 0.430400 0.538100 0.075800 0.104500
0 0.930100 0.413400 0.012500 0.030800
0 0.608200 0.565000 0.018100 0.087500
0 0.842600 0.432000 0.015700 0.061100
0 0.400200 0.316100 0.011900 0.047600
0 0.010600 0.916100 0.022300 0.099000
0 0.787900 0.489700 0.016700 0.066100
0 0.831000 0.477300 0.015400 0.035700
0 0.026900 0.917000 0.021200 0.097700
0 0.284400 0.821900 0.017200 0.066700
0 0.876400 0.430500 0.015700 0.057600
0 0.920500 0.415700 0.014200 0.034600
0 0.934600 0.400100 0.012100 0.034800
0 0.759700 0.143200 0.010800 0.038700
0 0.801100 0.488900 0.017600 0.059500
0 0.302300 0.818400 0.021100 0.052900
0 0.557500 0.214400 0.012400 0.034900
0 0.543800 0.254700 0.019400 0.057300
0 0.767400 0.143300 0.010300 0.033900
0 0.526100 0.255900 0.009500 0.041900
0 0.541700 0.255000 0.011700 0.034700
0 0.938800 0.402100 0.011500 0.034900
0 0.182600 0.352100 0.017200 0.061900
0 0.554700 0.223300 0.011500 0.037900
2 0.742188 0.063889 0.062500 0.036111
