60 0.118500 0.854800 0.068400 0.123000
56 0.238600 0.791200 0.052800 0.103500
56 0.416500 0.669000 0.045200 0.108100
25 0.399200 0.587000 0.215500 0.176000
1 0.466200 0.225300 0.025900 0.050600
0 0.466300 0.196200 0.033500 0.112100
0 0.549000 0.163500 0.025900 0.056900
0 0.099300 0.606100 0.056100 0.178300
0 0.226600 0.636500 0.024400 0.056800
0 0.748600 0.040500 0.015000 0.060600
0 0.769963 0.039889 0.021200 0.056700
0 0.268100 0.734300 0.049800 0.144500
0 0.281641 0.627083 0.097656 0.087500
0 0.333594 0.702083 0.050000 0.123611
0 0.061719 0.809722 0.071875 0.202778
0 0.050781 0.958333 0.075000 0.075000
25 0.337891 0.454861 0.197656 0.118056
56 0.341406 0.819444 0.064062 0.130556
56 0.060547 0.875694 0.063281 0.115278
56 0.172266 0.647222 0.066406 0.108333
