56 0.370100 0.634200 0.055800 0.117700
25 0.530800 0.427900 0.219700 0.171700
0 0.233400 0.422700 0.047100 0.134300
0 0.201200 0.680700 0.082200 0.209900
0 0.035500 0.738200 0.066100 0.265400
0 0.142800 0.478700 0.034600 0.157800
0 0.709200 0.019500 0.017800 0.035700
0 0.368700 0.543800 0.036500 0.145800
0 0.401719 0.575344 0.043200 0.144700
0 0.187891 0.843056 0.072656 0.166667
0 0.460156 0.582639 0.040625 0.104167
0 0.485938 0.564583 0.046875 0.112500
25 0.467969 0.311111 0.201562 0.136111
56 0.473828 0.685417 0.067969 0.118056
56 0.195703 0.722222 0.063281 0.116667
56 0.304688 0.498611 0.057813 0.102778
56 0.117578 0.871528 0.039844 0.156944
56 0.178906 0.881250 0.037500 0.148611
60 0.252344 0.699306 0.067188 0.143056
60 0.095312 0.806944 0.103125 0.208333
