25 0.235800 0.860900 0.217400 0.185600
7 0.356200 0.027100 0.215200 0.056000
2 0.583200 0.152900 0.093700 0.090500
2 0.470600 0.159300 0.090300 0.084000
0 0.699500 0.200200 0.022400 0.087600
0 0.320700 0.493000 0.027400 0.052600
0 0.975900 0.044300 0.021200 0.070400
0 0.229600 0.525400 0.043300 0.105200
0 0.073000 0.942700 0.058200 0.107200
0 0.181000 0.539300 0.020900 0.131400
0 0.571500 0.339700 0.023100 0.054200
0 0.117500 0.946000 0.055700 0.097200
0 0.195500 0.980700 0.057100 0.040300
0 0.559900 0.346800 0.017700 0.066900
7 0.157813 0.076389 0.078125 0.111111
25 0.178125 0.746528 0.203125 0.126389
