60 0.048900 0.947300 0.070200 0.101500
56 0.172400 0.886800 0.052600 0.106100
56 0.023600 0.879200 0.026100 0.054500
56 0.349400 0.767500 0.048400 0.099400
25 0.330300 0.670600 0.216300 0.169400
1 0.370100 0.337800 0.025500 0.049300
0 0.172800 0.770200 0.043500 0.111500
0 0.370400 0.315600 0.030300 0.098800
0 0.779200 0.033800 0.023600 0.074500
0 0.455900 0.278500 0.025600 0.051800
0 0.026200 0.673300 0.045500 0.116800
0 0.676300 0.171600 0.038400 0.116800
0 0.679000 0.144100 0.029200 0.055200
0 0.196638 0.847833 0.052600 0.172300
56 0.276563 0.935417 0.073437 0.120833
56 0.104687 0.759722 0.054688 0.127778
25 0.271875 0.554861 0.203125 0.140278
0 0.269922 0.805556 0.052344 0.122222
0 0.224609 0.735417 0.049219 0.079167
