7 0.171700 0.349200 0.199300 0.168400
2 0.761600 0.310900 0.059400 0.087600
2 0.581100 0.418100 0.080800 0.079300
2 0.903000 0.254200 0.064500 0.063300
2 0.013500 0.743100 0.026400 0.081800
0 0.582200 0.535900 0.021400 0.090300
0 0.320300 0.282700 0.019400 0.061300
0 0.043600 0.862400 0.022600 0.096400
0 0.354800 0.729700 0.020500 0.061800
0 0.832800 0.398200 0.018500 0.078800
0 0.867100 0.394200 0.017300 0.062800
0 0.022200 0.855900 0.026400 0.097400
0 0.849600 0.410700 0.020300 0.056600
0 0.370600 0.725400 0.022800 0.060800
0 0.760300 0.095900 0.010900 0.042800
0 0.584400 0.184700 0.012800 0.045900
0 0.160000 0.302100 0.018500 0.059700
0 0.570600 0.183600 0.009000 0.036600
0 0.839100 0.409900 0.018100 0.068200
0 0.441900 0.228100 0.010300 0.037000
0 0.767500 0.095700 0.010900 0.037600
0 0.443800 0.241900 0.013600 0.063100
7 0.497266 0.245833 0.091406 0.083333
7 0.014062 0.438194 0.028125 0.115278
0 0.551953 0.167361 0.014844 0.068056
