7 0.274300 0.138300 0.176200 0.158700
7 0.079200 0.231000 0.079700 0.124600
7 0.581500 0.045300 0.086200 0.082200
2 0.394200 0.363400 0.100200 0.091600
2 0.263100 0.372300 0.100600 0.089300
2 0.855500 0.113800 0.064600 0.069500
2 0.987100 0.038600 0.022100 0.068000
0 0.642900 0.342000 0.021400 0.087400
0 0.907500 0.192400 0.018600 0.072500
0 0.933600 0.191400 0.015900 0.071600
0 0.211700 0.667600 0.026300 0.052900
0 0.224300 0.097100 0.018400 0.056300
0 0.493100 0.494200 0.022500 0.050400
0 0.474400 0.497700 0.018400 0.063000
0 0.976900 0.182000 0.012600 0.045200
0 0.959600 0.185400 0.015500 0.058500
0 0.191900 0.117600 0.013500 0.029800
0 0.117400 0.699000 0.034100 0.125600
0 0.480100 0.026400 0.012900 0.038700
25 0.105859 0.897222 0.202344 0.133333
25 0.178125 0.964583 0.228125 0.065278
