7 0.161200 0.408200 0.178000 0.166100
7 0.475700 0.318700 0.070500 0.078600
2 0.470600 0.538900 0.094900 0.087000
2 0.341600 0.409800 0.078200 0.083700
2 0.739400 0.386400 0.054200 0.068900
2 0.862600 0.317800 0.056600 0.064800
2 0.174400 0.677400 0.097900 0.128000
2 0.742400 0.065900 0.048200 0.034800
0 0.837300 0.475000 0.013100 0.029100
0 0.628200 0.555100 0.020600 0.081200
0 0.861700 0.427300 0.017600 0.060300
0 0.773300 0.502900 0.020600 0.065900
0 0.887600 0.427700 0.014700 0.066700
0 0.800500 0.495700 0.015200 0.044800
0 0.380600 0.325200 0.015100 0.057100
0 0.008800 0.914200 0.018500 0.098800
0 0.559200 0.228900 0.010900 0.037400
0 0.770200 0.143100 0.013800 0.045000
0 0.762300 0.504000 0.015300 0.072900
0 0.024200 0.917300 0.019500 0.092300
0 0.254700 0.845900 0.018100 0.062800
0 0.833500 0.458600 0.021600 0.065000
0 0.825600 0.457700 0.019100 0.063700
0 0.526400 0.260700 0.011200 0.040600
0 0.534700 0.260900 0.010100 0.039900
0 0.083700 0.384400 0.018600 0.045300
0 0.761600 0.138900 0.012000 0.042900
0 0.248100 0.846600 0.017700 0.066000
0 0.571200 0.215200 0.011600 0.037700
0 0.268300 0.847300 0.026900 0.055100
