7 0.161100 0.412700 0.206200 0.152700
2 0.932300 0.283500 0.061700 0.069300
7 0.474600 0.318600 0.081200 0.080900
2 0.220400 0.462300 0.093200 0.095500
2 0.571100 0.475900 0.088300 0.078000
2 0.820500 0.342800 0.052100 0.065900
2 0.028000 0.775500 0.054000 0.101400
2 0.328200 0.595800 0.090700 0.115900
1 0.883500 0.443600 0.011500 0.030800
0 0.615300 0.559800 0.020100 0.081300
0 0.851700 0.430200 0.017000 0.066200
0 0.786500 0.494800 0.024100 0.069200
0 0.819400 0.481600 0.015600 0.041100
0 0.391900 0.320100 0.014600 0.056600
0 0.270500 0.832100 0.019400 0.064300
0 0.767700 0.144000 0.011400 0.038900
0 0.537200 0.256500 0.011800 0.039400
0 0.881500 0.427700 0.015400 0.059800
0 0.759500 0.143500 0.010800 0.039200
0 0.567200 0.215000 0.012200 0.047800
0 0.024700 0.915500 0.018400 0.092200
0 0.896400 0.425600 0.018100 0.056500
0 0.008900 0.913800 0.014200 0.108700
0 0.554800 0.224000 0.010100 0.036900
0 0.288200 0.832300 0.026500 0.058400
0 0.899600 0.427800 0.012200 0.038000
0 0.502000 0.244100 0.012700 0.042800
2 0.742578 0.065972 0.063281 0.037500
