7 0.266800 0.155200 0.195500 0.175700
7 0.074200 0.244000 0.076600 0.121700
2 0.364800 0.394200 0.102800 0.094600
2 0.232000 0.403500 0.105900 0.091700
2 0.835500 0.139000 0.068600 0.072700
2 0.978200 0.059100 0.045300 0.073900
0 0.634800 0.364200 0.022900 0.090800
0 0.896600 0.212800 0.019400 0.068200
0 0.195800 0.693200 0.023700 0.055400
0 0.947300 0.209800 0.016300 0.065600
0 0.464000 0.521200 0.017800 0.064900
0 0.925300 0.212200 0.018300 0.071700
0 0.215300 0.118700 0.017600 0.056600
0 0.481000 0.518800 0.020800 0.061000
0 0.959200 0.207500 0.016500 0.054900
0 0.108800 0.704800 0.035400 0.131600
0 0.477800 0.041700 0.020300 0.055000
0 0.176800 0.138500 0.013300 0.032000
0 0.105900 0.755300 0.027100 0.067000
7 0.567969 0.059028 0.093750 0.093056
25 0.107422 0.932639 0.199219 0.118056
