56 0.143200 0.947100 0.058200 0.096400
25 0.301300 0.723100 0.208500 0.177700
1 0.325400 0.400700 0.026500 0.046400
0 0.755400 0.074200 0.021900 0.086400
0 0.415400 0.339000 0.026000 0.051300
0 0.141200 0.826200 0.044700 0.129800
0 0.328400 0.378800 0.037200 0.101700
0 0.009500 0.710400 0.016800 0.082500
0 0.173800 0.887800 0.046500 0.154000
0 0.649600 0.198500 0.025000 0.050900
0 0.635300 0.206000 0.019800 0.062400
0 0.244531 0.855556 0.053125 0.108333
0 0.195703 0.777778 0.046094 0.063889
25 0.243750 0.606944 0.209375 0.136111
