56 0.364100 0.637800 0.049900 0.110200
25 0.522500 0.430500 0.212100 0.174100
0 0.229100 0.453000 0.055400 0.171800
0 0.192600 0.695000 0.083000 0.213000
0 0.027900 0.760500 0.053200 0.273500
0 0.133900 0.483300 0.034800 0.157100
0 0.174000 0.857100 0.060400 0.168800
0 0.681600 0.026400 0.031000 0.051000
0 0.352400 0.504600 0.024900 0.077400
0 0.361900 0.544800 0.039900 0.148100
0 0.755100 0.003900 0.021200 0.008500
60 0.242188 0.693750 0.071875 0.131944
60 0.089062 0.818056 0.103125 0.205556
56 0.460547 0.685417 0.072656 0.109722
56 0.296094 0.497222 0.062500 0.100000
56 0.192188 0.720833 0.064062 0.102778
56 0.111719 0.887500 0.046875 0.155556
56 0.169922 0.882639 0.035156 0.140278
25 0.463281 0.313194 0.195312 0.145833
0 0.464844 0.567361 0.059375 0.106944
0 0.389062 0.595833 0.045313 0.147222
