56 0.306900 0.696300 0.054200 0.115200
1 0.580000 0.116400 0.030200 0.049200
0 0.649100 0.060000 0.022800 0.063000
0 0.580600 0.088600 0.033300 0.086300
0 0.171900 0.485100 0.050600 0.136100
0 0.140806 0.717411 0.085700 0.220700
0 0.340900 0.640733 0.058300 0.132800
0 0.304600 0.607300 0.037700 0.138900
0 0.293300 0.557000 0.021800 0.069000
0 0.077200 0.542600 0.036400 0.175700
0 0.408984 0.619444 0.057031 0.105556
0 0.126563 0.902778 0.079687 0.158333
25 0.469531 0.475694 0.229687 0.137500
25 0.413281 0.361111 0.203125 0.144444
56 0.405859 0.723611 0.066406 0.116667
56 0.133203 0.786111 0.075781 0.119444
56 0.055859 0.921528 0.042969 0.120833
56 0.118359 0.922222 0.042969 0.119444
56 0.235938 0.556250 0.051562 0.098611
60 0.186328 0.740278 0.069531 0.133333
60 0.045313 0.869444 0.087500 0.211111
