7 0.266900 0.152500 0.178200 0.171900
2 0.978300 0.054800 0.042900 0.074000
2 0.369400 0.389200 0.103100 0.090500
2 0.237400 0.400300 0.106300 0.090200
2 0.839000 0.136200 0.068400 0.073900
0 0.637000 0.361500 0.021100 0.091200
0 0.896800 0.209400 0.019900 0.069700
0 0.924800 0.209500 0.018300 0.072500
0 0.949800 0.206200 0.016200 0.065300
0 0.196700 0.690500 0.023100 0.059100
0 0.464700 0.518200 0.017300 0.068200
0 0.179500 0.136300 0.013200 0.033800
0 0.477700 0.039300 0.020100 0.054100
0 0.216700 0.115000 0.016400 0.059900
0 0.485900 0.509900 0.022200 0.045200
0 0.110500 0.706300 0.032400 0.132400
0 0.958800 0.206400 0.016800 0.055800
0 0.963100 0.199200 0.010700 0.042200
7 0.567969 0.058333 0.100000 0.091667
7 0.073828 0.241667 0.083594 0.125000
25 0.101953 0.917361 0.196094 0.134722
