7 0.174800 0.393400 0.186300 0.168200
7 0.479300 0.292700 0.081100 0.082900
2 0.987200 0.227700 0.021700 0.063000
2 0.422700 0.536500 0.086600 0.088500
2 0.802300 0.338800 0.069400 0.066100
2 0.757000 0.037100 0.042400 0.020500
0 0.587700 0.564500 0.019700 0.088800
0 0.290900 0.324700 0.017600 0.061200
0 0.849100 0.446900 0.014400 0.040100
0 0.012000 0.897400 0.020200 0.113700
0 0.863500 0.423600 0.014700 0.059700
0 0.758900 0.128800 0.012000 0.039000
0 0.160900 0.333600 0.016000 0.062500
0 0.566400 0.226700 0.011600 0.042300
0 0.322700 0.779400 0.020900 0.061600
0 0.450400 0.246600 0.011100 0.040800
0 0.810900 0.455900 0.015600 0.058500
0 0.830800 0.412900 0.013900 0.049800
0 0.024800 0.896800 0.019400 0.097900
0 0.423500 0.288300 0.014700 0.058000
0 0.554800 0.227700 0.009900 0.036800
0 0.747200 0.128500 0.010800 0.041100
0 0.340500 0.776200 0.022200 0.053300
0 0.542900 0.225800 0.007600 0.031400
0 0.829400 0.456700 0.011200 0.045200
0 0.549500 0.195100 0.009900 0.035000
2 0.633984 0.406944 0.061719 0.091667
