56 0.299300 0.701800 0.052400 0.110800
1 0.560600 0.132800 0.029500 0.049800
0 0.560000 0.105400 0.032400 0.100600
0 0.632900 0.074500 0.024600 0.062100
0 0.163900 0.516200 0.059800 0.153200
0 0.286400 0.566400 0.024100 0.069000
0 0.130719 0.740867 0.090600 0.215700
0 0.326200 0.670100 0.047900 0.140200
60 0.035937 0.893056 0.068750 0.188889
60 0.177344 0.758333 0.062500 0.125000
56 0.396875 0.748611 0.062500 0.127778
56 0.121875 0.791667 0.065625 0.108333
56 0.044922 0.934028 0.038281 0.104167
56 0.105469 0.938889 0.040625 0.113889
56 0.230469 0.559028 0.048437 0.104167
25 0.464453 0.477778 0.238281 0.152778
25 0.398438 0.368750 0.196875 0.140278
0 0.388281 0.625000 0.065625 0.119444
0 0.329297 0.557639 0.094531 0.106944
0 0.111719 0.913194 0.076563 0.165278
