7 0.202700 0.325100 0.175000 0.166000
7 0.502500 0.234400 0.080200 0.086700
7 0.019200 0.419800 0.046800 0.127100
2 0.813900 0.274800 0.058800 0.083400
2 0.949900 0.217100 0.059800 0.065300
2 0.639200 0.372200 0.082000 0.081200
2 0.074100 0.684100 0.134700 0.118600
0 0.587600 0.518500 0.019800 0.089600
0 0.838700 0.372700 0.017200 0.065600
0 0.863100 0.384100 0.019700 0.067100
0 0.771800 0.071500 0.014600 0.041900
0 0.601100 0.166400 0.012200 0.044400
0 0.337800 0.260100 0.013100 0.065900
0 0.884300 0.379400 0.017500 0.055700
0 0.028900 0.836100 0.024400 0.101700
0 0.587000 0.166100 0.011200 0.040300
0 0.373100 0.700600 0.019100 0.068700
0 0.164400 0.285700 0.021000 0.061800
0 0.394000 0.697400 0.025100 0.052500
0 0.057100 0.910200 0.030700 0.059500
0 0.444100 0.200200 0.016500 0.056100
0 0.053500 0.353800 0.015400 0.072200
0 0.379900 0.699400 0.019100 0.062200
0 0.037600 0.851600 0.041800 0.132400
0 0.762600 0.072200 0.012600 0.039800
0 0.562500 0.148611 0.012500 0.063889
