60 0.050900 0.923300 0.073200 0.135300
56 0.177300 0.885000 0.052500 0.098400
56 0.074200 0.851100 0.040200 0.054300
56 0.121231 0.733000 0.054500 0.105800
25 0.339800 0.662300 0.219800 0.167100
0 0.382400 0.298800 0.035800 0.107900
0 0.787400 0.026800 0.023900 0.056100
0 0.465400 0.262200 0.024900 0.054500
0 0.036100 0.672100 0.056100 0.144900
0 0.176800 0.758300 0.041300 0.115800
0 0.700350 0.152600 0.027600 0.113500
0 0.177600 0.829700 0.053300 0.118500
0 0.164600 0.727900 0.022800 0.062800
0 0.281344 0.788833 0.038800 0.120500
0 0.022000 0.916500 0.043500 0.164800
0 0.239800 0.741400 0.026100 0.085100
56 0.281641 0.908333 0.061719 0.122222
25 0.278516 0.543750 0.199219 0.106944
0 0.677344 0.134028 0.017188 0.081944
