7 0.195500 0.336400 0.190200 0.168000
7 0.015700 0.426400 0.039000 0.129900
7 0.495100 0.252300 0.084400 0.086800
2 0.782600 0.300700 0.064100 0.082000
2 0.604200 0.402400 0.080800 0.077800
2 0.926200 0.239900 0.059000 0.058300
2 0.041800 0.714400 0.071300 0.097800
0 0.583500 0.529100 0.022400 0.087400
0 0.831700 0.385600 0.014900 0.068200
0 0.851500 0.400000 0.018600 0.069400
0 0.024700 0.853400 0.023600 0.119800
0 0.363900 0.721200 0.018300 0.068400
0 0.588400 0.178200 0.011900 0.042900
0 0.768200 0.087600 0.010900 0.039700
0 0.870800 0.384900 0.016700 0.060400
0 0.555000 0.163500 0.010800 0.040400
0 0.380800 0.714200 0.021700 0.052100
0 0.597700 0.178800 0.010100 0.039800
0 0.044600 0.853600 0.021000 0.099000
0 0.761100 0.085700 0.011300 0.041600
0 0.160800 0.300000 0.020400 0.069300
0 0.326100 0.270600 0.014200 0.059700
0 0.573200 0.176100 0.007700 0.030300
0 0.040900 0.931400 0.023100 0.061300
0 0.441575 0.208733 0.013200 0.030700
