7 0.163000 0.410700 0.177100 0.168900
7 0.477000 0.318200 0.069100 0.080000
2 0.491600 0.521800 0.092800 0.084800
2 0.309400 0.421200 0.082800 0.085700
2 0.763200 0.374200 0.055900 0.070100
2 0.882300 0.310500 0.060900 0.074200
2 0.214100 0.658300 0.099100 0.119100
2 0.742800 0.066500 0.049400 0.035500
1 0.846900 0.457700 0.026300 0.052200
1 0.850900 0.461900 0.015700 0.032400
0 0.623800 0.554100 0.017900 0.084600
0 0.773400 0.501600 0.021300 0.072000
0 0.885300 0.427100 0.014800 0.063100
0 0.008300 0.914800 0.018400 0.102200
0 0.804800 0.490100 0.014100 0.046100
0 0.383200 0.324000 0.016400 0.053700
0 0.025700 0.917800 0.019700 0.094700
0 0.855500 0.428000 0.021500 0.070300
0 0.770300 0.143000 0.011500 0.037800
0 0.558900 0.226500 0.009400 0.039200
0 0.759400 0.138600 0.010800 0.040800
0 0.570700 0.213500 0.010500 0.038600
0 0.850000 0.446800 0.023900 0.060400
0 0.257700 0.846100 0.019700 0.064300
0 0.271800 0.838500 0.022800 0.053300
