7 0.173800 0.394300 0.192300 0.167000
7 0.479800 0.297400 0.080400 0.087000
2 0.625700 0.416400 0.066500 0.087900
2 0.404200 0.547800 0.093000 0.089700
2 0.792300 0.346000 0.066600 0.067600
2 0.981200 0.238900 0.034600 0.055800
2 0.755800 0.040000 0.044700 0.020200
0 0.589300 0.564400 0.019400 0.085100
0 0.011800 0.899400 0.019600 0.122700
0 0.289300 0.329900 0.019000 0.063600
0 0.849100 0.449300 0.017200 0.036100
0 0.809700 0.457300 0.015300 0.063800
0 0.161800 0.341100 0.019000 0.065600
0 0.419800 0.291900 0.010600 0.050500
0 0.320700 0.784900 0.020000 0.064600
0 0.820200 0.457000 0.018500 0.059700
0 0.758700 0.131100 0.011300 0.039000
0 0.829900 0.425700 0.014100 0.063300
0 0.025400 0.899000 0.018000 0.097200
0 0.865800 0.425100 0.013800 0.060800
0 0.559000 0.229900 0.017000 0.057600
0 0.542700 0.225900 0.009500 0.039300
0 0.337800 0.778400 0.021600 0.050800
0 0.745400 0.130200 0.009800 0.040500
0 0.558000 0.230500 0.010700 0.035600
0 0.824800 0.458200 0.010900 0.045500
0 0.450800 0.246500 0.010600 0.040500
0 0.990800 0.348000 0.015600 0.060300
0 0.993800 0.350900 0.008400 0.043800
0 0.564700 0.230300 0.010800 0.037600
