7 0.259600 0.175200 0.181300 0.182000
7 0.057600 0.275800 0.074300 0.127900
2 0.950100 0.100300 0.045800 0.072600
2 0.183600 0.455400 0.105200 0.091100
2 0.324900 0.441100 0.107200 0.104000
2 0.801600 0.181000 0.069700 0.081900
0 0.626300 0.392400 0.021100 0.087500
0 0.885600 0.242700 0.016000 0.068300
0 0.915100 0.245000 0.014500 0.068300
0 0.448300 0.554400 0.019000 0.061600
0 0.206400 0.149400 0.018600 0.059500
0 0.929600 0.242000 0.013100 0.063100
0 0.471100 0.072800 0.015900 0.057800
0 0.176700 0.730300 0.026100 0.054000
0 0.944600 0.238400 0.011800 0.050900
0 0.464600 0.550700 0.021700 0.058900
0 0.664700 0.024900 0.011000 0.038400
0 0.153800 0.196600 0.015800 0.075400
0 0.098000 0.723200 0.024000 0.102800
0 0.652800 0.026600 0.011400 0.043500
0 0.955400 0.237000 0.011800 0.040900
0 0.530200 0.069400 0.010000 0.026500
0 0.087700 0.761100 0.024300 0.110500
7 0.555859 0.089583 0.094531 0.095833
25 0.093750 0.950000 0.173438 0.100000
