7 0.170600 0.403100 0.188000 0.169900
7 0.475000 0.308500 0.076900 0.067800
2 0.341600 0.589100 0.098300 0.092300
2 0.757200 0.371700 0.072600 0.064600
2 0.962000 0.259600 0.041500 0.057800
2 0.753600 0.049500 0.043200 0.025400
0 0.592200 0.566600 0.019400 0.090300
0 0.414100 0.303400 0.011800 0.046700
0 0.759900 0.136900 0.011400 0.036500
0 0.831800 0.430500 0.016100 0.059800
0 0.282200 0.337900 0.016800 0.064400
0 0.805800 0.470700 0.018900 0.068300
0 0.846200 0.458500 0.016500 0.031300
0 0.868700 0.431600 0.016000 0.064600
0 0.746100 0.136100 0.011100 0.040800
0 0.815500 0.470300 0.019100 0.062100
0 0.010300 0.910100 0.017900 0.116700
0 0.971200 0.366300 0.021000 0.051000
0 0.555200 0.243100 0.014200 0.042000
0 0.026200 0.908200 0.019000 0.099000
0 0.309700 0.798900 0.020600 0.068700
0 0.456100 0.258400 0.013200 0.035400
0 0.165400 0.348400 0.017700 0.072100
0 0.323200 0.793700 0.022900 0.054700
0 0.833300 0.417700 0.013800 0.031300
2 0.576172 0.449306 0.072656 0.095833
0 0.554297 0.200694 0.030469 0.048611
