60 0.205400 0.734200 0.067500 0.144300
56 0.320600 0.675600 0.055400 0.114700
0 0.591200 0.080800 0.030700 0.102300
0 0.662000 0.050400 0.024100 0.069200
0 0.145300 0.729789 0.081900 0.217700
0 0.176000 0.484600 0.044200 0.144500
0 0.304100 0.551600 0.025100 0.077100
0 0.322363 0.579856 0.049200 0.132100
0 0.085000 0.519800 0.037200 0.153700
60 0.048828 0.868056 0.091406 0.227778
56 0.060938 0.927083 0.045313 0.129167
56 0.123828 0.927778 0.046094 0.138889
56 0.416797 0.724306 0.064844 0.112500
56 0.142969 0.779167 0.067188 0.122222
56 0.250391 0.542361 0.046094 0.109722
25 0.475391 0.465972 0.239844 0.140278
25 0.420312 0.360417 0.204688 0.120833
0 0.348437 0.643056 0.040625 0.166667
0 0.417969 0.609722 0.060938 0.116667
0 0.133203 0.902778 0.075781 0.175000
