25 0.210100 0.902100 0.237400 0.171000
7 0.321500 0.058600 0.207900 0.111300
7 0.129400 0.129000 0.078200 0.134400
2 0.524800 0.224600 0.099800 0.082500
2 0.402400 0.231300 0.093300 0.082600
2 0.948300 0.012500 0.067300 0.024400
0 0.678600 0.253200 0.020400 0.090700
0 0.979200 0.096500 0.018900 0.069200
0 0.951800 0.097400 0.018000 0.069700
0 0.284600 0.552500 0.027300 0.053300
0 0.195800 0.587500 0.027600 0.095800
0 0.159400 0.572500 0.021500 0.091100
0 0.038700 0.967000 0.056300 0.067200
0 0.538700 0.396400 0.024200 0.061200
0 0.262800 0.012500 0.013600 0.022300
0 0.540600 0.415200 0.039600 0.112800
25 0.152344 0.802778 0.225000 0.119444
