7 0.157700 0.405200 0.214800 0.147300
7 0.473700 0.318800 0.078900 0.079800
2 0.349500 0.580700 0.089300 0.107500
2 0.942700 0.277800 0.061300 0.073800
2 0.588000 0.467100 0.088100 0.077000
2 0.042600 0.768200 0.079600 0.106200
2 0.831400 0.338700 0.050900 0.061700
2 0.198300 0.470500 0.092000 0.087200
0 0.614300 0.560400 0.020200 0.078200
0 0.848800 0.431600 0.017300 0.063900
0 0.821700 0.481300 0.013500 0.037500
0 0.881800 0.429000 0.016600 0.063100
0 0.788100 0.491800 0.018600 0.064700
0 0.393000 0.319500 0.014100 0.056500
0 0.779500 0.492500 0.014400 0.071500
0 0.025500 0.915700 0.019100 0.095000
0 0.273100 0.830700 0.020600 0.067500
0 0.008800 0.913500 0.015000 0.106400
0 0.908800 0.418300 0.013500 0.039000
0 0.896400 0.425500 0.016900 0.056200
0 0.767300 0.144200 0.011100 0.040400
0 0.761200 0.143600 0.010700 0.037900
0 0.565000 0.212300 0.011000 0.041600
0 0.290900 0.824800 0.022500 0.050400
2 0.743359 0.063194 0.060156 0.043056
