56 0.330700 0.670200 0.052300 0.112500
0 0.607600 0.065500 0.030500 0.095500
0 0.678600 0.037200 0.026100 0.065300
0 0.151600 0.732000 0.082600 0.218000
0 0.182563 0.474189 0.060600 0.153100
0 0.317200 0.539200 0.023900 0.067300
0 0.358225 0.622344 0.053000 0.133800
0 0.327600 0.550600 0.045300 0.094000
0 0.428125 0.606944 0.064062 0.136111
25 0.485156 0.452778 0.229687 0.144444
25 0.428516 0.349306 0.200781 0.143056
56 0.428906 0.732639 0.082813 0.137500
56 0.075391 0.920833 0.039844 0.158333
56 0.128125 0.918750 0.037500 0.131944
56 0.258203 0.543056 0.053906 0.102778
56 0.153125 0.775694 0.068750 0.118056
60 0.055078 0.851389 0.096094 0.222222
60 0.205469 0.739583 0.075000 0.129167
0 0.142578 0.891667 0.069531 0.186111
