60 0.268300 0.670100 0.065400 0.157100
60 0.104700 0.800900 0.116600 0.200700
56 0.381800 0.633900 0.058000 0.105800
56 0.200800 0.700900 0.057000 0.179500
56 0.272900 0.645300 0.060700 0.132600
25 0.538100 0.424300 0.218700 0.169000
0 0.041100 0.730800 0.074400 0.265400
0 0.208400 0.680400 0.077900 0.220100
0 0.239600 0.453000 0.049100 0.180200
0 0.148700 0.458700 0.036200 0.149000
0 0.384100 0.545100 0.052200 0.153300
0 0.483100 0.575300 0.047700 0.115100
25 0.477734 0.290972 0.196094 0.134722
0 0.195312 0.840972 0.068750 0.179167
56 0.125781 0.876389 0.051562 0.163889
56 0.184766 0.878472 0.053906 0.168056
0 0.247656 0.388194 0.032812 0.090278
0 0.406641 0.572917 0.036719 0.109722
56 0.480859 0.677778 0.066406 0.133333
56 0.317187 0.493056 0.050000 0.102778
