25 0.242600 0.848600 0.214500 0.187800
7 0.160700 0.065900 0.073900 0.116500
2 0.490300 0.135300 0.088100 0.080500
2 0.600200 0.130000 0.089900 0.085100
0 0.705400 0.188900 0.018900 0.097200
0 0.080200 0.931300 0.052900 0.119900
0 0.333000 0.473600 0.027600 0.054800
0 0.243700 0.507900 0.030800 0.095000
0 0.982800 0.032900 0.021300 0.066300
0 0.571700 0.324300 0.021400 0.059400
0 0.584900 0.319900 0.023100 0.052600
0 0.184200 0.520600 0.017000 0.125300
0 0.124388 0.930733 0.037900 0.141300
0 0.198400 0.972100 0.036500 0.053200
7 0.337109 0.022222 0.161719 0.047222
25 0.188281 0.723611 0.210938 0.119444
