56 0.362500 0.636600 0.049100 0.107200
0 0.227163 0.443500 0.051600 0.168000
0 0.182900 0.696200 0.080500 0.222800
0 0.027500 0.761700 0.053500 0.273800
0 0.679900 0.027000 0.027900 0.054300
0 0.351700 0.505300 0.025700 0.076600
0 0.133500 0.479400 0.037000 0.151400
0 0.745000 0.006100 0.017700 0.011500
0 0.360700 0.544000 0.039800 0.139500
0 0.389900 0.607600 0.045200 0.135800
0 0.467578 0.571528 0.063281 0.109722
0 0.173438 0.842361 0.082813 0.165278
25 0.520703 0.415972 0.236719 0.137500
25 0.464453 0.314583 0.196094 0.148611
56 0.454688 0.688194 0.073437 0.131944
56 0.185156 0.729861 0.071875 0.118056
56 0.104687 0.879167 0.048437 0.150000
56 0.166797 0.887500 0.036719 0.144444
56 0.295703 0.518056 0.057031 0.127778
60 0.241797 0.695833 0.075781 0.127778
60 0.079687 0.814583 0.118750 0.215278
