7 0.269400 0.146000 0.191100 0.178500
7 0.075300 0.238700 0.076100 0.123800
7 0.574100 0.054600 0.085600 0.088200
2 0.981100 0.044500 0.035600 0.080300
2 0.379300 0.378500 0.101700 0.097700
2 0.247400 0.388900 0.101400 0.087900
2 0.847100 0.127800 0.073000 0.073700
0 0.638400 0.354200 0.021300 0.091100
0 0.928700 0.201000 0.017400 0.067800
0 0.488200 0.505900 0.023100 0.057300
0 0.200500 0.681200 0.026100 0.054000
0 0.220600 0.107100 0.016300 0.056200
0 0.950200 0.199500 0.014900 0.058000
0 0.900400 0.200800 0.018200 0.071300
0 0.472200 0.508700 0.016700 0.062900
0 0.111300 0.705200 0.034700 0.123100
0 0.973900 0.192700 0.012300 0.044100
0 0.963400 0.195200 0.011900 0.052100
0 0.478000 0.034300 0.020000 0.056400
0 0.182900 0.131200 0.011000 0.028200
25 0.105859 0.902083 0.211719 0.143056
