7 0.270100 0.148500 0.180300 0.180800
7 0.074500 0.240300 0.080000 0.125000
2 0.979400 0.052500 0.040000 0.075300
2 0.372600 0.384700 0.104500 0.090300
2 0.243200 0.395500 0.103400 0.090900
2 0.841900 0.131300 0.067000 0.074000
0 0.638000 0.357300 0.022000 0.093400
0 0.898600 0.205700 0.019300 0.073700
0 0.199400 0.684000 0.025100 0.053900
0 0.925300 0.205700 0.018100 0.074900
0 0.949900 0.201000 0.016000 0.065300
0 0.466200 0.512600 0.017000 0.066000
0 0.486000 0.507500 0.023400 0.054000
0 0.220600 0.112200 0.017300 0.055300
0 0.972200 0.194800 0.012600 0.043300
0 0.181000 0.133800 0.012000 0.028900
0 0.962700 0.197200 0.011100 0.046700
0 0.475100 0.040300 0.014300 0.037900
0 0.109400 0.706000 0.032400 0.131500
7 0.570312 0.056250 0.092188 0.084722
25 0.105078 0.921528 0.203906 0.118056
