56 0.338100 0.663200 0.055500 0.122900
0 0.634200 0.043800 0.027900 0.089300
0 0.203100 0.453200 0.050100 0.134300
0 0.168300 0.724300 0.079000 0.216900
0 0.701100 0.024600 0.026500 0.052300
0 0.360425 0.614789 0.058700 0.130600
0 0.330900 0.524300 0.023300 0.066500
0 0.338500 0.578200 0.038500 0.138100
0 0.436719 0.586111 0.059375 0.111111
0 0.155469 0.870833 0.079687 0.147222
0 0.114063 0.500000 0.040625 0.144444
25 0.500000 0.438194 0.242188 0.129167
25 0.433203 0.334028 0.213281 0.129167
56 0.437891 0.710417 0.080469 0.123611
56 0.170703 0.754861 0.071094 0.120833
56 0.084375 0.902778 0.045313 0.147222
56 0.142969 0.913194 0.037500 0.145833
56 0.275781 0.529167 0.059375 0.116667
60 0.225391 0.724306 0.075781 0.145833
60 0.059766 0.836111 0.111719 0.225000
