25 0.259700 0.834400 0.217400 0.164500
7 0.165000 0.055300 0.073900 0.102400
2 0.611500 0.118000 0.098400 0.089200
2 0.501700 0.126700 0.089400 0.086700
0 0.709000 0.180500 0.020300 0.092600
0 0.084200 0.928900 0.051800 0.124400
0 0.338100 0.463200 0.025800 0.051700
0 0.254300 0.495500 0.029300 0.085600
0 0.132281 0.925556 0.034400 0.151500
0 0.197100 0.967100 0.058200 0.067900
0 0.987600 0.025200 0.019300 0.059800
0 0.190800 0.507600 0.017900 0.110000
0 0.574100 0.317200 0.018500 0.063600
0 0.588100 0.310300 0.024400 0.049000
25 0.194531 0.719444 0.210938 0.144444
