7 0.175900 0.366900 0.198800 0.165600
7 0.483200 0.274900 0.088800 0.090900
2 0.856400 0.295000 0.057900 0.067900
2 0.511300 0.472000 0.084900 0.081900
2 0.761800 0.019600 0.039800 0.019500
0 0.582600 0.549300 0.021800 0.087200
0 0.339400 0.754400 0.019700 0.069100
0 0.018100 0.871900 0.029100 0.094300
0 0.757300 0.111700 0.012400 0.040800
0 0.860800 0.408500 0.016300 0.066100
0 0.573200 0.210400 0.012800 0.044800
0 0.825300 0.430900 0.017300 0.073100
0 0.303600 0.302900 0.019700 0.064800
0 0.035300 0.879600 0.022000 0.089800
0 0.833500 0.430100 0.021600 0.062000
0 0.354700 0.747500 0.021000 0.051400
0 0.158100 0.319300 0.018500 0.066000
0 0.831300 0.394200 0.014800 0.039800
0 0.432700 0.268900 0.009800 0.051100
0 0.555500 0.207300 0.008500 0.031000
2 0.704297 0.353472 0.063281 0.090278
0 0.547266 0.178472 0.014844 0.059722
