60 0.119000 0.854400 0.066900 0.118900
56 0.240300 0.790400 0.052000 0.105100
25 0.400700 0.585900 0.218400 0.172800
0 0.551200 0.160400 0.026800 0.059400
0 0.472500 0.193100 0.031400 0.089700
0 0.099900 0.579800 0.052600 0.152200
0 0.227700 0.634800 0.024000 0.059500
0 0.756300 0.056900 0.019600 0.100100
0 0.269600 0.733000 0.050100 0.139900
0 0.769500 0.035600 0.024100 0.047600
0 0.074100 0.830000 0.094100 0.199600
56 0.342187 0.821528 0.067188 0.123611
56 0.061719 0.881944 0.073437 0.125000
56 0.175391 0.646528 0.060156 0.112500
25 0.344141 0.442361 0.200781 0.140278
0 0.274219 0.631250 0.087500 0.084722
0 0.342187 0.704167 0.060938 0.111111
0 0.050391 0.957639 0.078906 0.084722
