7 0.161994 0.399956 0.182700 0.173900
7 0.471700 0.318200 0.077900 0.079700
2 0.407900 0.570500 0.096800 0.088700
2 0.973200 0.233000 0.050500 0.059000
2 0.388100 0.391700 0.077300 0.082100
2 0.832300 0.335300 0.067000 0.083300
2 0.699800 0.405600 0.057600 0.071500
2 0.090300 0.723800 0.105100 0.137900
2 0.022900 0.587300 0.046900 0.095200
2 0.744300 0.068900 0.053200 0.033300
0 0.634200 0.550200 0.020700 0.082200
0 0.865400 0.425900 0.020900 0.066400
0 0.757800 0.507800 0.018500 0.072400
0 0.008500 0.915300 0.017100 0.114100
0 0.889100 0.427100 0.014600 0.065000
0 0.769900 0.507400 0.017300 0.058100
0 0.773200 0.143000 0.013400 0.038300
0 0.525700 0.261600 0.011100 0.040100
0 0.024000 0.918600 0.021400 0.094800
0 0.787200 0.448600 0.016700 0.036400
0 0.537700 0.258000 0.009000 0.028600
0 0.570400 0.215700 0.012500 0.039300
0 0.551500 0.244200 0.012000 0.027400
0 0.505100 0.259400 0.009300 0.028900
0 0.790600 0.495700 0.013700 0.045700
0 0.551300 0.254200 0.010100 0.023900
0 0.376300 0.320800 0.009600 0.040700
0 0.809900 0.472600 0.019700 0.068000
0 0.246200 0.852100 0.022400 0.065000
0 0.542900 0.243700 0.008900 0.022900
0 0.580300 0.214400 0.010900 0.041300
0 0.761500 0.138000 0.011500 0.034900
0 0.094922 0.378472 0.022656 0.051389
