7 0.174500 0.387900 0.187900 0.173100
7 0.479900 0.290900 0.078800 0.083400
2 0.653300 0.397200 0.068700 0.091900
2 0.446800 0.521400 0.083300 0.084900
2 0.816500 0.326500 0.064600 0.067000
2 0.755400 0.037400 0.045400 0.031500
2 0.992300 0.228700 0.012800 0.040200
0 0.586000 0.559800 0.021700 0.084300
0 0.293900 0.321900 0.018100 0.059200
0 0.160700 0.333700 0.017700 0.063400
0 0.011500 0.895000 0.018800 0.128500
0 0.567900 0.225900 0.012700 0.038800
0 0.425500 0.286400 0.011500 0.048400
0 0.759100 0.127200 0.011600 0.041200
0 0.341825 0.768544 0.017600 0.064000
0 0.852200 0.441800 0.013900 0.037400
0 0.863800 0.419000 0.017000 0.063300
0 0.830100 0.416200 0.015400 0.059500
0 0.024100 0.893400 0.021000 0.102200
0 0.326269 0.770911 0.020100 0.059600
0 0.816600 0.446800 0.016800 0.071300
0 0.746000 0.122600 0.011700 0.040600
0 0.554500 0.225800 0.010200 0.031700
0 0.993100 0.337400 0.013600 0.065800
0 0.832500 0.447200 0.011800 0.041700
0 0.537800 0.213200 0.008000 0.032700
