7 0.165700 0.406500 0.197300 0.170800
7 0.478400 0.308200 0.079100 0.087900
2 0.947200 0.268600 0.038800 0.054600
2 0.559800 0.458900 0.076600 0.102900
2 0.318500 0.604100 0.096700 0.094200
2 0.742600 0.379600 0.067900 0.064000
2 0.753600 0.051300 0.045800 0.022600
0 0.594900 0.568300 0.017900 0.085400
0 0.277700 0.339800 0.016500 0.064400
0 0.832900 0.431500 0.017000 0.059600
0 0.411900 0.307000 0.014700 0.057200
0 0.869900 0.431100 0.016000 0.062000
0 0.846000 0.461300 0.017400 0.034800
0 0.801400 0.472400 0.015400 0.065600
0 0.010700 0.911000 0.018400 0.113600
0 0.026800 0.909800 0.020900 0.096000
0 0.815200 0.471900 0.016200 0.059100
0 0.963400 0.382700 0.014300 0.034400
0 0.306200 0.804700 0.021100 0.063300
0 0.554100 0.244200 0.015800 0.040400
0 0.971000 0.366500 0.012100 0.036700
0 0.759600 0.137900 0.010900 0.033600
0 0.535900 0.242700 0.011000 0.040500
0 0.323300 0.821700 0.025300 0.108400
0 0.168000 0.351300 0.018300 0.068300
0 0.747300 0.136800 0.010100 0.036200
0 0.325000 0.794200 0.024600 0.047500
0 0.967000 0.371900 0.018100 0.051700
