7 0.164100 0.407000 0.193500 0.172400
7 0.479200 0.309300 0.081700 0.090100
2 0.946200 0.269300 0.037900 0.055400
2 0.554800 0.462500 0.074500 0.103000
2 0.314500 0.609200 0.097100 0.099200
2 0.738600 0.381200 0.069700 0.065800
0 0.594900 0.568600 0.018300 0.086300
0 0.833400 0.432300 0.018200 0.062000
0 0.411000 0.307400 0.014300 0.057200
0 0.801300 0.473100 0.014700 0.065600
0 0.870500 0.430100 0.015200 0.063500
0 0.010400 0.911000 0.018000 0.111700
0 0.277400 0.339600 0.016800 0.064600
0 0.815200 0.472400 0.015300 0.056300
0 0.961500 0.383100 0.013000 0.036200
0 0.027100 0.909600 0.020200 0.096500
0 0.305500 0.805700 0.019600 0.063500
0 0.845300 0.461900 0.014000 0.036300
0 0.168400 0.350400 0.019600 0.067800
0 0.323400 0.801300 0.025800 0.061300
0 0.759600 0.137900 0.010300 0.031300
0 0.553500 0.244100 0.020500 0.053600
0 0.971000 0.366200 0.010700 0.036300
0 0.869800 0.427900 0.011100 0.038400
2 0.746875 0.056944 0.054688 0.044444
