60 0.233700 0.705200 0.068400 0.136500
56 0.352300 0.642400 0.058400 0.113000
0 0.648800 0.038300 0.029400 0.079500
0 0.174100 0.709200 0.081400 0.221200
0 0.208200 0.454700 0.047100 0.153500
0 0.715900 0.018200 0.027400 0.037900
0 0.336000 0.520500 0.025400 0.078500
0 0.116500 0.510000 0.033600 0.172000
0 0.351900 0.577900 0.048900 0.142900
0 0.160547 0.865972 0.069531 0.176389
0 0.447656 0.577778 0.054688 0.127778
0 0.380859 0.615972 0.046094 0.151389
25 0.508203 0.438194 0.236719 0.137500
25 0.444922 0.330556 0.207031 0.147222
56 0.089062 0.909028 0.037500 0.165278
56 0.151562 0.906250 0.042188 0.148611
56 0.444922 0.697917 0.066406 0.131944
56 0.280469 0.522222 0.062500 0.113889
56 0.176172 0.751389 0.066406 0.113889
60 0.068750 0.829861 0.098438 0.218056
