7 0.206800 0.321400 0.179800 0.169800
7 0.022600 0.414800 0.049000 0.123600
7 0.508200 0.224300 0.073200 0.086100
2 0.105200 0.662000 0.120100 0.113600
2 0.962400 0.201600 0.063000 0.063100
2 0.659400 0.355100 0.072300 0.078500
0 0.590900 0.510500 0.019500 0.086500
0 0.034900 0.831900 0.023600 0.105700
0 0.447500 0.194900 0.012200 0.036500
0 0.892600 0.369000 0.012600 0.042800
0 0.774900 0.064800 0.011300 0.043300
0 0.868800 0.371000 0.017300 0.066500
0 0.053500 0.835800 0.020200 0.090400
0 0.167800 0.277100 0.020000 0.064400
0 0.379900 0.693800 0.017700 0.068300
0 0.841700 0.364600 0.016900 0.062700
0 0.345300 0.247500 0.016400 0.067700
0 0.070900 0.897400 0.028100 0.058900
0 0.398900 0.692000 0.025800 0.060800
0 0.060000 0.341100 0.015100 0.065500
0 0.601900 0.152000 0.010000 0.044100
0 0.868900 0.347500 0.009100 0.022400
0 0.605200 0.160300 0.009900 0.041600
0 0.882000 0.370400 0.010800 0.046800
0 0.611700 0.160000 0.009700 0.044200
0 0.591800 0.158200 0.008600 0.041000
0 0.878500 0.348900 0.008000 0.020700
2 0.827344 0.258333 0.064062 0.091667
0 0.564453 0.141667 0.013281 0.063889
