56 0.137200 0.949200 0.059000 0.097800
25 0.299200 0.732700 0.217100 0.171900
2 0.614900 0.011300 0.078400 0.022700
2 0.713600 0.011600 0.080700 0.026600
0 0.751400 0.082000 0.020300 0.090300
0 0.320900 0.386600 0.039400 0.105000
0 0.409100 0.348400 0.025500 0.051700
0 0.136700 0.828500 0.046700 0.108600
0 0.632300 0.211200 0.020400 0.054400
0 0.644900 0.228800 0.025600 0.102500
56 0.069922 0.811806 0.063281 0.115278
56 0.313281 0.838889 0.057813 0.113889
25 0.239844 0.621528 0.198437 0.123611
0 0.243359 0.872917 0.066406 0.115278
0 0.165234 0.905556 0.046094 0.158333
0 0.189063 0.786806 0.057813 0.084722
