7 0.195500 0.342300 0.177100 0.172100
2 0.769900 0.309900 0.063400 0.084000
2 0.591900 0.409300 0.079000 0.080000
2 0.911600 0.248000 0.066700 0.060800
2 0.020700 0.728400 0.042800 0.099800
0 0.582100 0.533900 0.022300 0.086500
0 0.830800 0.388400 0.016700 0.069200
0 0.867400 0.388600 0.020200 0.060000
0 0.022500 0.852900 0.023400 0.095500
0 0.044000 0.855700 0.021500 0.095000
0 0.323700 0.276700 0.013200 0.061200
0 0.850800 0.402500 0.018500 0.066400
0 0.585900 0.181000 0.013700 0.045000
0 0.365100 0.723600 0.021000 0.064400
0 0.759100 0.089400 0.011700 0.044200
0 0.160200 0.301800 0.019100 0.066300
0 0.442300 0.212800 0.012700 0.040900
0 0.376900 0.722100 0.025300 0.059800
0 0.358100 0.725500 0.017400 0.064400
0 0.767500 0.089900 0.009800 0.035400
0 0.444200 0.228400 0.012100 0.032000
7 0.495703 0.250000 0.086719 0.075000
7 0.015625 0.437500 0.031250 0.116667
0 0.553906 0.169444 0.014062 0.066667
0 0.570703 0.184722 0.014844 0.066667
