7 0.158900 0.413400 0.193000 0.153700
7 0.473800 0.319100 0.079700 0.081100
2 0.817000 0.341600 0.054000 0.076400
2 0.923700 0.284800 0.060200 0.072300
2 0.315800 0.598400 0.088900 0.117200
2 0.565500 0.480800 0.091900 0.080300
2 0.228200 0.455500 0.089700 0.091600
2 0.019000 0.790700 0.041800 0.101400
2 0.744500 0.064600 0.049000 0.034400
0 0.616100 0.559000 0.020100 0.084300
0 0.853200 0.429500 0.015800 0.068000
0 0.778500 0.496000 0.018000 0.073200
0 0.785600 0.494200 0.020300 0.064600
0 0.819000 0.482500 0.014400 0.038100
0 0.882700 0.427700 0.017700 0.063400
0 0.768200 0.143400 0.011500 0.041200
0 0.269100 0.833400 0.018900 0.063100
0 0.758600 0.143600 0.010200 0.038600
0 0.567700 0.214900 0.012100 0.047500
0 0.391800 0.319300 0.013900 0.057100
0 0.503400 0.245800 0.012600 0.043000
0 0.009500 0.914000 0.014600 0.115100
0 0.025000 0.916500 0.018200 0.093400
0 0.554900 0.223200 0.011000 0.042900
0 0.893100 0.425500 0.019000 0.055300
0 0.286600 0.832800 0.025300 0.057400
0 0.537500 0.258600 0.019400 0.053900
