7 0.234100 0.233800 0.179100 0.178600
7 0.539100 0.148800 0.073300 0.086900
7 0.041400 0.332000 0.080200 0.121600
2 0.912200 0.158500 0.060100 0.075900
2 0.253000 0.520400 0.112100 0.098300
2 0.099400 0.535800 0.110500 0.092600
2 0.754000 0.244800 0.073900 0.078500
0 0.867700 0.290800 0.016500 0.065900
0 0.610800 0.439600 0.019500 0.090100
0 0.899000 0.294200 0.018100 0.066900
0 0.460200 0.120700 0.017400 0.056600
0 0.425600 0.605900 0.018400 0.064100
0 0.442700 0.602600 0.024200 0.056200
0 0.119500 0.256700 0.022400 0.068200
0 0.380100 0.167500 0.016300 0.070000
0 0.137900 0.791500 0.027000 0.054300
0 0.190900 0.198400 0.018300 0.060000
0 0.928500 0.288900 0.014100 0.042900
0 0.912800 0.293400 0.015400 0.056700
0 0.644800 0.073500 0.012300 0.050600
0 0.082200 0.761300 0.024700 0.085900
0 0.630500 0.074000 0.011900 0.047000
0 0.058700 0.757200 0.015800 0.106800
0 0.591016 0.058333 0.014844 0.075000
