7 0.164800 0.405700 0.187600 0.170800
2 0.931200 0.279800 0.047800 0.064300
7 0.473900 0.316000 0.080000 0.067400
2 0.521200 0.482000 0.082900 0.094100
2 0.270200 0.633600 0.101900 0.098800
2 0.715200 0.397000 0.074200 0.071100
2 0.752500 0.059000 0.047800 0.033900
0 0.597400 0.568900 0.020200 0.087300
0 0.835600 0.433300 0.018200 0.068600
0 0.011200 0.912500 0.019800 0.112300
0 0.408500 0.310600 0.013800 0.057300
0 0.958800 0.383400 0.015800 0.040100
0 0.804800 0.476500 0.017600 0.063600
0 0.300900 0.808200 0.019800 0.065700
0 0.872200 0.430200 0.015800 0.061700
0 0.759400 0.142900 0.011500 0.040000
0 0.032200 0.911100 0.017900 0.092200
0 0.318800 0.804300 0.022900 0.054700
0 0.553600 0.253100 0.011900 0.033500
0 0.746500 0.144900 0.010800 0.036300
0 0.466100 0.254900 0.011900 0.036700
0 0.554100 0.214600 0.011900 0.038400
0 0.813900 0.477600 0.011200 0.041000
