7 0.165600 0.412900 0.178800 0.176000
7 0.476200 0.316400 0.082900 0.081400
2 0.498600 0.493400 0.073200 0.100100
2 0.238500 0.651300 0.110100 0.102300
2 0.699300 0.405100 0.076000 0.068400
2 0.027700 0.546500 0.057600 0.097100
2 0.917700 0.288500 0.043900 0.059900
0 0.947100 0.397700 0.013500 0.036400
0 0.598700 0.568000 0.020300 0.083200
0 0.838600 0.434800 0.016200 0.069200
0 0.011400 0.914400 0.020700 0.114100
0 0.872800 0.433300 0.016300 0.060900
0 0.759500 0.143500 0.011800 0.041900
0 0.955900 0.385400 0.012400 0.038200
0 0.805300 0.480500 0.018300 0.062800
0 0.175600 0.352300 0.022000 0.072200
0 0.315700 0.807100 0.025500 0.050600
0 0.032200 0.913000 0.018300 0.091100
0 0.294300 0.815200 0.020000 0.066200
0 0.407600 0.313900 0.012800 0.056800
0 0.794700 0.479000 0.014000 0.076200
0 0.950500 0.387900 0.021200 0.047700
0 0.554100 0.228700 0.015700 0.073700
0 0.555700 0.213800 0.011500 0.038000
0 0.552700 0.253400 0.009900 0.036100
0 0.470800 0.255500 0.011500 0.043500
0 0.306200 0.809500 0.021600 0.057400
0 0.272600 0.347500 0.016000 0.059200
2 0.747266 0.058333 0.066406 0.036111
