56 0.308900 0.697400 0.056700 0.114600
1 0.580800 0.115400 0.029600 0.051500
0 0.650200 0.058500 0.022500 0.067800
0 0.172200 0.513100 0.057300 0.177300
0 0.582000 0.088200 0.033700 0.085600
0 0.135719 0.743100 0.084200 0.214100
0 0.331906 0.630522 0.058600 0.128800
0 0.299600 0.554900 0.022200 0.063900
0 0.079200 0.542000 0.036500 0.163100
0 0.306400 0.609000 0.038600 0.135800
60 0.189844 0.753472 0.075000 0.134722
60 0.048437 0.869444 0.087500 0.219444
56 0.410937 0.738194 0.076563 0.129167
56 0.052734 0.918056 0.042969 0.144444
56 0.113672 0.924306 0.033594 0.131944
56 0.138672 0.792361 0.071094 0.120833
25 0.474609 0.479167 0.225781 0.136111
25 0.415234 0.368056 0.205469 0.138889
0 0.405859 0.611111 0.067969 0.108333
0 0.126563 0.904861 0.075000 0.151389
