7 0.307100 0.079600 0.187000 0.156200
7 0.111900 0.166500 0.080100 0.123800
2 0.483100 0.273400 0.101700 0.086400
2 0.355000 0.282900 0.095100 0.084600
2 0.919700 0.035000 0.066800 0.071000
0 0.666200 0.283700 0.020200 0.087800
0 0.935600 0.132200 0.017700 0.071300
0 0.258200 0.591600 0.028200 0.050200
0 0.962400 0.131300 0.016800 0.070200
0 0.992600 0.119800 0.012100 0.073400
0 0.512100 0.433600 0.019400 0.062600
0 0.524400 0.430300 0.024000 0.055900
0 0.246000 0.035700 0.022600 0.060000
0 0.165900 0.634700 0.039300 0.107900
0 0.145200 0.603900 0.024300 0.087100
25 0.136328 0.831250 0.211719 0.118056
25 0.200391 0.936111 0.241406 0.113889
