0 0.541800 0.254900 0.012000 0.032700
7 0.160500 0.403000 0.210400 0.142900
7 0.473600 0.316300 0.080300 0.083500
2 0.084100 0.738300 0.121200 0.116600
2 0.617900 0.448900 0.083600 0.075700
2 0.149300 0.490100 0.100800 0.100100
2 0.854800 0.325900 0.048100 0.062600
2 0.394300 0.556700 0.084100 0.107700
2 0.742600 0.066000 0.057300 0.036200
0 0.845800 0.430800 0.016900 0.063600
0 0.876600 0.431200 0.015200 0.059000
0 0.611500 0.560700 0.016400 0.078800
0 0.787000 0.489800 0.017200 0.067100
0 0.027400 0.916400 0.021000 0.098300
0 0.396800 0.315900 0.011100 0.053100
0 0.010200 0.915100 0.020000 0.106000
0 0.760300 0.143200 0.012000 0.041300
0 0.924900 0.411500 0.012900 0.037500
0 0.827000 0.481100 0.013700 0.044200
0 0.277100 0.825900 0.021100 0.067200
0 0.912400 0.415700 0.014300 0.040800
0 0.490600 0.245600 0.011700 0.034100
0 0.298800 0.819300 0.025000 0.052000
0 0.798900 0.489300 0.015200 0.056000
0 0.543200 0.256600 0.019600 0.056200
0 0.554900 0.215600 0.009900 0.034100
0 0.910700 0.426700 0.012600 0.030600
0 0.767300 0.143700 0.010500 0.033700
2 0.960547 0.263889 0.063281 0.080556
