7 0.257300 0.210300 0.173100 0.166200
7 0.547600 0.120400 0.085700 0.091200
7 0.048900 0.303200 0.078000 0.131200
2 0.147500 0.493600 0.109300 0.092700
2 0.293900 0.477800 0.119400 0.094800
2 0.780100 0.214100 0.069900 0.076000
0 0.618100 0.416500 0.024500 0.086000
0 0.877400 0.263600 0.018100 0.071100
0 0.090800 0.739600 0.022800 0.101900
0 0.942600 0.259400 0.014400 0.043900
0 0.913900 0.267600 0.015300 0.063700
0 0.455900 0.573100 0.025400 0.054200
0 0.159100 0.759100 0.022700 0.052900
0 0.435800 0.581000 0.016700 0.067200
0 0.138100 0.225600 0.018200 0.069000
0 0.464700 0.098400 0.019000 0.054900
0 0.903800 0.268000 0.016200 0.067500
0 0.198700 0.174700 0.015900 0.062400
0 0.928000 0.260700 0.011500 0.043700
0 0.658900 0.050900 0.011000 0.048800
0 0.639000 0.049700 0.011000 0.050500
0 0.074100 0.764700 0.029600 0.148200
2 0.928906 0.125000 0.053125 0.086111
25 0.086719 0.957639 0.173438 0.084722
