7 0.224400 0.264000 0.181700 0.167400
7 0.533500 0.171400 0.086300 0.089700
7 0.029500 0.363000 0.063300 0.129200
2 0.885100 0.192200 0.055500 0.079400
2 0.210800 0.565100 0.122000 0.098900
2 0.726400 0.283700 0.074100 0.075400
2 0.070000 0.579600 0.068800 0.089200
2 0.990000 0.134800 0.017700 0.067500
0 0.603200 0.464600 0.023200 0.088800
0 0.410900 0.635700 0.018400 0.067600
0 0.893100 0.319600 0.018900 0.065800
0 0.118000 0.826300 0.024500 0.049800
0 0.860900 0.316600 0.019200 0.069600
0 0.913700 0.317400 0.018700 0.053900
0 0.428600 0.632800 0.024000 0.055800
0 0.050100 0.776600 0.020500 0.093100
0 0.454800 0.146500 0.016100 0.056400
0 0.632200 0.105800 0.015200 0.057500
0 0.369300 0.197000 0.014700 0.065400
0 0.101500 0.287500 0.021700 0.065500
0 0.790800 0.017200 0.013300 0.038000
0 0.615900 0.104500 0.010800 0.048100
0 0.072700 0.787500 0.021000 0.095900
0 0.183100 0.224000 0.016700 0.056900
0 0.584375 0.086806 0.012500 0.059722
