0 0.462900 0.255700 0.009900 0.030700
7 0.166900 0.406500 0.187700 0.175500
7 0.482100 0.307200 0.071000 0.088900
2 0.943300 0.271900 0.043100 0.058200
2 0.299600 0.614900 0.098100 0.093300
2 0.731000 0.387400 0.070200 0.073600
0 0.596000 0.568300 0.019100 0.086100
0 0.833500 0.431100 0.018300 0.059400
0 0.961400 0.382500 0.014400 0.038900
0 0.410900 0.309300 0.014400 0.056000
0 0.871100 0.431700 0.015400 0.060200
0 0.802800 0.475500 0.016400 0.068800
0 0.011200 0.912000 0.019100 0.116400
0 0.303000 0.807100 0.018200 0.064000
0 0.277200 0.341300 0.016300 0.063500
0 0.814800 0.472900 0.016500 0.059900
0 0.032200 0.911000 0.018300 0.091200
0 0.322400 0.801400 0.025000 0.055600
0 0.759600 0.142600 0.012100 0.038300
0 0.845000 0.463500 0.014000 0.037600
0 0.746900 0.137600 0.010800 0.034400
0 0.554100 0.243600 0.018700 0.057100
0 0.553300 0.245300 0.012900 0.033000
0 0.168900 0.351000 0.019500 0.066000
2 0.550391 0.465972 0.069531 0.101389
2 0.742578 0.056250 0.057031 0.040278
