7 0.163000 0.406000 0.184300 0.174000
7 0.479900 0.306500 0.070400 0.091100
2 0.286800 0.622000 0.102000 0.097200
2 0.725300 0.388600 0.070700 0.067400
0 0.835000 0.431400 0.019200 0.062600
0 0.871100 0.432700 0.015500 0.061800
0 0.596700 0.568400 0.018100 0.085300
0 0.959500 0.384900 0.015200 0.037200
0 0.409100 0.309900 0.013100 0.056100
0 0.803400 0.475300 0.015900 0.064000
0 0.011100 0.913300 0.018500 0.119000
0 0.301800 0.806600 0.018900 0.064500
0 0.759700 0.142600 0.011500 0.039800
0 0.032200 0.911300 0.017500 0.091800
0 0.321700 0.802800 0.024200 0.052100
0 0.277200 0.346300 0.016200 0.066900
0 0.814100 0.476800 0.011300 0.041300
0 0.746000 0.143400 0.010200 0.034700
2 0.537109 0.472917 0.074219 0.109722
2 0.938672 0.276389 0.052344 0.063889
2 0.743359 0.059028 0.063281 0.040278
