7 0.173100 0.396700 0.186400 0.167900
7 0.478900 0.296900 0.082900 0.088700
2 0.980300 0.241000 0.038800 0.060900
2 0.616400 0.421600 0.071500 0.091900
2 0.398200 0.553600 0.095300 0.093800
2 0.787400 0.349000 0.065500 0.062500
0 0.590400 0.564300 0.019400 0.087400
0 0.287200 0.330800 0.020400 0.063900
0 0.866100 0.425200 0.015500 0.062900
0 0.011500 0.899700 0.019900 0.114800
0 0.848400 0.449400 0.017200 0.037700
0 0.819800 0.458600 0.017900 0.059800
0 0.810100 0.459400 0.015500 0.068800
0 0.024900 0.900100 0.019300 0.098100
0 0.317800 0.786900 0.018900 0.064800
0 0.830200 0.424800 0.014800 0.062100
0 0.420000 0.293800 0.010100 0.045600
0 0.162500 0.341000 0.019300 0.063600
0 0.758800 0.133000 0.012000 0.039700
0 0.336800 0.784800 0.025100 0.057700
0 0.746400 0.131100 0.010400 0.042000
0 0.540600 0.226200 0.010200 0.039100
0 0.557700 0.228000 0.016800 0.061600
0 0.564300 0.230300 0.011300 0.048500
0 0.981800 0.354800 0.013800 0.042500
0 0.992100 0.351100 0.008500 0.043200
0 0.557100 0.237800 0.009600 0.038600
0 0.822800 0.457700 0.011000 0.042200
2 0.748438 0.045139 0.050000 0.040278
