0 0.240737 0.402411 0.047400 0.101700
60 0.105800 0.800900 0.118700 0.212400
56 0.380900 0.633400 0.060800 0.103400
56 0.273200 0.646200 0.057000 0.138800
25 0.537100 0.424900 0.211900 0.177600
0 0.206100 0.680200 0.080200 0.215500
0 0.039900 0.731800 0.072700 0.267000
0 0.239100 0.454400 0.049400 0.187400
0 0.366800 0.490500 0.021700 0.073600
0 0.147100 0.481300 0.035000 0.169500
25 0.479297 0.309028 0.202344 0.118056
56 0.123438 0.871528 0.050000 0.187500
0 0.485547 0.572222 0.039844 0.105556
0 0.465625 0.590972 0.048437 0.093056
0 0.196094 0.840278 0.068750 0.163889
56 0.185547 0.875000 0.058594 0.155556
56 0.312109 0.492361 0.055469 0.106944
60 0.258203 0.691667 0.067969 0.133333
0 0.400000 0.568750 0.035937 0.134722
56 0.478906 0.684028 0.060938 0.106944
