7 0.161300 0.405100 0.182800 0.175000
2 0.467200 0.319800 0.081900 0.080700
2 0.442000 0.551700 0.097000 0.087000
2 0.360400 0.403000 0.083700 0.088000
2 0.846700 0.327200 0.055600 0.074600
2 0.722400 0.393900 0.053400 0.078400
2 0.140200 0.694200 0.106600 0.130300
2 0.986800 0.223600 0.023000 0.056200
2 0.744000 0.067500 0.050200 0.034200
0 0.630000 0.553300 0.019200 0.083600
0 0.862100 0.427700 0.018600 0.061600
0 0.888500 0.428000 0.015100 0.064200
0 0.760400 0.505600 0.015600 0.072100
0 0.771800 0.504600 0.018700 0.062800
0 0.823300 0.462500 0.020300 0.069000
0 0.771500 0.144000 0.013000 0.039500
0 0.008600 0.915200 0.018200 0.103100
0 0.379400 0.326000 0.013700 0.056500
0 0.559900 0.226100 0.010200 0.040700
0 0.023800 0.917800 0.020900 0.092800
0 0.526900 0.263100 0.012000 0.038800
0 0.247600 0.847000 0.017100 0.068800
0 0.798700 0.495500 0.013200 0.034300
0 0.540300 0.240900 0.009600 0.027100
0 0.573500 0.214100 0.011300 0.042100
0 0.538500 0.260400 0.010200 0.033600
0 0.257700 0.847600 0.022400 0.060100
0 0.759000 0.143400 0.009600 0.037400
0 0.536700 0.268900 0.009800 0.037500
0 0.508700 0.256600 0.008700 0.028400
0 0.809300 0.456500 0.016300 0.066300
