7 0.152400 0.412000 0.195800 0.175800
7 0.476400 0.310700 0.082700 0.089400
2 0.897400 0.301900 0.037900 0.059000
2 0.981900 0.247100 0.034600 0.075400
2 0.183500 0.683500 0.109800 0.105900
2 0.668000 0.424900 0.071700 0.071800
2 0.065000 0.523800 0.105000 0.102900
2 0.743600 0.064200 0.053100 0.036900
1 0.933100 0.410700 0.012500 0.026300
0 0.604600 0.565100 0.018900 0.087600
0 0.840700 0.434800 0.014800 0.067500
0 0.288800 0.818800 0.022300 0.066600
0 0.010400 0.915500 0.019500 0.109000
0 0.873700 0.432000 0.019100 0.058400
0 0.945700 0.397400 0.013000 0.036700
0 0.027000 0.914800 0.020400 0.095900
0 0.935100 0.401800 0.014100 0.041900
0 0.403900 0.314700 0.014400 0.056400
0 0.759500 0.143000 0.009500 0.039100
0 0.791700 0.486100 0.014000 0.062800
0 0.309800 0.810400 0.023900 0.048400
0 0.556500 0.214100 0.011600 0.038700
0 0.545000 0.254400 0.018700 0.055800
0 0.805400 0.488500 0.011900 0.046900
0 0.767200 0.142800 0.008600 0.031000
0 0.179100 0.352400 0.017200 0.066900
0 0.263700 0.368900 0.024100 0.101100
0 0.475600 0.255700 0.010000 0.038600
0 0.834100 0.475300 0.011900 0.026800
2 0.459766 0.520139 0.078906 0.106944
