7 0.174700 0.363700 0.190800 0.166000
7 0.485000 0.270500 0.089300 0.087500
2 0.719500 0.348900 0.062200 0.083600
2 0.523900 0.460400 0.089000 0.084400
2 0.864800 0.285100 0.059600 0.061700
2 0.761200 0.012600 0.042600 0.016300
0 0.583100 0.545100 0.020700 0.084100
0 0.017800 0.872100 0.028700 0.099700
0 0.308600 0.300700 0.017200 0.058100
0 0.758500 0.105900 0.012600 0.036900
0 0.157900 0.317200 0.017300 0.065300
0 0.036600 0.878100 0.022500 0.083200
0 0.831500 0.414600 0.022400 0.080800
0 0.573800 0.206900 0.012000 0.044400
0 0.341900 0.747800 0.018200 0.066800
0 0.861400 0.408400 0.017400 0.064500
0 0.440300 0.242000 0.016500 0.084000
0 0.361100 0.744300 0.023800 0.052200
0 0.552344 0.193056 0.021875 0.069444
