60 0.104200 0.884700 0.066600 0.116000
56 0.222200 0.823600 0.058200 0.099300
25 0.383200 0.596800 0.210100 0.176200
0 0.441700 0.227800 0.032700 0.089400
0 0.521800 0.197600 0.025600 0.060400
0 0.043000 0.864000 0.083800 0.209800
0 0.075700 0.605000 0.049100 0.137100
0 0.727300 0.070900 0.019200 0.056500
0 0.743000 0.065800 0.024700 0.049400
0 0.205900 0.664300 0.023100 0.056100
0 0.240625 0.762878 0.059900 0.124600
56 0.321875 0.854167 0.059375 0.136111
56 0.151172 0.669444 0.052344 0.094444
56 0.040625 0.906944 0.078125 0.097222
25 0.320312 0.482639 0.207813 0.129167
0 0.322656 0.730556 0.057813 0.113889
0 0.247266 0.662500 0.080469 0.086111
