7 0.173400 0.392000 0.187100 0.173600
7 0.478600 0.292600 0.081600 0.085500
2 0.986500 0.229000 0.023300 0.064300
2 0.632300 0.404600 0.063300 0.097400
2 0.417900 0.540600 0.087300 0.087200
2 0.799700 0.341000 0.066700 0.067100
2 0.753700 0.042500 0.052700 0.030000
0 0.589000 0.564600 0.018800 0.089400
0 0.160400 0.335200 0.015500 0.065400
0 0.849400 0.448000 0.014800 0.036600
0 0.011600 0.898200 0.019600 0.118900
0 0.291100 0.325600 0.016400 0.061400
0 0.758700 0.129200 0.012200 0.039700
0 0.321600 0.783200 0.020700 0.065900
0 0.864500 0.424100 0.014300 0.058200
0 0.420600 0.289800 0.010000 0.047800
0 0.817600 0.456700 0.018600 0.057000
0 0.810800 0.456400 0.014800 0.058600
0 0.024900 0.897800 0.018100 0.097500
0 0.557500 0.227200 0.011900 0.040800
0 0.830900 0.418700 0.016200 0.057200
0 0.565700 0.228000 0.011900 0.043800
0 0.747100 0.128700 0.010400 0.042000
0 0.450100 0.246400 0.010700 0.038000
0 0.339700 0.777000 0.021400 0.052300
0 0.822800 0.457700 0.011600 0.050800
0 0.988281 0.342361 0.023438 0.073611
0 0.537109 0.216667 0.022656 0.044444
