60 0.136700 0.829600 0.066900 0.126000
56 0.255400 0.763500 0.063000 0.110400
25 0.409100 0.549200 0.220300 0.170300
1 0.490100 0.198200 0.029200 0.051000
0 0.566900 0.143100 0.025000 0.061800
0 0.489700 0.177800 0.042500 0.099300
0 0.111100 0.548500 0.048200 0.117600
0 0.076938 0.801567 0.085600 0.212000
0 0.770700 0.023600 0.022300 0.048500
0 0.240700 0.618700 0.026300 0.060300
0 0.786100 0.018300 0.015900 0.035300
0 0.282031 0.609722 0.085938 0.088889
0 0.276172 0.714583 0.041406 0.143056
0 0.354688 0.693750 0.056250 0.145833
25 0.352734 0.432639 0.203906 0.129167
56 0.187109 0.633333 0.050781 0.136111
56 0.350781 0.802778 0.071875 0.119444
56 0.072656 0.848611 0.070312 0.111111
0 0.065625 0.947917 0.070312 0.095833
