7 0.159700 0.408100 0.217600 0.146900
2 0.934500 0.283400 0.058700 0.069200
7 0.477200 0.318100 0.068600 0.083000
2 0.338300 0.595400 0.095100 0.105400
2 0.578700 0.472900 0.091400 0.077300
2 0.211400 0.465600 0.093300 0.093700
2 0.826200 0.342100 0.051400 0.067200
2 0.036100 0.770500 0.066100 0.099600
0 0.614800 0.560000 0.020300 0.080000
0 0.850400 0.431600 0.018600 0.064000
0 0.392500 0.320700 0.014300 0.056500
0 0.786800 0.494000 0.022500 0.068100
0 0.820600 0.481900 0.014200 0.040100
0 0.882200 0.427700 0.015600 0.059800
0 0.779200 0.494400 0.016800 0.072300
0 0.539500 0.255900 0.012600 0.036700
0 0.767600 0.144600 0.011000 0.038500
0 0.025000 0.916000 0.019500 0.095300
0 0.760500 0.143400 0.010600 0.038700
0 0.899900 0.417200 0.012600 0.040700
0 0.009400 0.913800 0.014500 0.110700
0 0.566100 0.214100 0.011700 0.045800
0 0.272300 0.831400 0.019700 0.063000
0 0.555100 0.223700 0.010900 0.039700
0 0.501800 0.244000 0.013600 0.043100
2 0.741406 0.066667 0.054688 0.033333
