7 0.168400 0.399700 0.193100 0.173500
7 0.479100 0.301700 0.085100 0.086200
2 0.369500 0.572400 0.099700 0.091000
2 0.769600 0.361500 0.069700 0.067100
2 0.973000 0.249000 0.048000 0.060400
2 0.597400 0.435100 0.071400 0.092400
2 0.746500 0.051500 0.050200 0.035900
0 0.592000 0.565500 0.019000 0.089800
0 0.807700 0.465500 0.018900 0.067800
0 0.285000 0.336800 0.018100 0.060400
0 0.830800 0.425800 0.014800 0.057300
0 0.846500 0.455500 0.016700 0.032800
0 0.758900 0.134500 0.012600 0.038600
0 0.010800 0.901400 0.019900 0.101900
0 0.027700 0.902000 0.018400 0.094700
0 0.818700 0.463400 0.018800 0.056800
0 0.416100 0.299500 0.010400 0.050300
0 0.746100 0.135100 0.010900 0.039300
0 0.317400 0.792400 0.021800 0.064300
0 0.866700 0.428700 0.016900 0.065200
0 0.557800 0.238700 0.018300 0.054200
0 0.976400 0.367800 0.015200 0.035300
0 0.979900 0.357100 0.021400 0.049400
0 0.868500 0.416200 0.013000 0.033700
0 0.540000 0.227900 0.009800 0.041900
0 0.332300 0.787300 0.024500 0.050800
0 0.982100 0.353000 0.014400 0.031200
0 0.454700 0.254800 0.011000 0.036400
