60 0.242000 0.699000 0.066200 0.135900
56 0.363800 0.638900 0.053100 0.107500
25 0.523200 0.461600 0.226200 0.183700
1 0.680200 0.035200 0.027900 0.053500
0 0.228000 0.454600 0.053900 0.167300
0 0.183700 0.684289 0.077300 0.211000
0 0.028300 0.761300 0.052700 0.275800
0 0.681100 0.026900 0.028600 0.052800
0 0.134100 0.481500 0.034200 0.154600
0 0.351500 0.506000 0.024200 0.077300
0 0.360300 0.544100 0.039700 0.137600
0 0.390400 0.605300 0.047000 0.133800
0 0.173500 0.859800 0.060600 0.161700
0 0.745900 0.005600 0.019600 0.010500
60 0.086719 0.804861 0.104687 0.220833
56 0.462109 0.690278 0.071094 0.130556
56 0.108984 0.877778 0.046094 0.150000
56 0.166406 0.883333 0.035937 0.158333
56 0.185937 0.736111 0.067188 0.133333
56 0.296094 0.516667 0.050000 0.111111
25 0.470313 0.320139 0.207813 0.131944
0 0.468359 0.557639 0.072656 0.106944
