60 0.226194 0.712422 0.062900 0.111300
56 0.340600 0.663100 0.055700 0.118200
0 0.638900 0.041600 0.030600 0.091300
0 0.708200 0.021700 0.028600 0.043300
0 0.203300 0.452000 0.052000 0.136100
0 0.333500 0.522100 0.023500 0.070100
0 0.173500 0.710100 0.079900 0.213500
0 0.373744 0.613000 0.049200 0.134000
0 0.113000 0.516200 0.034600 0.145200
0 0.382300 0.518100 0.057400 0.086500
60 0.066016 0.822917 0.117969 0.243056
56 0.090234 0.907639 0.041406 0.165278
56 0.148828 0.901389 0.036719 0.144444
56 0.158203 0.752778 0.060156 0.113889
56 0.277344 0.529167 0.051562 0.111111
56 0.446484 0.713889 0.067969 0.136111
25 0.496484 0.434722 0.242969 0.144444
25 0.448047 0.333333 0.203906 0.125000
0 0.447656 0.583333 0.060938 0.108333
0 0.152734 0.878472 0.085156 0.190278
