7 0.294875 0.096422 0.195400 0.169100
7 0.097600 0.195000 0.077600 0.129100
7 0.591400 0.027600 0.082100 0.057700
2 0.440400 0.316000 0.091400 0.091100
2 0.314400 0.324700 0.091300 0.084300
2 0.888900 0.074200 0.063200 0.071400
0 0.654400 0.310700 0.019800 0.089800
0 0.922900 0.159900 0.019700 0.076400
0 0.149200 0.664500 0.029000 0.098500
0 0.236900 0.064700 0.015400 0.059600
0 0.948300 0.160900 0.015900 0.073400
0 0.493800 0.464700 0.020200 0.063100
0 0.510100 0.460800 0.022100 0.052700
0 0.991400 0.151100 0.010800 0.046600
0 0.976300 0.150100 0.013900 0.063100
0 0.237600 0.629300 0.027100 0.054400
0 0.131300 0.634800 0.023800 0.084800
25 0.122266 0.870833 0.207031 0.122222
25 0.186328 0.953472 0.238281 0.093056
