56 0.205900 0.827900 0.054400 0.108000
25 0.362900 0.611500 0.222200 0.161300
1 0.423500 0.273600 0.029500 0.052400
0 0.504200 0.216200 0.025900 0.053400
0 0.067900 0.641100 0.060500 0.158200
0 0.206400 0.708700 0.046200 0.103000
0 0.711900 0.090600 0.020200 0.056100
0 0.420000 0.244600 0.037000 0.107700
0 0.039262 0.861989 0.061800 0.172200
0 0.728100 0.085700 0.022900 0.047500
0 0.192500 0.681900 0.020800 0.059100
0 0.232600 0.795100 0.049800 0.135900
60 0.082422 0.875000 0.071094 0.122222
56 0.303125 0.877778 0.056250 0.127778
56 0.133984 0.689583 0.052344 0.106944
25 0.312500 0.481944 0.204688 0.127778
0 0.306641 0.752083 0.060156 0.104167
