7 0.158100 0.404500 0.212300 0.154700
7 0.476200 0.316600 0.071000 0.084900
2 0.964400 0.258000 0.063400 0.074600
2 0.621900 0.446300 0.080300 0.073800
2 0.091000 0.735300 0.123800 0.114600
2 0.856600 0.324800 0.048600 0.061000
2 0.142600 0.491700 0.101800 0.098700
2 0.400600 0.552500 0.087900 0.110800
2 0.742200 0.066100 0.057000 0.037100
0 0.845500 0.430300 0.018000 0.062700
0 0.610800 0.563800 0.016800 0.090400
0 0.397600 0.316800 0.014600 0.057600
0 0.876500 0.430600 0.015800 0.058800
0 0.027500 0.916400 0.020300 0.098300
0 0.787900 0.490500 0.018000 0.063500
0 0.010400 0.915400 0.020600 0.103200
0 0.926400 0.410200 0.013300 0.036600
0 0.760400 0.143500 0.012000 0.040500
0 0.278300 0.825600 0.020100 0.070100
0 0.799100 0.489100 0.017100 0.054900
0 0.489000 0.245400 0.010900 0.037500
0 0.827300 0.481500 0.014800 0.040200
0 0.912200 0.415900 0.014200 0.040700
0 0.299200 0.819700 0.024200 0.052300
0 0.543100 0.256900 0.020200 0.052800
0 0.554600 0.215600 0.010000 0.033200
0 0.767400 0.144000 0.010600 0.033400
0 0.290500 0.823300 0.020400 0.060500
