0 0.470600 0.255500 0.011100 0.044500
7 0.161900 0.408200 0.182100 0.173000
7 0.477200 0.309700 0.072000 0.086900
2 0.913800 0.292900 0.050400 0.062900
2 0.493900 0.501900 0.076500 0.102400
2 0.229100 0.653600 0.115900 0.104900
2 0.690700 0.410300 0.072700 0.070200
2 0.034900 0.540700 0.069800 0.093200
0 0.943100 0.397900 0.013800 0.033600
0 0.599100 0.568300 0.020600 0.086100
0 0.011200 0.914500 0.020500 0.112100
0 0.292400 0.814800 0.021100 0.062700
0 0.838900 0.434300 0.015600 0.067800
0 0.872600 0.432600 0.017100 0.057100
0 0.759500 0.143000 0.011800 0.040900
0 0.314400 0.807000 0.026700 0.050400
0 0.026700 0.914100 0.020200 0.093200
0 0.802700 0.480600 0.021000 0.065800
0 0.407000 0.310800 0.014500 0.060000
0 0.794800 0.478900 0.015100 0.076500
0 0.955300 0.385900 0.012300 0.031500
0 0.949200 0.387700 0.023600 0.045300
0 0.949800 0.384900 0.013900 0.031400
0 0.271300 0.338100 0.014200 0.041000
0 0.551900 0.254500 0.009500 0.032000
0 0.837900 0.464500 0.012500 0.031100
0 0.555100 0.227000 0.015500 0.068200
2 0.742188 0.054167 0.062500 0.038889
2 0.990625 0.234028 0.014062 0.068056
