7 0.473500 0.316900 0.082800 0.080500
2 0.376600 0.566800 0.092000 0.113900
2 0.602300 0.458300 0.084400 0.077300
2 0.060300 0.753700 0.124000 0.123700
2 0.168500 0.480500 0.095200 0.094100
2 0.845300 0.330700 0.051500 0.062600
2 0.742400 0.065900 0.058100 0.035800
0 0.847800 0.431700 0.017100 0.062600
0 0.611600 0.563900 0.017500 0.086500
0 0.787000 0.490300 0.020800 0.071000
0 0.877300 0.429400 0.013800 0.063800
0 0.027400 0.915600 0.018700 0.095100
0 0.825700 0.481600 0.015000 0.041200
0 0.395700 0.318700 0.012300 0.043800
0 0.917600 0.415300 0.012700 0.044300
0 0.008700 0.913400 0.017100 0.095600
0 0.540100 0.255500 0.011700 0.037500
0 0.275200 0.830300 0.022400 0.068900
0 0.760200 0.143200 0.011600 0.041200
0 0.900900 0.415100 0.012500 0.041000
0 0.767200 0.143500 0.010300 0.034200
0 0.041900 0.402700 0.018600 0.058100
0 0.292600 0.820200 0.014400 0.042400
0 0.552900 0.222700 0.010800 0.040500
2 0.949609 0.269444 0.061719 0.080556
7 0.171875 0.382639 0.218750 0.156944
