7 0.174600 0.382400 0.184600 0.177300
7 0.479000 0.287300 0.079500 0.083400
2 0.462700 0.508600 0.084200 0.083800
2 0.825600 0.320300 0.065100 0.067900
2 0.753700 0.035000 0.047400 0.031300
0 0.585000 0.557300 0.021400 0.084000
0 0.159100 0.333300 0.014900 0.068100
0 0.426300 0.283000 0.013500 0.058600
0 0.331500 0.768600 0.017200 0.064400
0 0.862100 0.418600 0.017200 0.062800
0 0.570300 0.223400 0.011900 0.042100
0 0.447400 0.242900 0.012000 0.034100
0 0.297800 0.321300 0.016900 0.057500
0 0.823000 0.427600 0.022000 0.086600
0 0.757200 0.121500 0.012700 0.038400
0 0.829700 0.417500 0.017200 0.066800
0 0.012400 0.883600 0.021300 0.103100
0 0.348200 0.769600 0.025000 0.058900
0 0.819100 0.446200 0.017600 0.064400
0 0.746700 0.121400 0.011100 0.039800
0 0.022700 0.886700 0.021700 0.092400
0 0.553900 0.222500 0.008100 0.033700
0 0.833900 0.445400 0.011800 0.036700
2 0.667578 0.386806 0.063281 0.093056
0 0.531250 0.199306 0.014062 0.051389
0 0.545313 0.189583 0.017188 0.059722
