60 0.264300 0.695900 0.065900 0.122200
56 0.380000 0.635800 0.059800 0.102300
56 0.274400 0.644700 0.055300 0.131800
0 0.386500 0.611000 0.061800 0.130300
56 0.199200 0.698100 0.059600 0.177900
56 0.193300 0.854900 0.064100 0.177800
25 0.535200 0.423200 0.216000 0.176300
0 0.205800 0.680500 0.079800 0.218500
0 0.039500 0.732000 0.071300 0.266400
0 0.366800 0.492500 0.022500 0.074100
0 0.147600 0.480500 0.033000 0.173200
0 0.383400 0.548400 0.053100 0.134200
25 0.489844 0.310417 0.217187 0.129167
60 0.106641 0.808333 0.127344 0.233333
56 0.479688 0.679861 0.064062 0.118056
56 0.126953 0.875694 0.046094 0.176389
0 0.193750 0.859722 0.078125 0.200000
0 0.467969 0.579167 0.040625 0.080556
0 0.489062 0.559722 0.045313 0.080556
0 0.244141 0.381250 0.028906 0.081944
0 0.233984 0.447917 0.047656 0.148611
56 0.310547 0.486806 0.052344 0.098611
