56 0.340800 0.665500 0.057200 0.112500
0 0.636200 0.043300 0.028400 0.089300
0 0.705900 0.023400 0.027100 0.046500
0 0.205100 0.482800 0.054800 0.174900
0 0.171000 0.710900 0.083100 0.213500
0 0.358900 0.638600 0.055800 0.130400
0 0.331300 0.523400 0.020900 0.065000
0 0.112100 0.511000 0.036400 0.169300
0 0.338700 0.579700 0.038200 0.132300
60 0.221484 0.718750 0.071094 0.140278
60 0.064062 0.836806 0.115625 0.215278
56 0.444922 0.715278 0.064844 0.125000
56 0.157813 0.759028 0.054688 0.112500
56 0.280078 0.531944 0.050781 0.122222
56 0.086719 0.911806 0.032812 0.162500
56 0.148828 0.909722 0.036719 0.138889
25 0.503906 0.442361 0.232812 0.140278
25 0.442969 0.345139 0.200000 0.129167
0 0.438672 0.584722 0.060156 0.111111
0 0.157422 0.872917 0.072656 0.143056
