60 0.264000 0.696800 0.061900 0.120400
56 0.380600 0.634000 0.060000 0.101600
0 0.394556 0.573622 0.060400 0.122800
25 0.536700 0.425900 0.215600 0.180000
0 0.039600 0.730200 0.071400 0.267400
0 0.205500 0.681100 0.078500 0.217700
0 0.238000 0.419500 0.049900 0.129000
0 0.365900 0.493000 0.022700 0.071000
0 0.147100 0.479600 0.034300 0.165300
0 0.728600 0.013400 0.017600 0.024000
25 0.478516 0.304861 0.211719 0.140278
56 0.313672 0.486111 0.058594 0.083333
56 0.475391 0.679861 0.077344 0.137500
56 0.130469 0.877083 0.051562 0.151389
56 0.183594 0.878472 0.050000 0.143056
56 0.205859 0.723611 0.075781 0.138889
60 0.102344 0.807639 0.117188 0.234722
0 0.197266 0.852778 0.063281 0.183333
0 0.468750 0.583333 0.035937 0.097222
0 0.489844 0.550000 0.048437 0.097222
