0 0.814900 0.486600 0.014500 0.031400
7 0.159800 0.413600 0.192900 0.152800
2 0.920800 0.288600 0.060900 0.076100
2 0.302100 0.606000 0.089600 0.113400
2 0.554000 0.486000 0.088600 0.080700
2 0.808100 0.349400 0.051300 0.063700
2 0.239300 0.452000 0.092400 0.091400
2 0.745200 0.065100 0.048800 0.033500
1 0.883100 0.444100 0.014100 0.031800
1 0.880400 0.442300 0.024600 0.050600
0 0.617500 0.558400 0.019900 0.082400
0 0.778000 0.495700 0.020900 0.071700
0 0.855500 0.427700 0.013300 0.064600
0 0.768000 0.143400 0.011600 0.043500
0 0.883000 0.428700 0.016200 0.060700
0 0.388500 0.318300 0.015300 0.058200
0 0.009400 0.914800 0.014700 0.111700
0 0.025100 0.916600 0.017900 0.090000
0 0.758800 0.143500 0.010400 0.038500
0 0.567400 0.214200 0.012000 0.046100
0 0.269400 0.834300 0.020100 0.061700
0 0.554300 0.224100 0.010200 0.039300
0 0.284900 0.832500 0.026500 0.055300
0 0.884700 0.415400 0.011300 0.037800
7 0.474219 0.306944 0.098438 0.091667
