7 0.177700 0.357000 0.182300 0.169300
7 0.489400 0.263600 0.082500 0.084200
7 0.009800 0.447400 0.029300 0.147600
2 0.552700 0.440700 0.082200 0.082100
2 0.885600 0.269700 0.065700 0.061400
0 0.582100 0.541800 0.021100 0.088100
0 0.019700 0.865400 0.026400 0.109100
0 0.040900 0.868200 0.024900 0.095800
0 0.350400 0.738900 0.019000 0.067900
0 0.314200 0.294200 0.017200 0.056400
0 0.758600 0.100500 0.012900 0.039400
0 0.829600 0.401100 0.018600 0.071800
0 0.441300 0.254700 0.014900 0.061700
0 0.160100 0.314600 0.017800 0.063600
0 0.582300 0.198000 0.012500 0.042300
0 0.365800 0.737200 0.024100 0.060100
0 0.863300 0.396700 0.016300 0.065200
0 0.567900 0.198800 0.010300 0.036600
0 0.848200 0.417600 0.013300 0.045600
0 0.864500 0.415800 0.012900 0.031600
0 0.553600 0.175300 0.011500 0.043000
2 0.738281 0.336111 0.065625 0.088889
