7 0.241600 0.216600 0.180100 0.171800
7 0.048200 0.305500 0.076900 0.124100
7 0.545600 0.130600 0.086400 0.083700
2 0.284100 0.489000 0.116200 0.095900
2 0.134600 0.503900 0.113200 0.093500
2 0.773700 0.221800 0.078100 0.074000
1 0.463300 0.114400 0.013200 0.032700
0 0.615500 0.420400 0.022400 0.089000
0 0.902700 0.274600 0.017100 0.071500
0 0.432600 0.587400 0.019000 0.063200
0 0.876300 0.271600 0.016700 0.069700
0 0.151500 0.769000 0.023700 0.053700
0 0.914200 0.273600 0.013700 0.061800
0 0.088800 0.745300 0.021900 0.094300
0 0.195900 0.179800 0.020400 0.060500
0 0.454300 0.582700 0.024700 0.056800
0 0.135100 0.229600 0.019300 0.067900
0 0.928500 0.271200 0.012200 0.049800
0 0.464400 0.103000 0.016800 0.053700
0 0.651100 0.053700 0.010100 0.045600
0 0.940300 0.268500 0.012600 0.040900
0 0.067500 0.744200 0.018200 0.106500
0 0.637800 0.053800 0.009800 0.041400
0 0.517900 0.101200 0.012500 0.025600
2 0.925391 0.134028 0.061719 0.079167
0 0.582031 0.052083 0.015625 0.065278
0 0.598047 0.045833 0.008594 0.055556
