7 0.164500 0.407900 0.186100 0.169700
7 0.474600 0.316000 0.080400 0.080900
2 0.215100 0.666500 0.115200 0.102600
2 0.684800 0.415400 0.075700 0.076400
2 0.911000 0.294900 0.051800 0.060800
2 0.041600 0.538100 0.077600 0.097000
2 0.743000 0.064100 0.057900 0.039200
0 0.600900 0.566600 0.020300 0.084200
0 0.839600 0.444300 0.018200 0.090400
0 0.873100 0.433500 0.018300 0.062000
0 0.291400 0.815700 0.021900 0.062800
0 0.760100 0.143600 0.012000 0.043700
0 0.011400 0.913900 0.021300 0.106300
0 0.944200 0.396700 0.015700 0.039100
0 0.802100 0.481200 0.021900 0.067600
0 0.404600 0.310200 0.012900 0.056400
0 0.026000 0.914200 0.020600 0.092500
0 0.794500 0.479700 0.016200 0.073400
0 0.314600 0.807500 0.024300 0.046600
0 0.555400 0.213400 0.012900 0.035400
0 0.550200 0.242700 0.017300 0.071000
0 0.552300 0.255500 0.009600 0.035100
0 0.948900 0.387000 0.014300 0.028800
0 0.955500 0.394500 0.011100 0.029200
2 0.479688 0.502083 0.064062 0.106944
2 0.989062 0.240972 0.018750 0.081944
