7 0.165500 0.408000 0.181800 0.173500
7 0.471800 0.318500 0.079700 0.081900
2 0.073400 0.732300 0.114400 0.136500
2 0.397200 0.576800 0.097000 0.090600
2 0.967400 0.237200 0.052900 0.058100
2 0.692700 0.410300 0.059800 0.072000
2 0.397900 0.386400 0.075100 0.085500
2 0.828600 0.337300 0.071600 0.087600
2 0.034300 0.584700 0.065600 0.106900
2 0.744500 0.069900 0.053300 0.033400
2 0.992500 0.257500 0.013700 0.072500
0 0.635500 0.550600 0.020600 0.082700
0 0.866300 0.425900 0.023300 0.066400
0 0.755500 0.508900 0.016400 0.070600
0 0.008000 0.915200 0.017200 0.110600
0 0.770000 0.508500 0.016100 0.058300
0 0.891400 0.425200 0.016100 0.061200
0 0.024500 0.918500 0.020200 0.093800
0 0.524600 0.261800 0.011300 0.044000
0 0.552400 0.244300 0.010900 0.030700
0 0.581100 0.214400 0.010700 0.041300
0 0.570100 0.216000 0.010900 0.035000
0 0.774900 0.138100 0.011600 0.036700
0 0.253800 0.851500 0.030000 0.056800
0 0.789000 0.502700 0.013600 0.036000
0 0.504000 0.259300 0.009000 0.027500
0 0.539100 0.256800 0.008500 0.031300
0 0.807300 0.473300 0.018600 0.066100
0 0.099600 0.381100 0.016800 0.043900
0 0.783900 0.460400 0.019800 0.056300
0 0.374200 0.323900 0.010500 0.043600
0 0.762800 0.138000 0.011200 0.038900
0 0.556700 0.228000 0.009400 0.026700
