7 0.164100 0.405300 0.184200 0.174200
2 0.932700 0.280100 0.047800 0.064200
2 0.527300 0.481400 0.070900 0.095400
7 0.472700 0.315800 0.082200 0.067500
2 0.273600 0.630500 0.102000 0.096400
2 0.716700 0.395700 0.076000 0.069700
2 0.007900 0.567800 0.016300 0.070500
0 0.597400 0.568700 0.020100 0.086900
0 0.958700 0.383600 0.015700 0.041600
0 0.835800 0.434400 0.019100 0.070500
0 0.011000 0.913000 0.019500 0.115800
0 0.871800 0.431000 0.016100 0.061700
0 0.408600 0.310800 0.014300 0.057900
0 0.804500 0.476000 0.018300 0.064700
0 0.301100 0.807600 0.020000 0.065000
0 0.759200 0.142900 0.011500 0.039800
0 0.032200 0.911200 0.018100 0.092400
0 0.319500 0.804600 0.023100 0.053600
0 0.554100 0.253000 0.011700 0.034000
0 0.466300 0.254500 0.011700 0.038600
0 0.746800 0.144400 0.009800 0.034900
0 0.813900 0.477600 0.011300 0.041100
0 0.275700 0.347200 0.015800 0.064100
0 0.321700 0.804900 0.015600 0.032300
2 0.744922 0.058333 0.063281 0.036111
