60 0.176400 0.766100 0.072800 0.134800
56 0.294200 0.703700 0.053100 0.112600
2 0.425200 0.018300 0.092900 0.037600
1 0.553600 0.135800 0.028500 0.048900
0 0.117200 0.766800 0.083400 0.227200
0 0.553800 0.114800 0.031800 0.086600
0 0.627100 0.081300 0.023200 0.062100
0 0.148600 0.518900 0.047100 0.163500
0 0.284600 0.570700 0.026300 0.063700
0 0.323800 0.670800 0.053300 0.140000
25 0.454297 0.501389 0.235156 0.130556
25 0.400781 0.393750 0.193750 0.129167
0 0.395312 0.636806 0.059375 0.120833
0 0.323047 0.564583 0.086719 0.090278
0 0.105078 0.913889 0.069531 0.158333
56 0.390234 0.751389 0.066406 0.122222
56 0.111328 0.800694 0.074219 0.101389
56 0.033984 0.947222 0.036719 0.097222
56 0.092969 0.940278 0.039062 0.100000
56 0.228516 0.568750 0.050781 0.112500
60 0.039844 0.870139 0.073437 0.179167
