0 0.534700 0.259600 0.010500 0.041000
7 0.166100 0.410200 0.182400 0.160600
7 0.473200 0.319900 0.081100 0.076400
2 0.895900 0.301900 0.062100 0.077100
2 0.509700 0.509700 0.091100 0.080400
2 0.775400 0.369000 0.055500 0.064900
2 0.291900 0.426600 0.078500 0.092900
2 0.241700 0.641800 0.093000 0.120900
2 0.743700 0.066000 0.050300 0.034400
1 0.854700 0.457400 0.025400 0.049000
0 0.623100 0.556400 0.018600 0.085500
0 0.774400 0.501700 0.022000 0.072900
0 0.384700 0.325100 0.016700 0.054300
0 0.024300 0.916100 0.020000 0.090800
0 0.857500 0.429100 0.017400 0.068400
0 0.807300 0.490600 0.015300 0.042400
0 0.883500 0.426900 0.014600 0.062900
0 0.769800 0.143000 0.010600 0.036400
0 0.008500 0.914000 0.016600 0.100500
0 0.260700 0.840200 0.024400 0.065500
0 0.557000 0.227000 0.011300 0.038300
0 0.569100 0.214400 0.011900 0.040800
0 0.759000 0.143000 0.009200 0.038000
0 0.527100 0.258000 0.010400 0.037700
0 0.068300 0.398100 0.017200 0.071700
0 0.274400 0.837200 0.025700 0.053000
