56 0.245900 0.768500 0.055300 0.112300
25 0.405000 0.552500 0.222600 0.176900
1 0.481100 0.208700 0.026200 0.049500
0 0.481600 0.179800 0.032500 0.099900
0 0.560900 0.147900 0.025600 0.058800
0 0.108800 0.577000 0.057100 0.154800
0 0.074200 0.825100 0.087400 0.212200
0 0.760200 0.027800 0.019600 0.056000
0 0.265000 0.733600 0.056100 0.138500
0 0.776200 0.024100 0.024700 0.044900
0 0.236800 0.620700 0.021200 0.054900
56 0.069531 0.867361 0.068750 0.106944
56 0.178125 0.631250 0.050000 0.120833
56 0.350391 0.815972 0.067969 0.115278
60 0.120703 0.823611 0.075781 0.130556
25 0.351953 0.453472 0.205469 0.118056
0 0.281250 0.613889 0.078125 0.097222
0 0.355469 0.693056 0.062500 0.122222
0 0.060547 0.945139 0.072656 0.101389
