60 0.117100 0.855500 0.071600 0.118400
56 0.239000 0.793700 0.054800 0.102800
56 0.413700 0.669900 0.045700 0.106000
25 0.395900 0.586300 0.217800 0.161500
1 0.464000 0.227500 0.026300 0.047200
0 0.464700 0.200500 0.033300 0.096900
0 0.544600 0.167400 0.027000 0.058500
0 0.265544 0.747911 0.051400 0.152300
0 0.747400 0.043300 0.016300 0.063000
0 0.087700 0.579000 0.049100 0.140900
0 0.224200 0.638000 0.022800 0.056800
0 0.053800 0.832800 0.092300 0.206400
0 0.760300 0.040900 0.019500 0.053000
56 0.336719 0.827083 0.059375 0.115278
56 0.061328 0.889583 0.077344 0.126389
56 0.168359 0.649306 0.057031 0.112500
25 0.346875 0.465972 0.209375 0.129167
0 0.269531 0.652778 0.078125 0.105556
0 0.341016 0.702083 0.057031 0.134722
