7 0.150100 0.408900 0.205700 0.169600
7 0.478500 0.309200 0.066700 0.086600
2 0.978000 0.255400 0.039100 0.070600
2 0.447100 0.526300 0.081400 0.104400
2 0.158500 0.698000 0.116000 0.113400
2 0.653800 0.433300 0.081600 0.071400
2 0.085600 0.515300 0.105000 0.102700
2 0.885200 0.308500 0.048300 0.060100
0 0.606900 0.565100 0.018700 0.084300
0 0.842300 0.433200 0.015500 0.062400
0 0.286600 0.820200 0.020400 0.068500
0 0.010700 0.916200 0.022200 0.103000
0 0.789700 0.487400 0.014900 0.065500
0 0.941200 0.399000 0.013400 0.032900
0 0.026700 0.916400 0.021900 0.097300
0 0.832800 0.475800 0.014500 0.032900
0 0.876000 0.429200 0.016700 0.058600
0 0.402500 0.315400 0.015200 0.058400
0 0.926500 0.411200 0.013300 0.035300
0 0.802600 0.487800 0.016600 0.058200
0 0.544500 0.255600 0.021100 0.055100
0 0.305700 0.817000 0.022700 0.052900
0 0.929900 0.402000 0.013300 0.034000
0 0.557700 0.222200 0.011600 0.038200
0 0.761200 0.143000 0.008900 0.036500
0 0.767300 0.143100 0.009000 0.033100
0 0.477800 0.257100 0.009200 0.032000
0 0.931700 0.403300 0.022800 0.045700
0 0.181100 0.352500 0.018400 0.061900
2 0.740625 0.060417 0.060938 0.037500
