7 0.174300 0.381600 0.189600 0.176900
7 0.479800 0.286400 0.085200 0.082400
2 0.478400 0.497600 0.083200 0.090200
2 0.836600 0.311200 0.068600 0.067000
0 0.583600 0.556000 0.022100 0.086600
0 0.299000 0.314600 0.017500 0.061800
0 0.429100 0.279100 0.018000 0.051300
0 0.013200 0.882600 0.022600 0.107800
0 0.334100 0.763100 0.019000 0.064100
0 0.822900 0.427300 0.021100 0.088400
0 0.757000 0.119400 0.014400 0.038800
0 0.568700 0.214500 0.013200 0.044300
0 0.861000 0.417000 0.016000 0.066300
0 0.829900 0.417300 0.016900 0.077100
0 0.032700 0.886400 0.017100 0.089200
0 0.349000 0.761100 0.022500 0.053900
0 0.447100 0.239100 0.009100 0.031300
0 0.158300 0.332000 0.017600 0.059200
0 0.856200 0.425400 0.017000 0.060500
0 0.275200 0.323800 0.015200 0.031700
0 0.534900 0.212500 0.007700 0.035200
0 0.402100 0.257100 0.006400 0.019400
0 0.747400 0.119600 0.012000 0.040400
2 0.677734 0.382639 0.066406 0.118056
