7 0.177900 0.361200 0.184700 0.161700
7 0.487000 0.264800 0.086700 0.085200
2 0.543500 0.447700 0.086500 0.080400
2 0.879600 0.273200 0.063200 0.058300
0 0.582400 0.543000 0.020200 0.089000
0 0.018300 0.868400 0.026300 0.103900
0 0.039000 0.871000 0.023400 0.091600
0 0.310900 0.295000 0.016400 0.059200
0 0.862300 0.399200 0.015000 0.060400
0 0.758800 0.101700 0.012800 0.042400
0 0.350000 0.742300 0.022400 0.067600
0 0.829300 0.400500 0.017400 0.063700
0 0.158500 0.316000 0.016700 0.063500
0 0.834200 0.425300 0.017400 0.058800
0 0.581600 0.199100 0.011000 0.039700
0 0.846600 0.424800 0.012600 0.043100
0 0.570900 0.198100 0.008700 0.032500
0 0.440400 0.243400 0.014400 0.076600
0 0.363600 0.738900 0.025800 0.053700
0 0.831700 0.386300 0.013300 0.033900
2 0.729297 0.344444 0.061719 0.091667
2 0.755469 0.017361 0.057813 0.031944
7 0.009766 0.449306 0.017969 0.109722
0 0.545313 0.175000 0.012500 0.063889
0 0.560156 0.195833 0.012500 0.052778
