56 0.302700 0.702400 0.052500 0.107300
1 0.569700 0.120200 0.030600 0.050800
0 0.569600 0.100300 0.032800 0.085000
0 0.166500 0.516700 0.054900 0.173900
0 0.637100 0.070100 0.026200 0.065500
0 0.132381 0.737967 0.085900 0.217900
0 0.289100 0.566700 0.023500 0.076200
0 0.299900 0.605800 0.039200 0.129300
0 0.072000 0.545600 0.036200 0.166500
0 0.323700 0.667800 0.058800 0.133300
0 0.403125 0.637500 0.054688 0.108333
0 0.117188 0.902778 0.064062 0.163889
25 0.464844 0.475694 0.243750 0.151389
25 0.408203 0.372917 0.196094 0.129167
56 0.402734 0.745139 0.072656 0.134722
56 0.130469 0.795139 0.071875 0.126389
56 0.048047 0.926389 0.038281 0.116667
56 0.102344 0.929167 0.037500 0.113889
56 0.234375 0.572222 0.048437 0.111111
60 0.181250 0.756944 0.076563 0.147222
60 0.041406 0.877778 0.075000 0.205556
