7 0.153600 0.406300 0.200600 0.160900
7 0.474200 0.315200 0.078700 0.083000
2 0.972500 0.261400 0.052300 0.068700
2 0.122400 0.720800 0.123000 0.109400
2 0.637000 0.440100 0.079500 0.072600
2 0.115800 0.503200 0.104400 0.095500
2 0.872500 0.311600 0.051900 0.068500
2 0.420200 0.543200 0.082500 0.102900
0 0.608200 0.564600 0.017300 0.086600
0 0.844700 0.432100 0.018000 0.064500
0 0.010500 0.916200 0.022000 0.101300
0 0.789100 0.489100 0.017000 0.066700
0 0.026700 0.916800 0.021200 0.097500
0 0.919600 0.417500 0.015600 0.038000
0 0.830400 0.478600 0.014400 0.035900
0 0.876400 0.429500 0.015800 0.058300
0 0.399400 0.316400 0.011700 0.051400
0 0.284700 0.823300 0.017400 0.063700
0 0.933600 0.402700 0.012500 0.035900
0 0.543900 0.255300 0.019000 0.059600
0 0.800400 0.489000 0.017000 0.060900
0 0.759800 0.143200 0.010300 0.038600
0 0.301700 0.818200 0.021400 0.052900
0 0.555500 0.214600 0.010900 0.032400
0 0.486700 0.244900 0.010900 0.039600
0 0.767500 0.143300 0.009500 0.031200
0 0.552600 0.221700 0.011500 0.036600
2 0.743359 0.061806 0.060156 0.043056
