25 0.237900 0.864300 0.241100 0.190700
7 0.329000 0.035600 0.156300 0.075500
7 0.148000 0.082600 0.079200 0.126200
2 0.458500 0.169100 0.092900 0.079900
2 0.571300 0.162400 0.090400 0.085600
0 0.694900 0.210700 0.020300 0.088800
0 0.972100 0.052300 0.021700 0.075100
0 0.072200 0.946800 0.059300 0.099700
0 0.556000 0.351100 0.019100 0.061200
0 0.227100 0.537500 0.030200 0.093200
0 0.316300 0.502800 0.028600 0.054400
0 0.176600 0.539900 0.019500 0.114800
0 0.570400 0.348100 0.023300 0.056100
0 0.993900 0.053000 0.013100 0.080400
0 0.113400 0.947300 0.055500 0.093200
25 0.177734 0.759722 0.207031 0.130556
