25 0.237500 0.855100 0.206200 0.194800
7 0.153300 0.073700 0.075300 0.129600
7 0.324200 0.028500 0.161700 0.049200
2 0.473600 0.152700 0.090600 0.083600
2 0.588600 0.148100 0.097300 0.085800
0 0.979900 0.041200 0.023100 0.072600
0 0.701000 0.197700 0.021600 0.086400
0 0.323000 0.488200 0.026100 0.056000
0 0.074300 0.940800 0.057300 0.109900
0 0.233700 0.523000 0.040700 0.105700
0 0.181900 0.537700 0.022100 0.137300
0 0.567800 0.336200 0.021500 0.059200
0 0.118200 0.945500 0.054800 0.096300
0 0.196200 0.978500 0.056200 0.043800
0 0.181100 0.509400 0.016900 0.073300
0 0.580400 0.332000 0.022400 0.052800
25 0.181641 0.732639 0.205469 0.129167
