7 0.334700 0.044900 0.178900 0.094400
7 0.135800 0.103200 0.078300 0.130600
5 0.052200 0.105100 0.106400 0.205500
2 0.545400 0.197000 0.095000 0.086100
2 0.428600 0.203100 0.092900 0.079200
0 0.685000 0.232500 0.022000 0.087000
0 0.053200 0.956500 0.061100 0.082100
0 0.960800 0.076200 0.020600 0.070000
0 0.541700 0.377700 0.018300 0.065900
0 0.211700 0.567200 0.027800 0.093200
0 0.299600 0.529200 0.027300 0.052900
0 0.989400 0.075000 0.017100 0.070200
0 0.165800 0.570100 0.021200 0.134200
0 0.556500 0.371400 0.021800 0.049500
0 0.099200 0.964000 0.059000 0.068100
25 0.225781 0.886806 0.232812 0.137500
25 0.167578 0.779861 0.210156 0.112500
