7 0.162600 0.406700 0.181800 0.167700
7 0.472800 0.317800 0.077000 0.078600
2 0.458700 0.542700 0.091600 0.086100
2 0.349300 0.409300 0.072900 0.088800
2 0.858900 0.321100 0.060200 0.072800
2 0.735400 0.388700 0.054100 0.070100
2 0.742500 0.065900 0.048400 0.034500
2 0.160400 0.689100 0.098600 0.125200
0 0.628900 0.554400 0.021500 0.082900
0 0.774200 0.503600 0.018100 0.061300
0 0.887900 0.427900 0.015100 0.067300
0 0.861500 0.427600 0.017700 0.061100
0 0.761600 0.504900 0.015900 0.069800
0 0.799600 0.495700 0.014500 0.042800
0 0.380300 0.326000 0.014200 0.056200
0 0.008900 0.914700 0.019800 0.099300
0 0.771000 0.143200 0.013000 0.042200
0 0.560100 0.226500 0.011000 0.039000
0 0.024200 0.917200 0.020800 0.091500
0 0.526400 0.261300 0.013000 0.047100
0 0.254300 0.846700 0.020400 0.060700
0 0.836100 0.476400 0.013200 0.030000
0 0.084200 0.382900 0.024000 0.048700
0 0.832700 0.457700 0.020000 0.063100
0 0.821600 0.458300 0.023200 0.060200
0 0.538700 0.261200 0.010800 0.040000
0 0.571300 0.223100 0.011500 0.035700
0 0.778100 0.503600 0.010900 0.038400
0 0.508300 0.257800 0.009400 0.028200
0 0.761300 0.138800 0.011400 0.041700
