7 0.159600 0.407500 0.181000 0.175600
7 0.472200 0.317800 0.077600 0.079800
2 0.430900 0.558200 0.095200 0.088700
2 0.842200 0.331700 0.062100 0.077400
2 0.982400 0.224100 0.036300 0.058200
2 0.369400 0.401400 0.085600 0.084900
2 0.716100 0.400400 0.060700 0.075600
2 0.123200 0.705500 0.097800 0.125400
2 0.742800 0.069200 0.052500 0.034000
0 0.631100 0.550900 0.018700 0.085100
0 0.863300 0.427200 0.018900 0.063300
0 0.889000 0.428100 0.015100 0.064100
0 0.771500 0.504600 0.019000 0.064500
0 0.759100 0.506300 0.016800 0.073500
0 0.772600 0.144600 0.011900 0.036300
0 0.008300 0.914400 0.017800 0.099300
0 0.024300 0.917800 0.020200 0.091600
0 0.801800 0.458900 0.019300 0.068000
0 0.378000 0.324200 0.012000 0.049800
0 0.525400 0.261600 0.011900 0.043700
0 0.540200 0.258900 0.009600 0.037300
0 0.246800 0.848300 0.017500 0.066000
0 0.759100 0.144000 0.009800 0.036400
0 0.541500 0.242700 0.008900 0.027400
0 0.506000 0.258500 0.009100 0.030900
0 0.822400 0.462300 0.016300 0.065600
0 0.794700 0.496100 0.012600 0.034400
0 0.535800 0.268800 0.009000 0.039300
0 0.570200 0.223600 0.010200 0.034700
0 0.560400 0.224600 0.009800 0.038000
0 0.257400 0.848400 0.022500 0.059100
0 0.800900 0.494300 0.012400 0.035000
