7 0.172500 0.393800 0.190000 0.165000
7 0.479500 0.291600 0.081100 0.088100
2 0.641500 0.404000 0.066500 0.089000
2 0.429100 0.533500 0.088300 0.092900
2 0.805500 0.336000 0.068200 0.064700
2 0.987900 0.226700 0.019900 0.061900
2 0.757100 0.036000 0.043800 0.020900
0 0.587100 0.564000 0.019400 0.090400
0 0.291900 0.324800 0.016600 0.062000
0 0.849400 0.445100 0.013600 0.042300
0 0.160700 0.333600 0.017100 0.062600
0 0.012100 0.896300 0.020000 0.118500
0 0.864300 0.423400 0.015200 0.056900
0 0.566300 0.226600 0.012800 0.041600
0 0.758400 0.128400 0.012700 0.039100
0 0.816300 0.455000 0.018300 0.059300
0 0.323600 0.778500 0.021300 0.062500
0 0.423900 0.287800 0.015200 0.058300
0 0.830200 0.412300 0.014900 0.050200
0 0.449800 0.246600 0.010500 0.037100
0 0.553800 0.227500 0.010400 0.039500
0 0.829800 0.456000 0.011300 0.046800
0 0.339800 0.774200 0.021400 0.055000
0 0.747000 0.127600 0.010600 0.041900
0 0.543600 0.224900 0.008200 0.034700
0 0.992000 0.338200 0.014900 0.067200
0 0.031900 0.896100 0.016500 0.090400
0 0.549609 0.192361 0.016406 0.048611
