60 0.264700 0.696600 0.061800 0.120800
56 0.380700 0.633700 0.060800 0.102400
56 0.273400 0.644400 0.057800 0.131200
25 0.535900 0.425700 0.212100 0.177700
0 0.205600 0.680900 0.079800 0.216400
0 0.039200 0.730500 0.072400 0.266700
0 0.238400 0.421200 0.047100 0.130700
0 0.365700 0.493700 0.023400 0.072500
0 0.147700 0.479500 0.033900 0.167900
0 0.728800 0.013500 0.018200 0.024400
0 0.382300 0.546200 0.051600 0.142500
0 0.419000 0.579700 0.048100 0.147100
0 0.196484 0.834722 0.075781 0.169444
0 0.467578 0.590278 0.038281 0.102778
0 0.492188 0.561111 0.040625 0.086111
0 0.246094 0.377083 0.031250 0.070833
56 0.128125 0.881944 0.050000 0.161111
56 0.183984 0.884722 0.044531 0.161111
56 0.477734 0.686111 0.069531 0.108333
56 0.308594 0.494444 0.057813 0.100000
56 0.200000 0.714583 0.073437 0.101389
60 0.103516 0.806944 0.113281 0.230556
25 0.475781 0.308333 0.200000 0.141667
