7 0.161500 0.411900 0.200800 0.156100
7 0.472950 0.316933 0.091100 0.090800
2 0.221300 0.459400 0.090800 0.094200
2 0.930600 0.284000 0.060200 0.070100
2 0.324300 0.596200 0.089800 0.119700
2 0.568300 0.477600 0.086300 0.079900
2 0.819500 0.342800 0.053400 0.065900
2 0.026800 0.776300 0.049900 0.103300
0 0.615500 0.560100 0.019600 0.083300
0 0.852100 0.430400 0.017300 0.065900
0 0.786200 0.494900 0.023800 0.068700
0 0.881300 0.428800 0.015500 0.062900
0 0.819300 0.481500 0.015100 0.039600
0 0.767800 0.144300 0.011500 0.038700
0 0.392000 0.320400 0.014100 0.057100
0 0.759600 0.143700 0.010600 0.038900
0 0.536300 0.256900 0.012500 0.039500
0 0.270200 0.833100 0.020200 0.062700
0 0.502800 0.245600 0.012400 0.045700
0 0.567000 0.214900 0.011900 0.044900
0 0.024300 0.915600 0.018900 0.091900
0 0.009200 0.913400 0.014200 0.110600
0 0.555000 0.224900 0.010200 0.036000
0 0.895900 0.425600 0.018600 0.057300
0 0.900400 0.428900 0.011900 0.035800
0 0.778100 0.501500 0.016700 0.064700
0 0.288100 0.832300 0.025300 0.057000
2 0.738672 0.067361 0.061719 0.045833
