60 0.110200 0.862500 0.070200 0.128800
56 0.229000 0.792800 0.054400 0.104900
56 0.085200 0.786900 0.024700 0.052100
56 0.121400 0.775000 0.040300 0.061300
25 0.392200 0.590900 0.219600 0.159500
0 0.450300 0.214000 0.033000 0.103500
0 0.084100 0.609400 0.049600 0.159200
0 0.533700 0.180900 0.024000 0.055000
0 0.048200 0.861800 0.089500 0.233400
0 0.738700 0.056200 0.017300 0.060000
0 0.214200 0.652000 0.024000 0.061800
0 0.251687 0.747289 0.053800 0.124100
56 0.049219 0.892361 0.065625 0.126389
56 0.330078 0.838889 0.071094 0.111111
56 0.159375 0.661111 0.045313 0.113889
25 0.324609 0.464583 0.197656 0.131944
0 0.322266 0.715278 0.063281 0.113889
0 0.255859 0.652083 0.080469 0.087500
0 0.753516 0.048611 0.022656 0.061111
