7 0.168500 0.404000 0.192100 0.174600
7 0.480300 0.307400 0.072100 0.084600
2 0.956800 0.263300 0.050700 0.057000
2 0.326700 0.599500 0.098800 0.093000
2 0.746400 0.377800 0.068800 0.068000
0 0.594900 0.568200 0.017900 0.083900
0 0.412500 0.306000 0.015200 0.057100
0 0.277900 0.339500 0.016900 0.065000
0 0.833100 0.429900 0.017000 0.057200
0 0.869200 0.431700 0.015500 0.062000
0 0.845400 0.461500 0.016000 0.034000
0 0.802400 0.471900 0.015500 0.065100
0 0.010700 0.910700 0.018600 0.114300
0 0.026500 0.909300 0.021200 0.097700
0 0.815200 0.471600 0.016800 0.058300
0 0.307100 0.803500 0.020400 0.064500
0 0.760100 0.137900 0.010900 0.034000
0 0.964100 0.382500 0.013900 0.031600
0 0.971100 0.365900 0.012400 0.040300
0 0.323500 0.821000 0.024600 0.117000
0 0.555000 0.240300 0.019700 0.055900
0 0.325100 0.794200 0.024200 0.049900
0 0.746300 0.136600 0.010600 0.034900
0 0.458300 0.259300 0.011600 0.032100
0 0.166100 0.349400 0.018200 0.073200
2 0.564453 0.458333 0.071094 0.102778
2 0.742188 0.054861 0.057813 0.031944
