56 0.332800 0.669800 0.051500 0.110700
0 0.618700 0.058300 0.028900 0.088600
0 0.195400 0.484800 0.054100 0.168000
0 0.164244 0.712322 0.079400 0.215300
0 0.320000 0.535400 0.025400 0.074700
0 0.685500 0.033700 0.024500 0.064300
0 0.146000 0.891500 0.067600 0.161400
0 0.100900 0.513000 0.036000 0.155800
0 0.366513 0.603778 0.046200 0.127300
0 0.329500 0.576700 0.038400 0.132200
0 0.434766 0.602083 0.055469 0.120833
25 0.483984 0.459722 0.228906 0.130556
25 0.439063 0.343750 0.210938 0.131944
56 0.435937 0.723611 0.067188 0.130556
56 0.159766 0.759722 0.080469 0.105556
56 0.264844 0.553472 0.054688 0.123611
56 0.075000 0.919444 0.037500 0.133333
56 0.142969 0.915278 0.048437 0.150000
60 0.207031 0.729861 0.084375 0.129167
60 0.051172 0.846528 0.094531 0.226389
