7 0.218400 0.278200 0.190700 0.166200
7 0.033100 0.377800 0.070100 0.130300
7 0.525200 0.184100 0.086400 0.095600
2 0.872600 0.209000 0.059200 0.081800
2 0.189700 0.583700 0.116400 0.104100
2 0.715400 0.296200 0.069200 0.079000
2 0.055600 0.599900 0.058100 0.082900
2 0.986500 0.148400 0.025600 0.062400
0 0.600600 0.476800 0.021500 0.090000
0 0.887300 0.331000 0.016200 0.070700
0 0.855000 0.326300 0.015800 0.068500
0 0.365300 0.210500 0.017700 0.073900
0 0.112400 0.841400 0.027400 0.053200
0 0.789600 0.024000 0.014300 0.042600
0 0.401375 0.646322 0.016100 0.066400
0 0.045100 0.790900 0.020400 0.100600
0 0.628400 0.115800 0.011100 0.048000
0 0.068200 0.801800 0.021200 0.095000
0 0.912500 0.324800 0.015000 0.042600
0 0.424600 0.645500 0.023700 0.056600
0 0.894400 0.331200 0.017000 0.059500
0 0.179300 0.237200 0.017300 0.062000
0 0.489800 0.163900 0.008600 0.028900
0 0.456100 0.162300 0.011500 0.038400
0 0.095100 0.292500 0.015200 0.065900
0 0.615300 0.116100 0.009500 0.040900
0 0.578125 0.097917 0.017188 0.059722
0 0.561719 0.106250 0.014062 0.054167
