7 0.174900 0.364600 0.198100 0.165000
7 0.483900 0.273500 0.087200 0.087800
2 0.519500 0.462900 0.090000 0.088500
2 0.861100 0.287900 0.055900 0.063300
2 0.762000 0.018900 0.039300 0.023700
0 0.582600 0.548400 0.020300 0.088500
0 0.305600 0.300200 0.019000 0.061800
0 0.758600 0.106100 0.012200 0.035400
0 0.017900 0.872800 0.028900 0.100000
0 0.036000 0.877900 0.023400 0.086100
0 0.158300 0.318900 0.017400 0.068500
0 0.340800 0.751900 0.020200 0.068500
0 0.572800 0.207500 0.010600 0.048100
0 0.826600 0.414500 0.016700 0.088900
0 0.861300 0.408400 0.015700 0.067600
0 0.435800 0.260500 0.012500 0.066000
0 0.353500 0.746900 0.022100 0.056700
0 0.834500 0.428500 0.020600 0.061000
0 0.440300 0.243000 0.015700 0.072300
0 0.747500 0.106200 0.010600 0.034900
2 0.711328 0.354167 0.067969 0.091667
