60 0.199600 0.758500 0.065700 0.115900
56 0.317100 0.697700 0.066700 0.107000
56 0.210600 0.666300 0.036700 0.060300
1 0.584800 0.114900 0.028600 0.049200
0 0.586600 0.086500 0.032000 0.089400
0 0.653000 0.056900 0.024600 0.068100
0 0.140881 0.726911 0.082300 0.208300
0 0.175200 0.484800 0.053700 0.140700
0 0.301200 0.553700 0.023700 0.069700
0 0.331956 0.635300 0.066700 0.129400
56 0.060938 0.922222 0.042188 0.130556
56 0.116406 0.927778 0.037500 0.130556
56 0.412109 0.738194 0.066406 0.126389
56 0.132812 0.779167 0.056250 0.102778
56 0.247266 0.561111 0.064844 0.116667
60 0.044922 0.865972 0.082031 0.220833
25 0.476953 0.467361 0.230469 0.145833
25 0.418359 0.363889 0.194531 0.133333
0 0.132422 0.897222 0.080469 0.180556
0 0.411328 0.609028 0.072656 0.118056
