7 0.175500 0.356500 0.186200 0.164500
7 0.489300 0.258500 0.083800 0.084700
2 0.557100 0.439200 0.079800 0.083400
2 0.889200 0.264700 0.067700 0.064700
0 0.582100 0.540400 0.021100 0.086900
0 0.020200 0.864600 0.026800 0.111600
0 0.040800 0.867200 0.024700 0.095800
0 0.315000 0.291900 0.018200 0.057800
0 0.159300 0.309800 0.017100 0.059100
0 0.830100 0.400100 0.019700 0.074500
0 0.863700 0.397300 0.017500 0.068100
0 0.350700 0.737900 0.019100 0.068200
0 0.759100 0.099700 0.011100 0.039600
0 0.848200 0.415900 0.019700 0.056500
0 0.583600 0.194200 0.014000 0.042700
0 0.368100 0.730900 0.020800 0.049800
0 0.442200 0.253900 0.015400 0.062700
0 0.554200 0.175600 0.011200 0.043700
0 0.568300 0.195500 0.010800 0.037200
2 0.739062 0.329861 0.064062 0.087500
2 0.759375 0.020139 0.054688 0.026389
