7 0.257200 0.176600 0.187700 0.178200
7 0.058300 0.273100 0.074000 0.126400
7 0.565700 0.089000 0.089900 0.103700
2 0.190500 0.449800 0.100000 0.089500
2 0.327000 0.435000 0.107000 0.098300
2 0.807000 0.176800 0.071300 0.084500
0 0.626800 0.388800 0.021800 0.092900
0 0.887300 0.238300 0.015200 0.068600
0 0.916600 0.240600 0.014100 0.068100
0 0.207400 0.146000 0.016500 0.057400
0 0.930400 0.238400 0.013400 0.061500
0 0.178600 0.727200 0.025100 0.052700
0 0.471500 0.071000 0.018800 0.056300
0 0.589344 0.033133 0.017700 0.062400
0 0.090000 0.759300 0.029500 0.104000
0 0.957300 0.230200 0.011900 0.042400
0 0.944200 0.237400 0.011200 0.050600
0 0.470300 0.542800 0.023000 0.047000
0 0.099100 0.711600 0.024200 0.083500
0 0.666700 0.023100 0.011400 0.038900
0 0.451244 0.537789 0.020100 0.062900
0 0.157600 0.192300 0.014600 0.068700
25 0.097266 0.937500 0.180469 0.125000
2 0.951953 0.090278 0.060156 0.102778
