7 0.202300 0.326200 0.185000 0.162900
7 0.019200 0.418400 0.046800 0.129200
7 0.504000 0.232100 0.085400 0.086500
2 0.814700 0.271100 0.056200 0.082600
2 0.951500 0.215500 0.058700 0.063500
2 0.643200 0.369100 0.081900 0.080500
2 0.077400 0.682800 0.137200 0.114700
0 0.588600 0.518600 0.019900 0.086900
0 0.839600 0.372900 0.017500 0.068600
0 0.862200 0.382100 0.019500 0.064600
0 0.338400 0.258100 0.014000 0.065000
0 0.029100 0.836100 0.024700 0.103400
0 0.772200 0.070000 0.012100 0.039500
0 0.884000 0.378100 0.018000 0.057400
0 0.379000 0.699400 0.019900 0.064000
0 0.602400 0.164000 0.012300 0.044700
0 0.445800 0.198100 0.010900 0.038200
0 0.394900 0.696700 0.023300 0.053800
0 0.051100 0.839700 0.020000 0.088500
0 0.588000 0.164200 0.010400 0.040300
0 0.165800 0.284300 0.020100 0.060000
0 0.054800 0.353500 0.014900 0.067200
0 0.762500 0.071100 0.010600 0.040100
0 0.564700 0.147100 0.009700 0.041000
0 0.065300 0.910500 0.029400 0.057800
