25 0.207900 0.905700 0.235300 0.160900
7 0.319100 0.067800 0.204600 0.124100
7 0.127600 0.131400 0.080100 0.133300
2 0.397400 0.236400 0.095000 0.080900
2 0.519400 0.230200 0.100300 0.085800
2 0.948000 0.012700 0.070000 0.028100
0 0.677400 0.256500 0.021500 0.094000
0 0.950100 0.101700 0.017700 0.070400
0 0.278400 0.557000 0.026400 0.054300
0 0.976900 0.100500 0.017900 0.073400
0 0.194800 0.589800 0.027800 0.096000
0 0.038600 0.971300 0.058300 0.054700
0 0.153400 0.584200 0.024200 0.094000
0 0.538000 0.398900 0.022600 0.057600
0 0.529700 0.401300 0.017100 0.065000
0 0.262000 0.013600 0.015200 0.023200
25 0.149219 0.799306 0.204688 0.129167
