60 0.100600 0.800100 0.122900 0.203200
56 0.370200 0.637900 0.056800 0.116400
56 0.268500 0.642400 0.052600 0.122200
25 0.528500 0.427100 0.222900 0.171700
0 0.232500 0.453000 0.051200 0.172300
0 0.035800 0.735700 0.067800 0.252800
0 0.201400 0.679800 0.082900 0.213600
0 0.142100 0.479800 0.036100 0.143800
0 0.387556 0.574467 0.056200 0.131100
0 0.699800 0.022300 0.028700 0.040400
0 0.708400 0.020500 0.017100 0.032800
0 0.356862 0.520400 0.037000 0.138600
0 0.186719 0.846528 0.076563 0.181944
0 0.459766 0.595833 0.041406 0.102778
0 0.484766 0.568056 0.041406 0.091667
25 0.466797 0.311806 0.200781 0.143056
56 0.469922 0.682639 0.075781 0.126389
56 0.199219 0.720833 0.068750 0.113889
56 0.118750 0.886806 0.042188 0.168056
56 0.174609 0.888889 0.032031 0.150000
56 0.304297 0.493750 0.050781 0.123611
60 0.246094 0.690278 0.073437 0.119444
