56 0.378600 0.633900 0.063900 0.105600
25 0.533800 0.426600 0.214000 0.177700
0 0.038400 0.733800 0.072200 0.268000
0 0.204800 0.681200 0.076900 0.220000
0 0.240200 0.452100 0.055800 0.173700
0 0.364700 0.494700 0.024000 0.069900
0 0.385200 0.613900 0.064700 0.131500
0 0.383200 0.546500 0.052300 0.140200
0 0.191406 0.849306 0.073437 0.179167
0 0.463672 0.586806 0.035156 0.106944
0 0.487500 0.559028 0.050000 0.079167
0 0.238281 0.386111 0.028125 0.072222
25 0.473437 0.313889 0.214062 0.152778
56 0.121094 0.881250 0.042188 0.165278
56 0.182422 0.886111 0.041406 0.155556
56 0.205078 0.727778 0.074219 0.108333
56 0.477344 0.677778 0.064062 0.125000
56 0.305859 0.484722 0.047656 0.091667
60 0.253125 0.675694 0.075000 0.118056
60 0.099219 0.805556 0.100000 0.211111
0 0.145703 0.479167 0.030469 0.133333
