7 0.177000 0.369000 0.195300 0.175600
7 0.480900 0.284500 0.084400 0.084000
2 0.687150 0.373156 0.063200 0.087900
2 0.846400 0.303100 0.063500 0.060900
2 0.494500 0.484200 0.089400 0.088000
2 0.753600 0.027900 0.048800 0.030900
0 0.583200 0.553200 0.023400 0.085500
0 0.300600 0.309400 0.018400 0.063600
0 0.825000 0.426700 0.020500 0.091900
0 0.335300 0.760300 0.019000 0.067200
0 0.570300 0.213600 0.019000 0.054800
0 0.758400 0.115700 0.012300 0.036100
0 0.033400 0.883600 0.019800 0.089000
0 0.157800 0.325500 0.016300 0.059300
0 0.351900 0.756800 0.023800 0.056900
0 0.431400 0.271800 0.017700 0.057000
0 0.431000 0.272200 0.011600 0.038300
0 0.444800 0.239400 0.011000 0.036600
0 0.021100 0.881500 0.024700 0.099600
0 0.860800 0.414400 0.016100 0.064500
0 0.746600 0.114500 0.011200 0.040600
0 0.546484 0.193750 0.021094 0.081944
