7 0.173100 0.368300 0.194800 0.167100
7 0.481700 0.275900 0.088000 0.085400
2 0.853600 0.295800 0.061700 0.069800
2 0.505300 0.473200 0.079600 0.089300
2 0.761200 0.021200 0.042000 0.019500
0 0.582400 0.550600 0.021900 0.089700
0 0.303000 0.305700 0.018000 0.064900
0 0.338000 0.756500 0.019300 0.063000
0 0.825100 0.428300 0.017600 0.085700
0 0.758700 0.112400 0.011500 0.039800
0 0.431900 0.270900 0.010200 0.046700
0 0.353900 0.753300 0.024800 0.064100
0 0.034900 0.881900 0.020300 0.088000
0 0.019100 0.878300 0.027300 0.106900
0 0.157800 0.322100 0.017600 0.064400
0 0.571600 0.209500 0.012400 0.043700
0 0.831000 0.415500 0.019100 0.082400
0 0.860400 0.410700 0.015500 0.066800
0 0.746800 0.112300 0.011700 0.042400
0 0.831900 0.395300 0.014700 0.040100
0 0.824000 0.396000 0.011200 0.032100
0 0.558300 0.207700 0.008000 0.030100
2 0.699609 0.359028 0.063281 0.093056
0 0.545703 0.182639 0.014844 0.051389
