7 0.159800 0.413600 0.199400 0.153100
7 0.473700 0.318500 0.078900 0.080500
2 0.925600 0.283900 0.061900 0.069700
2 0.566000 0.480200 0.088300 0.080900
2 0.816100 0.345900 0.051600 0.066200
2 0.021600 0.788000 0.043100 0.095300
2 0.225500 0.456700 0.091600 0.091200
0 0.616100 0.559300 0.020000 0.083800
0 0.852500 0.430400 0.017300 0.067400
0 0.778700 0.496100 0.017900 0.070600
0 0.785800 0.494400 0.021300 0.064300
0 0.819500 0.482400 0.014900 0.040000
0 0.768300 0.143700 0.011700 0.040400
0 0.882300 0.428500 0.016900 0.060600
0 0.269300 0.833700 0.018900 0.063100
0 0.759400 0.143600 0.010500 0.039300
0 0.392000 0.321000 0.013900 0.055500
0 0.537200 0.259200 0.018400 0.055400
0 0.567000 0.214900 0.012100 0.045300
0 0.024900 0.916200 0.018600 0.092600
0 0.009800 0.913900 0.014200 0.116000
0 0.503100 0.244400 0.012400 0.040300
0 0.893500 0.426000 0.019200 0.055600
0 0.555800 0.223800 0.010500 0.040200
0 0.053400 0.399700 0.014700 0.061900
0 0.882800 0.416500 0.011600 0.039100
0 0.287600 0.832200 0.024800 0.056900
0 0.880800 0.429600 0.011500 0.036600
2 0.316406 0.597222 0.090625 0.113889
2 0.742969 0.063194 0.062500 0.048611
