7 0.317400 0.069800 0.215700 0.133700
2 0.380100 0.253100 0.091000 0.082800
2 0.505500 0.246000 0.101400 0.088100
2 0.940300 0.021500 0.070500 0.044400
0 0.673600 0.267700 0.021500 0.090700
0 0.942900 0.111500 0.021300 0.070900
0 0.272400 0.571000 0.029100 0.052000
0 0.523800 0.413700 0.017900 0.063200
0 0.970900 0.113300 0.021000 0.071100
0 0.537000 0.411900 0.024000 0.059700
0 0.151400 0.588400 0.020800 0.092000
0 0.085100 0.978500 0.065300 0.045900
0 0.190500 0.601800 0.026200 0.086900
7 0.121484 0.145139 0.077344 0.120833
25 0.211719 0.919444 0.239063 0.144444
25 0.146875 0.815972 0.210938 0.131944
