7 0.266700 0.154800 0.187500 0.183700
7 0.070800 0.255000 0.075700 0.123700
2 0.971600 0.056900 0.056200 0.076400
7 0.569800 0.068300 0.072700 0.090500
2 0.226200 0.410500 0.102600 0.087900
2 0.356900 0.400000 0.105100 0.092000
2 0.830300 0.145300 0.069200 0.071600
0 0.633000 0.367900 0.022900 0.089400
0 0.895100 0.216100 0.018500 0.068100
0 0.945800 0.213300 0.015600 0.063000
0 0.462300 0.525000 0.019600 0.064100
0 0.924500 0.215800 0.017500 0.071500
0 0.194300 0.696200 0.024300 0.052700
0 0.214400 0.122100 0.017700 0.055700
0 0.479900 0.520200 0.022200 0.054200
0 0.961200 0.208200 0.012300 0.051400
0 0.174300 0.146600 0.012500 0.029600
0 0.105800 0.733400 0.036200 0.124500
0 0.479825 0.045078 0.020200 0.055200
25 0.103125 0.926389 0.200000 0.147222
