7 0.172600 0.395700 0.192300 0.170400
7 0.478900 0.293500 0.081800 0.083200
2 0.413500 0.542100 0.086700 0.087600
2 0.798800 0.342100 0.064800 0.065700
2 0.983500 0.229500 0.032600 0.071800
2 0.754800 0.038700 0.047300 0.019700
0 0.588500 0.564400 0.019700 0.088200
0 0.160800 0.336800 0.016900 0.067000
0 0.290900 0.326100 0.018700 0.065300
0 0.011600 0.898700 0.019600 0.120200
0 0.849900 0.448400 0.014900 0.036100
0 0.759100 0.130000 0.012100 0.038900
0 0.420600 0.289800 0.010000 0.045000
0 0.817300 0.456400 0.018400 0.060200
0 0.320800 0.784300 0.020900 0.067500
0 0.810500 0.456500 0.015500 0.062200
0 0.531738 0.209933 0.012200 0.038100
0 0.830700 0.419400 0.016900 0.057000
0 0.564600 0.227500 0.011700 0.042900
0 0.865000 0.424300 0.013700 0.058400
0 0.024600 0.898400 0.019000 0.096900
0 0.339300 0.777100 0.023500 0.052500
0 0.747100 0.129300 0.010100 0.040400
0 0.450800 0.254800 0.010500 0.035500
0 0.552550 0.231344 0.019900 0.052500
2 0.629687 0.409722 0.065625 0.091667
