7 0.233400 0.239800 0.200600 0.177800
7 0.037100 0.349200 0.073200 0.125700
7 0.535000 0.161900 0.081900 0.084200
2 0.900400 0.172800 0.059900 0.082800
2 0.233600 0.538200 0.110400 0.103500
2 0.084100 0.552700 0.102000 0.092100
2 0.742600 0.262900 0.071000 0.075800
0 0.607100 0.451600 0.025300 0.092700
0 0.896700 0.305700 0.018800 0.063800
0 0.863600 0.302100 0.017100 0.067100
0 0.417000 0.620200 0.019600 0.063600
0 0.457800 0.133400 0.016600 0.054400
0 0.130100 0.807700 0.026100 0.050200
0 0.377000 0.181300 0.016700 0.074400
0 0.112200 0.272100 0.021300 0.064500
0 0.075200 0.773500 0.026500 0.101900
0 0.913700 0.304300 0.015900 0.053900
0 0.636300 0.086900 0.010800 0.046000
0 0.622500 0.087300 0.011000 0.048700
0 0.185100 0.211100 0.016200 0.059100
0 0.924400 0.301800 0.013300 0.040900
0 0.055400 0.760700 0.018900 0.092800
0 0.642800 0.087000 0.009600 0.048900
0 0.502500 0.134300 0.012500 0.028100
0 0.583984 0.069444 0.016406 0.072222
0 0.570703 0.079861 0.019531 0.056944
