0 0.455200 0.256500 0.010700 0.039100
7 0.168300 0.402000 0.198000 0.170900
7 0.478300 0.304900 0.071400 0.086000
2 0.967300 0.255800 0.050500 0.057300
2 0.760500 0.369600 0.072800 0.066200
2 0.349600 0.586500 0.100200 0.094800
2 0.753700 0.050200 0.042200 0.027800
0 0.592500 0.566500 0.018600 0.090100
0 0.831200 0.428100 0.016900 0.058000
0 0.759300 0.136000 0.011700 0.036900
0 0.282500 0.338200 0.017200 0.060500
0 0.414400 0.302300 0.011400 0.048200
0 0.845900 0.458000 0.017300 0.033200
0 0.805900 0.470400 0.018100 0.067400
0 0.868400 0.430800 0.016500 0.065500
0 0.011400 0.901900 0.020900 0.095900
0 0.745200 0.136000 0.010700 0.039900
0 0.027100 0.903100 0.017900 0.091600
0 0.555900 0.242100 0.012300 0.038700
0 0.974800 0.366100 0.015800 0.041000
0 0.814900 0.465900 0.020700 0.059600
0 0.165200 0.348300 0.017900 0.073400
0 0.310700 0.794500 0.018500 0.067600
0 0.319900 0.793400 0.021000 0.058400
0 0.330400 0.790900 0.023400 0.049600
2 0.582422 0.443056 0.064844 0.088889
0 0.534766 0.227778 0.016406 0.077778
