60 0.052500 0.922600 0.076000 0.140300
56 0.176000 0.885200 0.053600 0.104200
25 0.334300 0.664700 0.218800 0.165400
1 0.371700 0.332600 0.026400 0.049500
0 0.176000 0.769000 0.041600 0.133100
0 0.461300 0.272400 0.024900 0.055300
0 0.784300 0.029300 0.026100 0.064700
0 0.376900 0.301500 0.032300 0.115100
0 0.026000 0.704000 0.047200 0.181000
0 0.681500 0.137200 0.027500 0.059700
0 0.209000 0.825700 0.048000 0.162700
56 0.280469 0.910417 0.064062 0.106944
56 0.344141 0.770833 0.067969 0.094444
56 0.105859 0.746528 0.050781 0.109722
25 0.276563 0.548611 0.198437 0.113889
0 0.276563 0.795833 0.045313 0.113889
0 0.224609 0.726389 0.041406 0.080556
