60 0.085000 0.825600 0.102400 0.175900
56 0.361800 0.637400 0.049800 0.104700
56 0.258100 0.616700 0.037300 0.057100
1 0.675000 0.035200 0.029600 0.054700
0 0.224200 0.452700 0.053900 0.161100
0 0.026600 0.762300 0.053700 0.282400
0 0.349200 0.506600 0.026000 0.075000
0 0.183600 0.696800 0.077400 0.215100
0 0.675900 0.027400 0.030200 0.053700
0 0.130800 0.479400 0.036800 0.147100
0 0.743500 0.007600 0.020100 0.015100
0 0.359200 0.544600 0.039300 0.143600
0 0.173700 0.859500 0.062700 0.162000
60 0.237891 0.700694 0.075781 0.126389
56 0.460156 0.687500 0.073437 0.136111
56 0.296875 0.506250 0.053125 0.112500
56 0.105469 0.897222 0.040625 0.169444
56 0.169531 0.895139 0.039062 0.159722
56 0.182812 0.732639 0.067188 0.123611
25 0.523438 0.418750 0.240625 0.143056
25 0.463672 0.319444 0.188281 0.127778
0 0.463281 0.575694 0.065625 0.112500
0 0.384766 0.603472 0.042969 0.159722
