0 0.535100 0.259100 0.010000 0.037500
0 0.526600 0.258400 0.010200 0.034900
7 0.165400 0.409900 0.180400 0.162000
7 0.473100 0.318800 0.081300 0.078100
2 0.892700 0.303900 0.055600 0.066400
2 0.504700 0.512300 0.088400 0.085800
2 0.292600 0.427600 0.088900 0.089100
2 0.771900 0.370800 0.055800 0.065200
2 0.237100 0.644500 0.095400 0.122400
2 0.743200 0.066300 0.048700 0.035100
1 0.853600 0.457700 0.027100 0.050100
1 0.853400 0.460800 0.017700 0.034200
0 0.855700 0.446700 0.022700 0.060100
0 0.623400 0.555800 0.018500 0.087000
0 0.774300 0.502000 0.021000 0.069200
0 0.383400 0.325400 0.017500 0.053500
0 0.806300 0.489000 0.015500 0.044200
0 0.024800 0.917300 0.019700 0.090100
0 0.008400 0.914600 0.016600 0.102000
0 0.769900 0.143000 0.011100 0.037400
0 0.260200 0.841300 0.023700 0.065600
0 0.884200 0.427000 0.014500 0.065300
0 0.558000 0.225700 0.011500 0.038700
0 0.856800 0.415200 0.015200 0.037800
0 0.759500 0.142900 0.009300 0.038800
0 0.569100 0.214700 0.012200 0.042000
0 0.274800 0.838200 0.024400 0.053100
0 0.883900 0.415800 0.011600 0.035700
0 0.069600 0.398100 0.017000 0.068500
