7 0.162800 0.406900 0.182300 0.171000
7 0.471700 0.317500 0.077200 0.079000
2 0.417700 0.560500 0.100800 0.087300
2 0.978400 0.227700 0.040300 0.056900
2 0.707800 0.403800 0.057900 0.069700
2 0.840000 0.331700 0.068800 0.083100
2 0.380200 0.391700 0.072200 0.085500
2 0.110100 0.713600 0.104500 0.138400
2 0.745000 0.068400 0.052800 0.032800
0 0.631800 0.551300 0.019800 0.086100
0 0.863900 0.426700 0.018400 0.065200
0 0.759000 0.508000 0.018800 0.073100
0 0.888900 0.428300 0.015400 0.066500
0 0.769100 0.506600 0.017900 0.060200
0 0.008500 0.915500 0.017500 0.112300
0 0.773700 0.143700 0.012000 0.035700
0 0.023900 0.918400 0.020300 0.094100
0 0.526400 0.262100 0.010700 0.039300
0 0.815000 0.464400 0.018900 0.061400
0 0.538100 0.258200 0.008900 0.028400
0 0.377200 0.325600 0.013600 0.057700
0 0.246700 0.850400 0.019000 0.066700
0 0.792900 0.492900 0.018300 0.053500
0 0.793800 0.461600 0.016200 0.063000
0 0.569800 0.223400 0.010100 0.035200
0 0.541300 0.244300 0.008100 0.023100
0 0.559900 0.225100 0.009600 0.032700
0 0.550700 0.254500 0.007500 0.023700
0 0.580900 0.223700 0.007900 0.024700
0 0.534400 0.270300 0.008200 0.033100
0 0.761400 0.138000 0.010600 0.032700
0 0.255900 0.849500 0.022200 0.059600
0 0.821400 0.488200 0.012200 0.030200
0 0.758600 0.144000 0.009300 0.035100
