7 0.208800 0.325500 0.182200 0.164500
7 0.020400 0.417600 0.049600 0.125100
2 0.817600 0.268400 0.055000 0.083700
2 0.650200 0.364400 0.082800 0.081800
2 0.083600 0.675300 0.135900 0.113400
2 0.956300 0.208800 0.060000 0.055500
0 0.839900 0.369800 0.017800 0.063100
0 0.591000 0.514200 0.018000 0.085000
0 0.865400 0.379400 0.018000 0.064300
0 0.773400 0.069200 0.012300 0.038500
0 0.166200 0.283600 0.021900 0.062200
0 0.029300 0.834300 0.022400 0.113700
0 0.340500 0.254600 0.014900 0.067200
0 0.378500 0.697500 0.018400 0.066400
0 0.446000 0.197000 0.012100 0.036900
0 0.605300 0.161300 0.011200 0.047600
0 0.052200 0.838500 0.020800 0.090600
0 0.589800 0.160900 0.011100 0.045300
0 0.057800 0.353700 0.015800 0.060200
0 0.396000 0.693500 0.024400 0.053400
0 0.884800 0.371900 0.016700 0.051700
0 0.868300 0.352000 0.010100 0.022800
0 0.068700 0.902800 0.027100 0.058800
0 0.565400 0.145500 0.010300 0.047400
7 0.503906 0.217361 0.089062 0.098611
