56 0.366900 0.636600 0.050300 0.110900
25 0.525700 0.430000 0.216900 0.176300
0 0.229500 0.451800 0.051600 0.177900
0 0.199725 0.681200 0.086000 0.209000
0 0.034400 0.736600 0.068000 0.244100
0 0.694000 0.024000 0.029100 0.044100
0 0.139400 0.481100 0.036300 0.160000
0 0.396900 0.580000 0.048200 0.145500
0 0.365900 0.546000 0.037600 0.143600
0 0.181641 0.849306 0.072656 0.162500
0 0.470703 0.573611 0.069531 0.086111
25 0.471875 0.308333 0.206250 0.130556
56 0.469141 0.692361 0.078906 0.131944
56 0.114453 0.877778 0.044531 0.150000
56 0.174219 0.889583 0.039062 0.162500
56 0.188281 0.722222 0.084375 0.127778
56 0.303516 0.503472 0.061719 0.106944
60 0.253125 0.697917 0.075000 0.115278
60 0.086328 0.813889 0.105469 0.222222
