56 0.196500 0.852000 0.056700 0.105000
25 0.356700 0.651700 0.225500 0.178800
1 0.403700 0.290300 0.029300 0.055200
0 0.489100 0.238200 0.026800 0.058500
0 0.025600 0.890600 0.044800 0.181000
0 0.047100 0.637400 0.052600 0.129400
0 0.197100 0.735300 0.044800 0.112000
0 0.403800 0.272000 0.033100 0.092800
0 0.697400 0.107000 0.020100 0.057700
0 0.180400 0.699200 0.022200 0.057200
0 0.713300 0.102300 0.023000 0.046800
0 0.230100 0.797900 0.045200 0.152600
0 0.297266 0.771528 0.052344 0.120833
0 0.247656 0.693056 0.045313 0.066667
25 0.292188 0.514583 0.201562 0.112500
56 0.292578 0.898611 0.067969 0.127778
56 0.130078 0.706944 0.050781 0.130556
56 0.365625 0.732639 0.057813 0.098611
60 0.069141 0.910417 0.075781 0.137500
