7 0.288600 0.112500 0.208100 0.170900
7 0.590100 0.029500 0.093200 0.062400
7 0.090400 0.205900 0.075500 0.124700
2 0.425100 0.331500 0.095700 0.091400
2 0.295100 0.340000 0.101100 0.087400
2 0.880900 0.087300 0.076300 0.076400
0 0.651000 0.322300 0.020500 0.088000
0 0.916000 0.170200 0.016800 0.076400
0 0.488200 0.476800 0.017300 0.064000
0 0.940500 0.174600 0.016800 0.074500
0 0.138800 0.675100 0.039000 0.115000
0 0.504500 0.474600 0.025100 0.059700
0 0.227100 0.638600 0.026300 0.054500
0 0.973600 0.162200 0.018100 0.057700
0 0.232100 0.074200 0.014800 0.057200
0 0.993300 0.159900 0.009200 0.048100
0 0.489000 0.013900 0.017700 0.030300
0 0.967000 0.165700 0.016300 0.060500
0 0.208000 0.097000 0.014500 0.026100
0 0.119000 0.648000 0.022500 0.092600
0 0.978000 0.160800 0.011600 0.045000
25 0.120703 0.872222 0.221094 0.130556
25 0.182031 0.952778 0.229687 0.094444
