7 0.159500 0.409400 0.171100 0.160000
7 0.264900 0.440700 0.092100 0.088800
7 0.474500 0.318600 0.083300 0.079100
7 0.274700 0.626600 0.092100 0.122400
2 0.276800 0.621300 0.096000 0.128700
2 0.265400 0.436100 0.094300 0.093000
2 0.529300 0.497500 0.093500 0.080900
2 0.792900 0.358500 0.051900 0.074100
2 0.905100 0.297500 0.057700 0.078900
2 0.745300 0.065100 0.051000 0.035000
1 0.869800 0.444500 0.024600 0.054000
1 0.870000 0.444400 0.014400 0.037000
1 0.880200 0.444800 0.013100 0.033400
0 0.620600 0.558400 0.019200 0.085600
0 0.776400 0.496800 0.022200 0.068000
0 0.856500 0.428000 0.015600 0.064800
0 0.387700 0.322100 0.012700 0.044400
0 0.768700 0.143500 0.012500 0.039300
0 0.811000 0.489600 0.015600 0.039500
0 0.783800 0.497400 0.016600 0.056100
0 0.024200 0.916800 0.021400 0.094800
0 0.885300 0.413800 0.010800 0.036200
0 0.009600 0.914300 0.017300 0.111800
0 0.534900 0.261400 0.018800 0.051400
0 0.568700 0.213500 0.010800 0.037900
0 0.556100 0.224100 0.011300 0.040200
0 0.758300 0.143000 0.010700 0.040900
0 0.880800 0.427400 0.015100 0.057000
0 0.263400 0.838700 0.021000 0.066100
0 0.870900 0.429300 0.012900 0.036900
0 0.394500 0.288600 0.007900 0.018600
0 0.868900 0.432300 0.020900 0.055700
0 0.064800 0.396800 0.017700 0.066900
