60 0.166900 0.792500 0.067200 0.116100
56 0.277700 0.726900 0.056000 0.121800
2 0.402400 0.028600 0.064300 0.054200
1 0.534800 0.151600 0.029600 0.051600
0 0.534400 0.130700 0.033000 0.090000
0 0.142100 0.547000 0.053300 0.177000
0 0.108600 0.774300 0.083000 0.210400
0 0.606700 0.098400 0.026500 0.066500
0 0.270000 0.582900 0.023300 0.064400
0 0.291600 0.701600 0.067100 0.136900
0 0.312891 0.584028 0.072656 0.095833
0 0.380859 0.652083 0.060156 0.126389
0 0.095703 0.915972 0.072656 0.131944
25 0.439453 0.491667 0.247656 0.136111
25 0.382812 0.395139 0.195312 0.148611
56 0.381641 0.762500 0.074219 0.125000
56 0.106641 0.818750 0.072656 0.126389
56 0.019531 0.940972 0.029687 0.093056
56 0.082422 0.947917 0.041406 0.104167
56 0.214453 0.592361 0.050781 0.129167
60 0.035937 0.855556 0.070312 0.155556
