0 0.535000 0.259400 0.010600 0.037100
7 0.164700 0.410300 0.181400 0.160200
7 0.472100 0.320000 0.081100 0.072100
2 0.899400 0.300500 0.065800 0.078400
2 0.244300 0.640000 0.091700 0.120100
2 0.512500 0.508200 0.090600 0.081200
2 0.777800 0.369900 0.059600 0.072200
2 0.288900 0.428100 0.081100 0.094900
2 0.744000 0.066600 0.050500 0.035100
1 0.855100 0.460500 0.016400 0.038800
0 0.623100 0.556800 0.018100 0.084100
0 0.774900 0.497300 0.022200 0.068200
0 0.807500 0.490200 0.015300 0.043800
0 0.024700 0.917000 0.020200 0.092000
0 0.386200 0.323200 0.012300 0.050700
0 0.883200 0.427300 0.013700 0.063200
0 0.857700 0.428500 0.016900 0.066200
0 0.008900 0.914500 0.017300 0.103300
0 0.260800 0.840300 0.024500 0.066500
0 0.770100 0.142900 0.010500 0.035600
0 0.758600 0.142900 0.009100 0.038700
0 0.569400 0.214400 0.012200 0.040900
0 0.557200 0.226800 0.011200 0.040900
0 0.068400 0.397400 0.016700 0.069400
0 0.274100 0.836600 0.024800 0.053100
