7 0.193600 0.349700 0.172800 0.165200
7 0.491500 0.256400 0.077600 0.078400
7 0.011600 0.447400 0.031800 0.129200
2 0.579200 0.421400 0.084700 0.078800
2 0.901100 0.255800 0.063900 0.059900
2 0.011700 0.744700 0.024600 0.078500
0 0.582100 0.536400 0.021600 0.090100
0 0.318800 0.283200 0.018400 0.062000
0 0.043100 0.862500 0.023400 0.098400
0 0.354400 0.730700 0.021000 0.062100
0 0.159000 0.304500 0.017300 0.065100
0 0.832600 0.399000 0.018100 0.076100
0 0.021400 0.862000 0.027000 0.113200
0 0.866400 0.394600 0.016500 0.065300
0 0.760300 0.096100 0.010500 0.043300
0 0.371200 0.725500 0.022600 0.059200
0 0.849400 0.410400 0.018500 0.057100
0 0.586400 0.191000 0.010000 0.036800
0 0.838300 0.409700 0.018000 0.071800
0 0.572100 0.191300 0.008800 0.034200
0 0.442000 0.226100 0.014200 0.062800
0 0.441500 0.226300 0.010600 0.037700
0 0.767400 0.095900 0.010500 0.036400
2 0.755469 0.319444 0.064062 0.094444
0 0.554688 0.165278 0.012500 0.063889
