7 0.171200 0.346800 0.192300 0.170200
7 0.491600 0.253933 0.079500 0.078100
2 0.764300 0.310600 0.060200 0.086400
2 0.583600 0.416500 0.082700 0.078000
2 0.904000 0.252700 0.064300 0.063000
2 0.016500 0.741200 0.031300 0.082800
0 0.582000 0.535000 0.021600 0.088200
0 0.044200 0.863300 0.021700 0.093500
0 0.022200 0.855700 0.025600 0.097100
0 0.833400 0.398400 0.017600 0.078400
0 0.868300 0.393800 0.016700 0.062900
0 0.160600 0.301100 0.019000 0.058800
0 0.355600 0.728500 0.018600 0.063000
0 0.849800 0.409700 0.020900 0.056800
0 0.759400 0.091300 0.011800 0.035800
0 0.585400 0.184100 0.013100 0.046800
0 0.369800 0.725100 0.021900 0.061600
0 0.570800 0.182900 0.009600 0.034900
0 0.321500 0.283200 0.015200 0.062100
0 0.443100 0.225300 0.015400 0.065500
7 0.016016 0.440278 0.030469 0.122222
0 0.553125 0.169444 0.012500 0.066667
