60 0.148100 0.799300 0.070300 0.147900
56 0.264600 0.738200 0.048800 0.111600
25 0.421600 0.537100 0.206800 0.174100
1 0.505800 0.181500 0.030700 0.049300
0 0.583900 0.122500 0.026900 0.059100
0 0.087800 0.800800 0.086300 0.212900
0 0.506900 0.150800 0.034800 0.074900
0 0.253000 0.603100 0.025400 0.057100
0 0.117600 0.544900 0.051900 0.141300
0 0.294800 0.706200 0.049100 0.135800
0 0.265600 0.639200 0.044700 0.106700
0 0.362600 0.671100 0.052900 0.105700
0 0.313281 0.584028 0.039062 0.076389
0 0.073047 0.938889 0.075781 0.113889
25 0.364844 0.424306 0.207813 0.131944
56 0.366797 0.789583 0.072656 0.143056
56 0.085156 0.843750 0.065625 0.104167
56 0.193359 0.615278 0.050781 0.116667
0 0.788281 0.026389 0.040625 0.050000
