7 0.161900 0.415200 0.181100 0.155300
7 0.474300 0.318400 0.084000 0.081200
2 0.917500 0.290200 0.060700 0.075900
2 0.546400 0.491700 0.094200 0.083000
2 0.801200 0.353800 0.051300 0.069000
2 0.294700 0.610600 0.089300 0.111500
2 0.745900 0.064700 0.049900 0.033800
0 0.884000 0.442700 0.011300 0.033000
0 0.618500 0.558300 0.020800 0.083000
0 0.777900 0.496600 0.020100 0.073700
0 0.855600 0.429400 0.013900 0.068500
0 0.768700 0.143900 0.011700 0.038500
0 0.388200 0.320200 0.014800 0.056600
0 0.784900 0.495700 0.018200 0.063700
0 0.814100 0.486900 0.014200 0.034700
0 0.535800 0.259100 0.013400 0.034900
0 0.024700 0.916800 0.019900 0.091800
0 0.758000 0.143400 0.010300 0.039900
0 0.555400 0.225700 0.010900 0.038300
0 0.883700 0.427800 0.014100 0.060400
0 0.009300 0.914400 0.014800 0.110300
0 0.883800 0.413600 0.010500 0.035700
0 0.568000 0.214600 0.012200 0.040300
0 0.271100 0.835600 0.025800 0.061700
0 0.504800 0.255200 0.009400 0.030200
0 0.872400 0.444000 0.012200 0.037400
2 0.249219 0.446528 0.095312 0.079167
