60 0.261400 0.697400 0.059200 0.111400
56 0.370800 0.633600 0.053800 0.118800
56 0.271500 0.646500 0.053300 0.129900
25 0.531800 0.427400 0.215400 0.176000
0 0.037100 0.734500 0.068800 0.268000
0 0.202900 0.679100 0.080300 0.211500
0 0.235100 0.452100 0.049600 0.176400
0 0.397000 0.579000 0.050800 0.125600
0 0.145600 0.458900 0.037600 0.151200
0 0.365800 0.516700 0.038700 0.114900
0 0.191797 0.852083 0.078906 0.173611
0 0.464063 0.586806 0.026563 0.095833
0 0.483594 0.561111 0.048437 0.088889
0 0.237891 0.382639 0.033594 0.070833
25 0.475000 0.314583 0.204688 0.140278
56 0.119141 0.876389 0.047656 0.175000
56 0.179297 0.886111 0.042969 0.175000
56 0.472266 0.684722 0.074219 0.138889
56 0.304688 0.496528 0.057813 0.095833
56 0.203516 0.720833 0.066406 0.111111
60 0.096484 0.800694 0.116406 0.212500
