0 0.535500 0.257800 0.013300 0.033900
7 0.161100 0.413700 0.188000 0.158300
2 0.918900 0.288600 0.060200 0.075600
2 0.805000 0.351600 0.051200 0.065300
7 0.471500 0.321300 0.083300 0.068500
2 0.550800 0.487500 0.089100 0.079500
2 0.301000 0.607800 0.087200 0.110900
2 0.745100 0.065100 0.048900 0.033700
1 0.882900 0.443500 0.013200 0.030900
0 0.617800 0.558500 0.020000 0.082000
0 0.777700 0.496400 0.021600 0.072300
0 0.855400 0.427700 0.013700 0.066800
0 0.785500 0.494900 0.020400 0.063700
0 0.768100 0.143100 0.011400 0.042200
0 0.814700 0.486500 0.014500 0.033100
0 0.882100 0.428900 0.016400 0.062700
0 0.388300 0.318800 0.015200 0.057400
0 0.009100 0.914200 0.014700 0.112600
0 0.758900 0.143400 0.010200 0.038500
0 0.024900 0.916300 0.018800 0.090300
0 0.269200 0.834800 0.020700 0.062600
0 0.567900 0.213900 0.011200 0.040500
0 0.555100 0.225500 0.010700 0.041000
0 0.285200 0.832800 0.026500 0.056900
0 0.058900 0.398800 0.016700 0.060800
2 0.244531 0.447917 0.093750 0.084722
