0 0.488600 0.245900 0.010400 0.039400
7 0.158500 0.405300 0.205500 0.156700
7 0.473600 0.316100 0.076900 0.083000
2 0.966700 0.264200 0.052800 0.074800
2 0.407300 0.548600 0.086200 0.104100
2 0.098500 0.730100 0.120200 0.119200
2 0.623500 0.444500 0.079800 0.074200
2 0.861500 0.321000 0.047300 0.059600
2 0.134700 0.495300 0.100100 0.098500
2 0.741800 0.065500 0.055000 0.035500
0 0.610600 0.564000 0.017700 0.089500
0 0.845300 0.430300 0.017200 0.062200
0 0.786100 0.490100 0.015600 0.067300
0 0.398000 0.317000 0.014700 0.057900
0 0.876400 0.429900 0.015900 0.058800
0 0.027200 0.916700 0.021000 0.099200
0 0.010600 0.915900 0.021300 0.103600
0 0.800000 0.489100 0.016500 0.057500
0 0.928900 0.410500 0.012800 0.035500
0 0.278900 0.824800 0.018700 0.067300
0 0.914000 0.416700 0.015200 0.040600
0 0.760300 0.143700 0.011800 0.040300
0 0.829500 0.478500 0.013900 0.033400
0 0.299200 0.819300 0.024200 0.053900
0 0.553700 0.215600 0.009000 0.030400
0 0.288600 0.823000 0.020200 0.061000
0 0.543400 0.256800 0.020700 0.053100
0 0.767400 0.144200 0.009800 0.032200
