7 0.163700 0.407400 0.179500 0.173600
7 0.472200 0.317800 0.078100 0.079900
2 0.414100 0.566400 0.097700 0.084000
2 0.836600 0.332000 0.065200 0.084400
2 0.976600 0.230300 0.044200 0.058800
2 0.384200 0.391600 0.074100 0.083600
2 0.704700 0.404500 0.055600 0.069600
2 0.101200 0.715200 0.106600 0.140600
2 0.744700 0.068000 0.050400 0.033200
2 0.993400 0.272600 0.012300 0.094900
0 0.632900 0.550900 0.020800 0.084000
0 0.757700 0.508000 0.016900 0.073000
0 0.769500 0.506700 0.016500 0.060800
0 0.864600 0.425800 0.018100 0.065000
0 0.889100 0.427500 0.014900 0.064900
0 0.007800 0.914800 0.017000 0.108400
0 0.526800 0.262100 0.011800 0.043700
0 0.024300 0.918200 0.020300 0.094400
0 0.792700 0.496900 0.014400 0.041700
0 0.775000 0.142700 0.011800 0.036700
0 0.538100 0.258700 0.010100 0.030600
0 0.814300 0.464800 0.017400 0.060600
0 0.246500 0.851000 0.020500 0.063800
0 0.570300 0.223300 0.011400 0.035000
0 0.559700 0.226200 0.010300 0.030800
0 0.793300 0.458400 0.016200 0.058600
0 0.376700 0.323200 0.010600 0.049600
0 0.256400 0.849200 0.024800 0.058700
0 0.505900 0.259800 0.008800 0.029100
0 0.580800 0.214300 0.011300 0.039900
0 0.760800 0.138600 0.011000 0.035800
0 0.757400 0.143600 0.009400 0.035500
0 0.541300 0.243600 0.008700 0.020600
0 0.550500 0.254900 0.009700 0.024900
0 0.820200 0.488600 0.011500 0.028700
