56 0.271400 0.735100 0.051200 0.107100
2 0.380600 0.038800 0.033400 0.067100
1 0.521200 0.166200 0.030100 0.051800
0 0.135200 0.551500 0.057200 0.172000
0 0.099438 0.779622 0.084700 0.216300
0 0.596800 0.111700 0.024800 0.061400
0 0.521400 0.146900 0.032400 0.083800
0 0.086500 0.933000 0.075100 0.127000
0 0.257800 0.598400 0.023300 0.072300
60 0.152734 0.777778 0.063281 0.138889
60 0.029687 0.875694 0.056250 0.143056
56 0.375781 0.770833 0.076563 0.130556
56 0.015234 0.955556 0.030469 0.088889
56 0.075000 0.947917 0.028125 0.073611
56 0.091797 0.824306 0.060156 0.106944
56 0.201953 0.594444 0.050781 0.108333
25 0.434766 0.531250 0.225781 0.115278
25 0.372656 0.404167 0.198437 0.133333
0 0.299219 0.686111 0.048437 0.138889
0 0.303906 0.584028 0.087500 0.095833
0 0.371094 0.653472 0.057813 0.098611
