60 0.134900 0.829700 0.070100 0.128000
56 0.253900 0.762600 0.061800 0.114300
25 0.407400 0.550300 0.218000 0.170900
0 0.486800 0.176800 0.035500 0.089600
0 0.565400 0.144800 0.024500 0.057500
0 0.108900 0.576400 0.055900 0.155700
0 0.076200 0.822300 0.086200 0.210100
0 0.762600 0.026600 0.018100 0.055000
0 0.238100 0.619600 0.023600 0.058700
0 0.272413 0.719133 0.058400 0.137600
0 0.774500 0.024000 0.024600 0.049200
0 0.278516 0.611806 0.075781 0.090278
0 0.350391 0.686806 0.050781 0.129167
0 0.061719 0.943750 0.073437 0.098611
25 0.353125 0.433333 0.195312 0.130556
56 0.350781 0.794444 0.071875 0.125000
56 0.070703 0.854167 0.067969 0.102778
56 0.182031 0.624306 0.053125 0.129167
