7 0.174300 0.395300 0.192000 0.171400
7 0.478000 0.296400 0.081900 0.088900
2 0.400400 0.551800 0.092400 0.092500
2 0.789000 0.347800 0.066500 0.064100
2 0.980200 0.240800 0.035400 0.055000
2 0.755200 0.040500 0.043900 0.020700
0 0.589600 0.564300 0.019900 0.087600
0 0.287600 0.330700 0.020100 0.063200
0 0.866000 0.425400 0.016400 0.062100
0 0.011700 0.899600 0.020200 0.112100
0 0.848400 0.449300 0.016900 0.037600
0 0.024300 0.899100 0.019300 0.097800
0 0.829700 0.425300 0.014700 0.062700
0 0.419700 0.292800 0.009800 0.045200
0 0.809600 0.459100 0.014800 0.061700
0 0.318700 0.787700 0.020500 0.064300
0 0.759000 0.132400 0.011500 0.038500
0 0.820100 0.458300 0.018000 0.056900
0 0.163500 0.341500 0.018300 0.065900
0 0.336900 0.785400 0.026100 0.060100
0 0.557900 0.228400 0.017100 0.060000
0 0.541200 0.226100 0.009900 0.041900
0 0.746400 0.131000 0.010200 0.040600
0 0.558300 0.230200 0.011000 0.040400
0 0.992000 0.351000 0.009900 0.041600
0 0.564200 0.230200 0.010900 0.044800
0 0.989700 0.349800 0.016900 0.057100
2 0.619141 0.420833 0.074219 0.105556
