7 0.204300 0.317600 0.194700 0.165500
7 0.511019 0.212611 0.086400 0.097000
7 0.024600 0.409800 0.054300 0.132000
2 0.122800 0.642400 0.126200 0.112300
2 0.970800 0.189600 0.055900 0.058600
2 0.674100 0.341100 0.071600 0.075600
2 0.838800 0.247800 0.056100 0.079700
0 0.592400 0.502300 0.020100 0.087800
0 0.036600 0.822800 0.025000 0.104700
0 0.347600 0.237800 0.014700 0.066000
0 0.386300 0.682200 0.018700 0.064900
0 0.872800 0.363300 0.017600 0.073400
0 0.846000 0.353200 0.015300 0.063100
0 0.084600 0.882100 0.024300 0.054700
0 0.613000 0.145700 0.011900 0.047200
0 0.775300 0.054400 0.012800 0.039700
0 0.069500 0.334800 0.020700 0.063400
0 0.897500 0.356400 0.012900 0.046300
0 0.449400 0.182300 0.016300 0.053500
0 0.057200 0.823400 0.018900 0.087300
0 0.401900 0.678900 0.022100 0.060600
0 0.569800 0.131200 0.011100 0.042600
0 0.597700 0.145400 0.010000 0.042800
0 0.782800 0.054800 0.010200 0.034200
0 0.169300 0.268800 0.016500 0.062300
0 0.878400 0.356400 0.017400 0.063800
0 0.879300 0.337200 0.009300 0.022300
0 0.848200 0.347300 0.010600 0.040400
0 0.550391 0.140972 0.011719 0.048611
