7 0.163700 0.407800 0.182100 0.169600
2 0.490600 0.497100 0.074000 0.111600
7 0.476700 0.308500 0.071200 0.086900
2 0.912100 0.294400 0.051300 0.064400
2 0.222600 0.662100 0.121700 0.102200
2 0.688800 0.410700 0.069500 0.069000
2 0.038500 0.537200 0.074900 0.094700
2 0.745500 0.061000 0.050500 0.036000
0 0.600400 0.567200 0.020600 0.083000
0 0.839200 0.443700 0.017000 0.091100
0 0.873100 0.433300 0.016400 0.060000
0 0.291500 0.815500 0.021600 0.064900
0 0.011600 0.913900 0.021800 0.107800
0 0.761000 0.143800 0.011200 0.043100
0 0.802500 0.480500 0.023200 0.069500
0 0.942700 0.397800 0.015100 0.037500
0 0.404500 0.310300 0.012500 0.056700
0 0.314700 0.806800 0.024900 0.048100
0 0.032100 0.913400 0.019600 0.091600
0 0.955300 0.387800 0.013100 0.033100
0 0.794700 0.478600 0.016300 0.074400
0 0.556000 0.214000 0.013200 0.038900
0 0.471200 0.256000 0.010700 0.046700
0 0.552400 0.254100 0.010000 0.034300
0 0.949600 0.385700 0.013500 0.030700
0 0.539900 0.244200 0.008400 0.032400
2 0.991797 0.234028 0.016406 0.054167
