0 0.538700 0.256700 0.010900 0.038900
7 0.473800 0.319100 0.081700 0.079300
2 0.345200 0.583700 0.090600 0.112600
2 0.936500 0.279900 0.054300 0.076300
2 0.829500 0.340400 0.050200 0.058900
2 0.584900 0.467400 0.090700 0.079600
2 0.040200 0.768600 0.074100 0.105600
2 0.204600 0.466900 0.093600 0.089800
0 0.614500 0.560500 0.020600 0.078600
0 0.849600 0.432100 0.018100 0.065500
0 0.820500 0.481400 0.015100 0.038400
0 0.787900 0.493200 0.021700 0.066500
0 0.882200 0.428000 0.016900 0.060800
0 0.392700 0.320600 0.014200 0.056700
0 0.025400 0.916100 0.019300 0.094200
0 0.779300 0.494200 0.015500 0.072100
0 0.271900 0.830700 0.020000 0.065600
0 0.761000 0.143100 0.011600 0.039800
0 0.009000 0.913700 0.014900 0.110200
0 0.767400 0.144300 0.011400 0.039200
0 0.901000 0.417000 0.013500 0.039100
0 0.292400 0.853000 0.025800 0.118100
0 0.565000 0.212700 0.011400 0.043300
2 0.745703 0.062500 0.052344 0.033333
7 0.170703 0.404167 0.217969 0.161111
