25 0.267100 0.828500 0.221700 0.172900
7 0.173000 0.045300 0.089200 0.088700
2 0.635800 0.089000 0.089700 0.086100
2 0.524500 0.095300 0.090400 0.084300
0 0.719600 0.158100 0.021700 0.088600
0 0.586900 0.293100 0.019400 0.059600
0 0.353400 0.441000 0.026300 0.060200
0 0.262300 0.474900 0.041600 0.109500
0 0.602900 0.288000 0.022200 0.050400
0 0.197800 0.479100 0.014500 0.089700
0 0.200781 0.950694 0.054688 0.081944
0 0.091406 0.890278 0.046875 0.108333
0 0.146875 0.874306 0.051562 0.084722
0 0.126172 0.954167 0.044531 0.086111
25 0.194922 0.702083 0.210156 0.140278
