7 0.148700 0.411000 0.208500 0.169500
7 0.477600 0.309300 0.070700 0.088500
2 0.978600 0.254600 0.039500 0.069600
2 0.449500 0.525600 0.079600 0.103700
2 0.160700 0.694600 0.113900 0.111000
2 0.659500 0.430800 0.083000 0.073200
2 0.886600 0.308400 0.047600 0.060300
2 0.081600 0.515600 0.106500 0.103500
0 0.927800 0.411600 0.014100 0.034900
0 0.606600 0.565400 0.018900 0.084400
0 0.842300 0.433000 0.015600 0.061100
0 0.286600 0.820100 0.020000 0.068000
0 0.010400 0.916100 0.021100 0.103900
0 0.941500 0.397500 0.013700 0.034000
0 0.790000 0.487000 0.016100 0.066800
0 0.026900 0.916500 0.021800 0.097600
0 0.402100 0.315300 0.015700 0.058300
0 0.832600 0.475600 0.015400 0.032700
0 0.875900 0.429400 0.016700 0.057900
0 0.306600 0.817200 0.023400 0.054300
0 0.180100 0.352900 0.018600 0.063700
0 0.802800 0.487500 0.017000 0.058100
0 0.544500 0.256300 0.020400 0.056900
0 0.761300 0.143000 0.008700 0.035800
0 0.557400 0.223000 0.011700 0.038400
0 0.930300 0.401500 0.013600 0.034800
0 0.767300 0.143200 0.008700 0.033000
0 0.932200 0.403100 0.022800 0.046900
0 0.262900 0.380500 0.022500 0.110800
0 0.262100 0.348300 0.021600 0.051600
2 0.742578 0.060417 0.061719 0.037500
