56 0.381100 0.634000 0.056800 0.098600
25 0.534900 0.423200 0.215300 0.177100
0 0.205000 0.682000 0.076600 0.221300
0 0.039000 0.733800 0.070100 0.269500
0 0.238200 0.419800 0.045400 0.130800
0 0.147200 0.480500 0.033700 0.173300
0 0.366400 0.493200 0.023300 0.074800
0 0.730000 0.013400 0.017600 0.023700
0 0.384400 0.546300 0.051800 0.151300
0 0.368000 0.517200 0.035600 0.131900
0 0.479800 0.573000 0.050200 0.115500
0 0.416700 0.579700 0.044900 0.149600
25 0.480078 0.304167 0.200781 0.152778
60 0.256641 0.691667 0.075781 0.127778
60 0.105078 0.793056 0.128906 0.227778
56 0.123438 0.877778 0.051562 0.169444
56 0.183984 0.875694 0.057031 0.173611
56 0.478125 0.690278 0.073437 0.138889
56 0.308203 0.492361 0.057031 0.106944
0 0.199609 0.845833 0.082031 0.169444
