7 0.161500 0.408600 0.181700 0.172700
2 0.424700 0.558700 0.097400 0.087200
2 0.841900 0.332300 0.064400 0.078800
2 0.711700 0.402200 0.059300 0.069400
2 0.979400 0.226900 0.038300 0.057600
2 0.373000 0.399600 0.083500 0.083200
2 0.118700 0.709300 0.098900 0.128400
2 0.744400 0.068300 0.050400 0.033300
0 0.631400 0.550900 0.019000 0.087400
0 0.864000 0.426700 0.019300 0.063600
0 0.760100 0.506700 0.018700 0.073700
0 0.770300 0.504800 0.019400 0.065200
0 0.888900 0.428000 0.015300 0.064900
0 0.008500 0.915300 0.018200 0.107400
0 0.773500 0.144200 0.011500 0.036800
0 0.024400 0.918700 0.021700 0.092600
0 0.525600 0.261000 0.011200 0.044900
0 0.377400 0.323800 0.011600 0.051200
0 0.539200 0.257800 0.009000 0.034200
0 0.793500 0.495500 0.013200 0.038400
0 0.801600 0.459200 0.015000 0.066800
0 0.571000 0.224400 0.010200 0.033600
0 0.258500 0.849600 0.027000 0.058000
0 0.246400 0.849200 0.019200 0.064600
0 0.506300 0.257800 0.009100 0.030100
0 0.541600 0.243900 0.008300 0.024100
0 0.759000 0.144200 0.009300 0.036100
0 0.560100 0.225200 0.009900 0.034300
0 0.534700 0.270800 0.007600 0.032700
7 0.467187 0.317361 0.093750 0.104167
