2 0.399100 0.029100 0.060200 0.055200
1 0.529300 0.161200 0.028300 0.052900
0 0.605500 0.101400 0.024600 0.063500
0 0.102675 0.768955 0.091300 0.215900
0 0.529600 0.130900 0.033600 0.103800
0 0.139300 0.515500 0.048900 0.130000
0 0.269700 0.585500 0.023500 0.062600
0 0.048100 0.573100 0.035700 0.165800
60 0.158203 0.779167 0.077344 0.136111
60 0.032422 0.870139 0.064844 0.176389
56 0.382031 0.782639 0.059375 0.123611
56 0.102734 0.825694 0.082031 0.112500
56 0.212500 0.594444 0.050000 0.116667
56 0.024609 0.952083 0.033594 0.095833
56 0.079687 0.946528 0.042188 0.093056
25 0.449219 0.506944 0.245312 0.127778
25 0.383203 0.395139 0.197656 0.131944
0 0.310156 0.683333 0.045313 0.155556
0 0.384375 0.654861 0.060938 0.120833
0 0.316797 0.586111 0.080469 0.088889
0 0.091406 0.918750 0.078125 0.148611
