60 0.242600 0.699600 0.065000 0.137100
56 0.364400 0.637200 0.052100 0.112100
0 0.229200 0.452900 0.055400 0.170200
0 0.681300 0.026700 0.030400 0.052700
0 0.193762 0.679433 0.081600 0.209800
0 0.027800 0.761200 0.053200 0.274800
0 0.133400 0.482400 0.032700 0.150900
0 0.352100 0.505900 0.024700 0.077600
0 0.360600 0.545900 0.039000 0.143500
0 0.391100 0.606500 0.044200 0.135400
0 0.174000 0.858400 0.058100 0.162900
0 0.746000 0.004800 0.017700 0.008400
0 0.466016 0.569444 0.061719 0.105556
25 0.524219 0.427778 0.234375 0.150000
25 0.466406 0.310417 0.212500 0.134722
56 0.115625 0.888194 0.048437 0.187500
56 0.169141 0.893056 0.046094 0.172222
56 0.458594 0.692361 0.081250 0.131944
56 0.191406 0.735417 0.078125 0.131944
56 0.299219 0.504861 0.064062 0.115278
60 0.081641 0.810417 0.105469 0.220833
