56 0.161000 0.915900 0.062500 0.104100
25 0.322100 0.703700 0.224600 0.166100
0 0.768000 0.048400 0.022700 0.096800
0 0.351100 0.340500 0.033800 0.090900
0 0.435200 0.305900 0.025200 0.052500
0 0.160800 0.796800 0.046000 0.128000
0 0.022100 0.698900 0.040100 0.115500
0 0.175506 0.868311 0.050600 0.162200
0 0.664100 0.168800 0.026500 0.053800
0 0.663900 0.194900 0.024200 0.119900
60 0.035547 0.947917 0.069531 0.104167
56 0.255469 0.936806 0.067188 0.109722
56 0.330469 0.804861 0.065625 0.101389
56 0.090234 0.770833 0.049219 0.105556
25 0.258203 0.585417 0.205469 0.134722
0 0.261328 0.836111 0.060156 0.119444
0 0.212500 0.767361 0.037500 0.079167
