7 0.299700 0.092800 0.186200 0.162900
7 0.105200 0.176900 0.078800 0.125100
2 0.459700 0.293800 0.096600 0.089900
2 0.334300 0.302500 0.096300 0.087300
2 0.904600 0.054300 0.068300 0.071900
0 0.660200 0.299000 0.019700 0.091900
0 0.927100 0.144800 0.019100 0.070700
0 0.245600 0.613700 0.026300 0.061300
0 0.504400 0.448700 0.018700 0.064200
0 0.954700 0.147300 0.016500 0.072600
0 0.520000 0.444900 0.022300 0.057600
0 0.136300 0.619500 0.021500 0.084800
0 0.161900 0.646400 0.026800 0.090700
0 0.242700 0.049800 0.017000 0.060100
0 0.981700 0.132900 0.018000 0.066200
0 0.990600 0.131400 0.015000 0.066300
7 0.598437 0.021528 0.087500 0.037500
25 0.190625 0.945139 0.245312 0.109722
25 0.132031 0.859028 0.215625 0.115278
