7 0.175200 0.363600 0.190600 0.168500
7 0.482900 0.273300 0.087100 0.086000
2 0.526600 0.457000 0.088200 0.080800
2 0.867200 0.284000 0.061600 0.063100
2 0.720500 0.342100 0.060800 0.092400
2 0.761100 0.012000 0.045700 0.016400
0 0.583000 0.544900 0.020800 0.084400
0 0.017600 0.871700 0.027800 0.101000
0 0.758300 0.105800 0.013000 0.039000
0 0.036600 0.873100 0.023100 0.087400
0 0.309600 0.300300 0.016100 0.057900
0 0.831000 0.413700 0.020000 0.080600
0 0.342100 0.747300 0.018500 0.068000
0 0.157800 0.317300 0.018200 0.062800
0 0.862200 0.403100 0.016900 0.064600
0 0.574700 0.204900 0.019100 0.051400
0 0.361300 0.743000 0.022300 0.052200
0 0.440400 0.242100 0.015200 0.076100
0 0.838800 0.427000 0.010500 0.042200
0 0.435900 0.260700 0.010800 0.047000
0 0.558594 0.200694 0.014062 0.062500
0 0.547266 0.176389 0.011719 0.050000
