7 0.175300 0.384900 0.181900 0.176300
7 0.479600 0.288300 0.078000 0.081900
2 0.455900 0.515600 0.084800 0.082900
2 0.820500 0.324600 0.066000 0.065400
2 0.994600 0.224500 0.008400 0.045700
2 0.753700 0.036900 0.046300 0.032600
0 0.585900 0.558000 0.021500 0.082900
0 0.160000 0.335000 0.016400 0.066100
0 0.295200 0.321000 0.016800 0.060800
0 0.425400 0.284600 0.011100 0.056600
0 0.567400 0.223600 0.018800 0.054400
0 0.332000 0.770400 0.018200 0.063300
0 0.817500 0.447500 0.015900 0.065400
0 0.011400 0.895000 0.018400 0.130200
0 0.759800 0.126800 0.011100 0.040900
0 0.863700 0.418900 0.017400 0.059600
0 0.448600 0.242800 0.010900 0.033200
0 0.853600 0.440400 0.013400 0.037800
0 0.569200 0.224700 0.012700 0.035000
0 0.747100 0.122400 0.011400 0.041800
0 0.829800 0.414900 0.016600 0.056700
0 0.537300 0.212800 0.008000 0.032800
0 0.346600 0.769900 0.024700 0.056800
0 0.024300 0.893300 0.019900 0.105600
0 0.833400 0.447300 0.012000 0.042500
0 0.554800 0.223600 0.008700 0.028500
2 0.658984 0.391667 0.069531 0.102778
