7 0.166100 0.406200 0.188100 0.177500
2 0.943500 0.271700 0.041700 0.058800
7 0.482300 0.306600 0.071900 0.090000
2 0.736500 0.384100 0.064300 0.069400
2 0.303000 0.613200 0.095900 0.097500
2 0.754400 0.052800 0.041500 0.021800
0 0.595600 0.568500 0.018800 0.086800
0 0.833100 0.430700 0.017600 0.057700
0 0.961400 0.382300 0.014000 0.039100
0 0.411200 0.308300 0.015000 0.056100
0 0.011000 0.911200 0.019100 0.112700
0 0.802200 0.474900 0.015400 0.067000
0 0.276900 0.341700 0.016700 0.064700
0 0.871000 0.430600 0.014900 0.060900
0 0.815300 0.473600 0.016200 0.059300
0 0.303500 0.807200 0.019100 0.063900
0 0.027700 0.910500 0.020700 0.097300
0 0.845400 0.462800 0.013800 0.035100
0 0.759700 0.138100 0.011700 0.031500
0 0.323000 0.800500 0.025500 0.055000
0 0.553600 0.245800 0.014400 0.034700
0 0.746900 0.137600 0.011000 0.035100
0 0.841400 0.462900 0.012400 0.028500
0 0.168800 0.352100 0.018400 0.066800
0 0.971800 0.365200 0.009500 0.029700
2 0.555859 0.464583 0.064844 0.104167
