7 0.234400 0.258000 0.189900 0.171900
7 0.534400 0.164300 0.084700 0.085600
7 0.035500 0.358200 0.071600 0.131700
2 0.223600 0.549500 0.110900 0.101100
2 0.734300 0.270200 0.083100 0.078100
2 0.078000 0.567800 0.093100 0.093900
1 0.105200 0.285700 0.025900 0.058300
0 0.605900 0.457500 0.022100 0.083600
0 0.862600 0.308400 0.016400 0.069600
0 0.456800 0.136700 0.016300 0.056100
0 0.894700 0.309900 0.016900 0.063900
0 0.414100 0.628200 0.019300 0.068800
0 0.105700 0.274400 0.023100 0.071100
0 0.913500 0.307900 0.012800 0.047100
0 0.052500 0.773200 0.018500 0.108200
0 0.433400 0.621000 0.021700 0.051700
0 0.634900 0.097100 0.010800 0.045800
0 0.127600 0.816000 0.027900 0.051500
0 0.075300 0.776200 0.025400 0.086600
0 0.923800 0.306900 0.012200 0.037300
0 0.183600 0.215800 0.015800 0.058900
0 0.621500 0.096900 0.010200 0.046100
0 0.789763 0.015667 0.011300 0.019700
2 0.892187 0.181944 0.054688 0.086111
0 0.580859 0.080556 0.013281 0.058333
0 0.564062 0.084028 0.015625 0.062500
0 0.369141 0.184028 0.021094 0.070833
