7 0.193800 0.343400 0.180600 0.165500
2 0.767000 0.310500 0.064000 0.084700
7 0.490100 0.257300 0.081700 0.072200
2 0.587600 0.412400 0.084600 0.076900
2 0.908200 0.251300 0.063700 0.059800
2 0.016900 0.740100 0.033100 0.082400
0 0.581900 0.534700 0.021600 0.086900
0 0.022000 0.855200 0.024400 0.100300
0 0.043500 0.862800 0.022500 0.092600
0 0.833900 0.396900 0.017600 0.078300
0 0.160300 0.300600 0.018500 0.059700
0 0.868000 0.393700 0.017800 0.065000
0 0.758700 0.090600 0.012000 0.040000
0 0.356700 0.728300 0.020200 0.060700
0 0.585800 0.184000 0.012200 0.049900
0 0.849800 0.409500 0.020100 0.055600
0 0.368300 0.725500 0.027200 0.062700
0 0.322100 0.279000 0.015600 0.059300
0 0.571000 0.183700 0.009800 0.037900
0 0.443000 0.223900 0.015600 0.067000
0 0.441800 0.211500 0.011300 0.038500
0 0.767400 0.091300 0.009100 0.030500
7 0.013672 0.438194 0.024219 0.115278
0 0.549609 0.163889 0.016406 0.063889
