7 0.260900 0.195100 0.187200 0.186700
7 0.560088 0.096044 0.081600 0.081800
7 0.055000 0.290900 0.078600 0.126700
2 0.946700 0.107200 0.052500 0.079800
2 0.173900 0.466200 0.108900 0.087700
2 0.315800 0.453000 0.109800 0.094000
2 0.794300 0.191900 0.077500 0.076100
1 0.148700 0.209900 0.021300 0.064100
0 0.623000 0.399000 0.023500 0.092300
0 0.882400 0.247900 0.018500 0.068200
0 0.445200 0.560200 0.019900 0.062600
0 0.463300 0.556800 0.021400 0.052700
0 0.947500 0.244700 0.012800 0.050600
0 0.168600 0.739700 0.025100 0.055200
0 0.096900 0.727100 0.024800 0.093900
0 0.911200 0.251600 0.016600 0.066400
0 0.928700 0.247400 0.015300 0.056600
0 0.204900 0.157900 0.015900 0.057200
0 0.662900 0.034500 0.011000 0.039100
0 0.086400 0.772200 0.025200 0.113300
0 0.150700 0.199400 0.018500 0.070300
0 0.470000 0.081900 0.016600 0.055400
0 0.648600 0.035300 0.009800 0.035900
25 0.097656 0.944444 0.176563 0.102778
