7 0.161700 0.414800 0.179600 0.155600
7 0.471337 0.309400 0.091400 0.087800
2 0.252300 0.448900 0.084900 0.087900
2 0.914800 0.290400 0.059100 0.077000
2 0.541700 0.493300 0.095900 0.082800
2 0.799700 0.355000 0.051700 0.067100
2 0.292000 0.612600 0.088600 0.108500
2 0.745800 0.064900 0.049400 0.033600
1 0.883300 0.444200 0.012600 0.032500
1 0.872700 0.444900 0.017800 0.051400
0 0.618500 0.558200 0.020800 0.083200
0 0.777600 0.495800 0.021300 0.072700
0 0.855800 0.429600 0.013500 0.068800
0 0.768700 0.144000 0.012000 0.037200
0 0.387900 0.320000 0.015900 0.055400
0 0.784400 0.495300 0.018200 0.063500
0 0.535800 0.260000 0.013100 0.036800
0 0.883200 0.427100 0.014200 0.059500
0 0.024400 0.916800 0.019400 0.090600
0 0.009500 0.914500 0.015400 0.110400
0 0.555500 0.224700 0.011700 0.040100
0 0.813800 0.486900 0.013600 0.034800
0 0.568300 0.214600 0.011700 0.041300
0 0.758200 0.143700 0.010800 0.038700
0 0.060000 0.397800 0.017300 0.062400
0 0.192600 0.348400 0.015000 0.060900
0 0.882900 0.414700 0.010600 0.035400
0 0.271000 0.835500 0.024300 0.063300
