0 0.526200 0.258000 0.010700 0.040200
7 0.161900 0.410000 0.171200 0.164300
7 0.474844 0.306900 0.078100 0.077600
2 0.479500 0.528800 0.095300 0.088300
2 0.322100 0.417700 0.078000 0.085100
2 0.875700 0.313700 0.062300 0.075600
2 0.757000 0.378600 0.058900 0.070300
2 0.197500 0.663500 0.099500 0.124200
2 0.742300 0.065700 0.049800 0.035100
0 0.626600 0.555000 0.020800 0.083200
0 0.773200 0.501800 0.021600 0.069800
0 0.803700 0.492900 0.015000 0.041400
0 0.381600 0.325500 0.015400 0.055900
0 0.885500 0.427600 0.013700 0.064800
0 0.025800 0.917200 0.018900 0.093000
0 0.860900 0.427400 0.015800 0.062900
0 0.008000 0.913700 0.017900 0.096800
0 0.769900 0.143300 0.013000 0.039300
0 0.559200 0.227600 0.010900 0.044000
0 0.254600 0.845600 0.017500 0.063000
0 0.534900 0.260300 0.010300 0.038900
0 0.271200 0.839100 0.021000 0.051500
0 0.760600 0.143200 0.010800 0.039000
0 0.834400 0.473600 0.015700 0.032200
0 0.838500 0.461600 0.024000 0.054000
0 0.567400 0.223100 0.009900 0.038200
0 0.838300 0.429300 0.012500 0.037400
