7 0.160700 0.406400 0.179400 0.170000
7 0.475900 0.318500 0.070000 0.079100
2 0.463600 0.539300 0.092800 0.083600
2 0.341800 0.409300 0.079800 0.083800
2 0.737500 0.388100 0.052800 0.069800
2 0.862000 0.318900 0.060700 0.070600
2 0.168700 0.679900 0.100000 0.135100
2 0.742800 0.066300 0.048300 0.034400
0 0.628500 0.555300 0.020800 0.082600
0 0.861400 0.427400 0.016900 0.061100
0 0.887600 0.427600 0.014400 0.066300
0 0.774000 0.503300 0.018200 0.062300
0 0.380200 0.325300 0.014700 0.057200
0 0.008700 0.914800 0.019400 0.098500
0 0.801000 0.496000 0.014800 0.040900
0 0.559600 0.228300 0.011700 0.040200
0 0.770700 0.143300 0.013500 0.044500
0 0.762100 0.504800 0.014100 0.069600
0 0.024500 0.917400 0.020100 0.093300
0 0.254600 0.846300 0.019200 0.061400
0 0.526800 0.260900 0.011900 0.041000
0 0.083400 0.383300 0.017600 0.045900
0 0.836000 0.476600 0.013800 0.028500
0 0.536000 0.261200 0.010200 0.037400
0 0.833700 0.458800 0.020700 0.060700
0 0.761700 0.138800 0.011900 0.042500
0 0.825300 0.445200 0.019200 0.061900
0 0.570800 0.223000 0.011500 0.036700
0 0.508600 0.257900 0.009500 0.028900
0 0.777600 0.503300 0.010700 0.040000
