7 0.174600 0.391500 0.188800 0.168700
7 0.479900 0.292500 0.082900 0.083400
2 0.986900 0.228300 0.022700 0.062200
2 0.635100 0.404700 0.062500 0.093700
2 0.419300 0.538900 0.089800 0.086600
2 0.800600 0.339900 0.067300 0.067100
2 0.752800 0.042400 0.050400 0.031800
0 0.588200 0.564600 0.019600 0.088900
0 0.290700 0.325500 0.017200 0.061900
0 0.011700 0.898300 0.019700 0.116300
0 0.849400 0.447000 0.014700 0.038100
0 0.758600 0.129100 0.012000 0.039700
0 0.863500 0.423700 0.014800 0.058500
0 0.321700 0.783300 0.021400 0.064700
0 0.566500 0.227300 0.011400 0.044100
0 0.830700 0.414600 0.013900 0.050800
0 0.024900 0.897700 0.019500 0.097900
0 0.161000 0.334700 0.015800 0.063500
0 0.556700 0.226900 0.011000 0.040500
0 0.420600 0.289600 0.009700 0.045500
0 0.810800 0.456000 0.015100 0.061300
0 0.340400 0.776800 0.022000 0.052400
0 0.450500 0.245500 0.011100 0.039900
0 0.747000 0.128400 0.010600 0.042200
0 0.541800 0.224900 0.008300 0.033800
0 0.991500 0.339600 0.014200 0.067000
0 0.823300 0.457800 0.011200 0.049900
0 0.992900 0.352100 0.009600 0.039300
