56 0.210400 0.823900 0.050900 0.113200
25 0.363800 0.606800 0.222600 0.181100
0 0.431600 0.239600 0.032700 0.098800
0 0.511600 0.209800 0.024800 0.059100
0 0.247175 0.772967 0.045500 0.150200
0 0.722900 0.081100 0.021400 0.060800
0 0.041044 0.837178 0.062100 0.164900
0 0.197400 0.677700 0.021000 0.064900
0 0.736900 0.074300 0.025300 0.045100
0 0.063787 0.616989 0.054700 0.150900
0 0.244531 0.674306 0.082813 0.073611
0 0.316797 0.738889 0.052344 0.108333
25 0.314844 0.497222 0.206250 0.127778
56 0.317578 0.868750 0.072656 0.159722
56 0.145313 0.683333 0.048437 0.113889
56 0.039062 0.925000 0.075000 0.122222
60 0.091406 0.890972 0.078125 0.143056
