7 0.318200 0.068000 0.218000 0.132700
7 0.122500 0.137700 0.076200 0.132100
2 0.385900 0.246700 0.092400 0.085800
2 0.511300 0.240300 0.105200 0.085400
2 0.944000 0.019400 0.072000 0.041300
0 0.675400 0.263000 0.021900 0.097700
0 0.945800 0.107500 0.019300 0.071600
0 0.274000 0.566700 0.025900 0.055300
0 0.973900 0.106400 0.017500 0.077200
0 0.151900 0.587000 0.022600 0.094500
0 0.192900 0.600200 0.025400 0.092100
0 0.525200 0.410200 0.017900 0.067700
0 0.256200 0.021400 0.014500 0.034800
0 0.036600 0.974400 0.054200 0.050700
0 0.084300 0.978100 0.062700 0.046100
25 0.214453 0.920139 0.241406 0.126389
25 0.149219 0.806250 0.212500 0.145833
