7 0.177000 0.360600 0.190000 0.168900
7 0.484900 0.267600 0.085900 0.090500
7 0.011981 0.443767 0.029100 0.147900
2 0.534200 0.452000 0.078700 0.082200
2 0.873300 0.279600 0.061000 0.066200
2 0.724900 0.341700 0.056900 0.084800
0 0.582500 0.543900 0.020200 0.086400
0 0.017700 0.870400 0.026400 0.104200
0 0.037700 0.872300 0.022500 0.089700
0 0.758600 0.104400 0.012400 0.042300
0 0.831500 0.415000 0.020100 0.078800
0 0.348900 0.744200 0.020800 0.067600
0 0.862400 0.400900 0.015500 0.061900
0 0.310500 0.299000 0.016700 0.053600
0 0.158500 0.317800 0.019800 0.064800
0 0.362400 0.741000 0.025100 0.054700
0 0.575100 0.200500 0.017800 0.051800
0 0.846500 0.424700 0.011200 0.041100
0 0.580600 0.200400 0.011000 0.036300
0 0.863400 0.417600 0.012500 0.031300
0 0.548828 0.177083 0.008594 0.059722
0 0.560547 0.195139 0.011719 0.054167
0 0.439844 0.213889 0.023438 0.027778
0 0.437109 0.259722 0.010156 0.052778
