7 0.174400 0.356100 0.182600 0.161500
7 0.489500 0.259500 0.080400 0.086200
7 0.010100 0.427200 0.026100 0.184600
2 0.743400 0.328100 0.063700 0.085500
2 0.560000 0.434600 0.080500 0.082000
2 0.892600 0.264000 0.061900 0.061600
2 0.769400 0.008000 0.035600 0.013600
0 0.582100 0.539200 0.021200 0.083800
0 0.020400 0.863900 0.027000 0.108100
0 0.041000 0.866400 0.024800 0.094500
0 0.316000 0.289700 0.017400 0.061500
0 0.351500 0.737400 0.019400 0.069500
0 0.759200 0.098900 0.010800 0.038400
0 0.158600 0.308900 0.016700 0.060600
0 0.830500 0.400900 0.018700 0.074900
0 0.864100 0.397900 0.017900 0.068600
0 0.583700 0.195900 0.014500 0.041400
0 0.848700 0.414800 0.020800 0.057300
0 0.369100 0.730400 0.021500 0.049600
0 0.568200 0.196500 0.010500 0.037300
0 0.284300 0.300600 0.012600 0.036000
0 0.553400 0.175700 0.011100 0.047300
0 0.439453 0.215278 0.013281 0.047222
0 0.445312 0.247917 0.014062 0.056944
