7 0.160800 0.407900 0.170500 0.169200
7 0.472900 0.319200 0.079000 0.078300
2 0.484600 0.526500 0.095800 0.084100
2 0.317300 0.419200 0.081100 0.086900
2 0.876800 0.313600 0.063700 0.074300
2 0.759100 0.373600 0.061200 0.076000
2 0.206700 0.654200 0.107700 0.134400
2 0.742300 0.065900 0.049200 0.036300
0 0.626500 0.554400 0.020200 0.081700
0 0.773900 0.501600 0.020400 0.069500
0 0.885400 0.428100 0.014800 0.067800
0 0.382700 0.325100 0.014300 0.055600
0 0.804200 0.491600 0.014200 0.046400
0 0.860600 0.427700 0.016600 0.065400
0 0.008000 0.914200 0.017600 0.098800
0 0.025700 0.917200 0.018800 0.093400
0 0.770000 0.143600 0.012400 0.039000
0 0.559300 0.227500 0.010100 0.041500
0 0.534700 0.261100 0.010300 0.039300
0 0.759100 0.143500 0.010100 0.037900
0 0.526500 0.257100 0.010400 0.039900
0 0.569200 0.214900 0.011000 0.041700
0 0.255700 0.846000 0.018800 0.063000
0 0.847800 0.473400 0.015100 0.026600
0 0.272000 0.838800 0.020600 0.050500
0 0.839700 0.460700 0.023600 0.057300
0 0.839500 0.429200 0.013700 0.034700
