60 0.143100 0.824600 0.069900 0.123700
56 0.262300 0.759100 0.049300 0.107700
25 0.415700 0.540100 0.216500 0.177800
1 0.497900 0.191700 0.027100 0.050500
0 0.575900 0.131500 0.026900 0.061900
0 0.502400 0.160900 0.033800 0.089000
0 0.079300 0.805000 0.083800 0.217700
0 0.116200 0.552578 0.054800 0.175400
0 0.776300 0.019700 0.018400 0.037800
0 0.245700 0.612800 0.025900 0.071100
56 0.357031 0.796528 0.073437 0.129167
56 0.073828 0.861806 0.053906 0.098611
56 0.191797 0.624306 0.049219 0.106944
25 0.359375 0.418750 0.201562 0.143056
0 0.364453 0.668056 0.063281 0.108333
0 0.287109 0.701389 0.046094 0.150000
0 0.263281 0.618750 0.032812 0.104167
0 0.308984 0.588194 0.053906 0.076389
0 0.069141 0.940972 0.083594 0.112500
