7 0.307100 0.080300 0.193100 0.155900
7 0.109700 0.167400 0.081400 0.125800
2 0.348700 0.285200 0.091800 0.084000
2 0.475600 0.282600 0.103100 0.090600
2 0.916400 0.041300 0.064700 0.068700
0 0.664100 0.287500 0.020800 0.087800
0 0.934200 0.136600 0.016600 0.069300
0 0.959300 0.135500 0.015700 0.073100
0 0.255900 0.598400 0.029700 0.051900
0 0.166000 0.632700 0.029000 0.098300
0 0.992200 0.121400 0.013200 0.070100
0 0.508200 0.440500 0.017500 0.070200
0 0.524400 0.433000 0.022800 0.053900
0 0.243900 0.038900 0.022300 0.060200
0 0.143700 0.616400 0.023600 0.092500
25 0.137109 0.827778 0.213281 0.133333
25 0.193750 0.930556 0.256250 0.122222
