60 0.054100 0.861400 0.105700 0.198000
56 0.329100 0.672000 0.052500 0.110900
0 0.606900 0.065400 0.030800 0.101700
0 0.677300 0.039500 0.026000 0.066500
0 0.148056 0.717922 0.084000 0.221600
0 0.191919 0.472800 0.061500 0.152800
0 0.316800 0.540900 0.025100 0.067400
0 0.356600 0.642200 0.047400 0.135600
0 0.328300 0.549300 0.046900 0.091500
0 0.423828 0.601389 0.072656 0.133333
0 0.141797 0.894444 0.069531 0.169444
25 0.488281 0.447222 0.242188 0.138889
25 0.419531 0.347917 0.182812 0.112500
56 0.427344 0.733333 0.078125 0.127778
56 0.144141 0.764583 0.066406 0.095833
56 0.067969 0.922917 0.046875 0.140278
56 0.129297 0.922917 0.038281 0.134722
56 0.257031 0.540972 0.043750 0.106944
60 0.207813 0.737500 0.076563 0.127778
