7 0.158000 0.409500 0.174700 0.164400
7 0.473100 0.319200 0.078400 0.077700
2 0.752000 0.380700 0.057500 0.076500
2 0.471900 0.534900 0.090900 0.083400
2 0.333100 0.412800 0.080900 0.082900
2 0.868700 0.317700 0.059900 0.065400
2 0.183800 0.672700 0.093300 0.124800
2 0.742200 0.066300 0.049700 0.035700
1 0.835000 0.474100 0.018000 0.031500
1 0.834100 0.459200 0.024800 0.055900
0 0.627100 0.555700 0.021400 0.083000
0 0.773900 0.502400 0.019700 0.067400
0 0.861600 0.426400 0.016900 0.060300
0 0.008400 0.913600 0.019000 0.098900
0 0.802900 0.494700 0.014000 0.044300
0 0.025200 0.916900 0.019400 0.092900
0 0.887100 0.426400 0.013300 0.062500
0 0.381000 0.324800 0.015300 0.056500
0 0.770300 0.143100 0.013300 0.044300
0 0.558900 0.229800 0.010300 0.038300
0 0.833700 0.447400 0.020900 0.058900
0 0.762300 0.503400 0.016300 0.072800
0 0.253800 0.846800 0.018400 0.062200
0 0.534900 0.260800 0.010000 0.043300
0 0.525600 0.259800 0.010600 0.044900
0 0.570800 0.214100 0.010600 0.041800
0 0.834500 0.444400 0.014600 0.037600
0 0.760400 0.143400 0.010200 0.039100
0 0.556600 0.236600 0.007700 0.023600
2 0.535156 0.103472 0.042188 0.048611
2 0.563281 0.093056 0.029687 0.033333
