25 0.279100 0.779200 0.216200 0.159900
2 0.678700 0.043600 0.092800 0.078900
2 0.566100 0.045600 0.087500 0.078100
0 0.733100 0.122900 0.021000 0.087000
0 0.290500 0.432600 0.030300 0.096400
0 0.378000 0.398200 0.025400 0.052800
0 0.112000 0.894900 0.051800 0.163800
0 0.604900 0.255600 0.019300 0.059400
0 0.617800 0.254200 0.025000 0.054900
0 0.145000 0.918700 0.056700 0.144300
0 0.232150 0.923800 0.047800 0.127600
0 0.175100 0.854400 0.028800 0.085200
7 0.193359 0.030556 0.072656 0.050000
25 0.219531 0.675694 0.209375 0.112500
