7 0.169400 0.406100 0.190900 0.170100
7 0.475000 0.309500 0.081300 0.067700
2 0.959100 0.261600 0.043700 0.058000
2 0.338300 0.595600 0.095500 0.095100
2 0.754700 0.372600 0.075400 0.064600
2 0.753300 0.050200 0.040800 0.025000
0 0.592700 0.568100 0.018300 0.089100
0 0.278500 0.338300 0.016600 0.063600
0 0.759400 0.137100 0.011200 0.036200
0 0.413500 0.305100 0.016900 0.055900
0 0.803600 0.471400 0.016700 0.065000
0 0.832300 0.430300 0.017500 0.057700
0 0.868700 0.431000 0.016000 0.062800
0 0.846300 0.459100 0.015800 0.031000
0 0.025700 0.908500 0.020600 0.098700
0 0.970600 0.366300 0.019100 0.050800
0 0.009700 0.910900 0.017000 0.114800
0 0.815300 0.471500 0.017300 0.060200
0 0.167100 0.349900 0.018200 0.070500
0 0.745800 0.136500 0.010500 0.038800
0 0.554900 0.242400 0.015500 0.040500
0 0.309000 0.800100 0.018700 0.067400
0 0.965800 0.381600 0.013800 0.028500
0 0.456300 0.255800 0.012400 0.040100
0 0.330000 0.792200 0.022500 0.046900
2 0.570703 0.450000 0.071094 0.097222
0 0.534766 0.223611 0.016406 0.075000
