56 0.178700 0.863600 0.053000 0.108800
56 0.074400 0.848200 0.041600 0.057700
25 0.340200 0.658500 0.217600 0.164700
1 0.385200 0.320500 0.029100 0.047600
0 0.384600 0.294600 0.037400 0.110500
0 0.180000 0.761900 0.042000 0.129400
0 0.789700 0.024200 0.022500 0.052000
0 0.470900 0.260400 0.025900 0.054700
0 0.682100 0.128300 0.019900 0.061900
0 0.037200 0.670500 0.054800 0.144900
0 0.020600 0.893900 0.038900 0.158200
0 0.206544 0.814744 0.041100 0.145400
0 0.241600 0.740700 0.026300 0.079700
0 0.696000 0.122500 0.025600 0.047900
0 0.285937 0.780556 0.057813 0.102778
25 0.285156 0.542361 0.200000 0.145833
56 0.289062 0.909028 0.075000 0.140278
56 0.114453 0.725000 0.055469 0.122222
56 0.356250 0.764583 0.051562 0.106944
