7 0.165400 0.406600 0.186600 0.174100
7 0.474100 0.316100 0.079700 0.066100
2 0.519500 0.482700 0.083500 0.094000
2 0.266300 0.636900 0.105300 0.101300
2 0.714500 0.397900 0.073900 0.070200
2 0.929900 0.280100 0.049700 0.064700
2 0.752900 0.058600 0.048500 0.033300
0 0.597700 0.569100 0.019500 0.086800
0 0.835900 0.433600 0.018200 0.067100
0 0.010900 0.913500 0.019200 0.119100
0 0.959100 0.384500 0.015400 0.040100
0 0.408500 0.310700 0.013500 0.056900
0 0.804600 0.477100 0.016800 0.061600
0 0.300400 0.808200 0.019100 0.066200
0 0.759500 0.143100 0.011100 0.038300
0 0.872200 0.430400 0.016400 0.060500
0 0.032200 0.912300 0.017900 0.093200
0 0.553500 0.253000 0.012200 0.035300
0 0.318500 0.804300 0.022400 0.054000
0 0.746800 0.145000 0.010600 0.035700
0 0.813900 0.477700 0.011500 0.042600
0 0.275400 0.348400 0.014300 0.065900
0 0.555000 0.214300 0.013500 0.037700
0 0.795200 0.475600 0.014400 0.071300
0 0.466500 0.254800 0.011300 0.034800
0 0.807400 0.474800 0.010000 0.041200
