7 0.197500 0.337700 0.186800 0.161500
7 0.502100 0.245900 0.084500 0.089400
7 0.017200 0.424500 0.043700 0.135000
2 0.613700 0.394500 0.083300 0.078600
2 0.932200 0.233300 0.057900 0.063600
2 0.048100 0.709900 0.075700 0.104000
0 0.832900 0.382500 0.014700 0.068400
0 0.584100 0.527000 0.022300 0.084100
0 0.026600 0.849300 0.025300 0.125400
0 0.853700 0.398100 0.018600 0.066800
0 0.366700 0.715700 0.019100 0.064100
0 0.768400 0.083300 0.012300 0.041900
0 0.384000 0.712600 0.021800 0.053700
0 0.162900 0.293000 0.019800 0.060000
0 0.330200 0.268700 0.014000 0.064500
0 0.587000 0.176600 0.011000 0.041900
0 0.442500 0.211400 0.012000 0.039600
0 0.048800 0.853400 0.020900 0.096000
0 0.597400 0.176000 0.010200 0.039800
0 0.760300 0.082600 0.011600 0.043600
0 0.869600 0.385000 0.015500 0.063400
0 0.042500 0.929400 0.029800 0.063300
0 0.867300 0.369100 0.010800 0.032100
0 0.876500 0.384500 0.017400 0.052400
0 0.575800 0.176500 0.009600 0.040200
0 0.864600 0.394300 0.018400 0.059400
2 0.784375 0.293750 0.064062 0.098611
