7 0.259100 0.163500 0.175200 0.165300
7 0.569506 0.063289 0.082100 0.088600
7 0.067700 0.259600 0.081400 0.128500
2 0.971400 0.071900 0.053400 0.069800
2 0.350300 0.409500 0.100200 0.102100
2 0.215400 0.421800 0.103600 0.090500
2 0.822700 0.153400 0.070400 0.082700
0 0.631800 0.372800 0.021900 0.089900
0 0.893300 0.223800 0.018600 0.074000
0 0.212200 0.129000 0.017500 0.057800
0 0.943400 0.220700 0.016800 0.059300
0 0.458300 0.534500 0.016800 0.068700
0 0.474200 0.053500 0.020900 0.055000
0 0.919800 0.221900 0.018400 0.070800
0 0.962300 0.214600 0.012400 0.047500
0 0.476300 0.526300 0.020800 0.051600
0 0.185000 0.706000 0.025800 0.057400
0 0.100600 0.735500 0.035200 0.121800
0 0.104000 0.679900 0.023700 0.058300
25 0.101172 0.927778 0.192969 0.130556
