7 0.197600 0.339400 0.183200 0.157600
7 0.496300 0.246200 0.085700 0.086800
7 0.016500 0.424700 0.042000 0.128400
2 0.786000 0.296600 0.060800 0.083500
2 0.611500 0.397300 0.084700 0.079200
2 0.929100 0.236800 0.058800 0.058300
2 0.046400 0.710500 0.073900 0.101300
0 0.583800 0.528200 0.022000 0.087400
0 0.832500 0.383400 0.014100 0.067600
0 0.026000 0.850100 0.024000 0.123400
0 0.852000 0.398000 0.018100 0.067300
0 0.161400 0.293200 0.019600 0.061300
0 0.367200 0.716400 0.022100 0.062400
0 0.588500 0.177600 0.010300 0.039800
0 0.443400 0.212800 0.012400 0.037000
0 0.768200 0.084000 0.011700 0.037700
0 0.868600 0.385500 0.014400 0.064000
0 0.329800 0.270500 0.014900 0.062800
0 0.596100 0.178400 0.010600 0.037000
0 0.382300 0.713000 0.023200 0.052300
0 0.048600 0.853800 0.019800 0.095900
0 0.760200 0.083000 0.012300 0.042900
0 0.575000 0.176000 0.008800 0.036600
0 0.878000 0.385700 0.011000 0.036600
0 0.556200 0.162200 0.010100 0.042400
0 0.866900 0.370500 0.009900 0.030800
0 0.454800 0.226100 0.008500 0.028100
