60 0.211200 0.733900 0.067900 0.134300
56 0.325500 0.675100 0.054400 0.113400
0 0.604400 0.070700 0.029200 0.087600
0 0.150900 0.716856 0.086700 0.216800
0 0.674200 0.042600 0.024200 0.064700
0 0.180300 0.485400 0.050300 0.153700
0 0.308700 0.541400 0.021200 0.066600
0 0.356963 0.630700 0.051300 0.138500
0 0.324500 0.577300 0.043100 0.109900
0 0.418359 0.604861 0.049219 0.109722
0 0.138281 0.891667 0.075000 0.155556
25 0.480078 0.454167 0.232031 0.150000
25 0.428516 0.351389 0.200781 0.127778
56 0.423828 0.727083 0.074219 0.134722
56 0.068750 0.923611 0.032812 0.152778
56 0.126953 0.922222 0.046094 0.150000
56 0.146875 0.761806 0.075000 0.106944
56 0.259375 0.550694 0.056250 0.126389
60 0.053125 0.845139 0.090625 0.234722
