56 0.244700 0.769500 0.054100 0.108700
25 0.402000 0.552700 0.224100 0.173300
0 0.480200 0.185100 0.032900 0.097900
0 0.559900 0.150600 0.025400 0.057200
0 0.106800 0.577200 0.054000 0.157400
0 0.073400 0.815189 0.096100 0.206600
0 0.758800 0.028200 0.021800 0.057800
0 0.272600 0.733900 0.056600 0.144200
0 0.774800 0.025500 0.025900 0.046900
0 0.231000 0.629800 0.020700 0.067000
0 0.278906 0.613889 0.096875 0.075000
0 0.348047 0.690972 0.049219 0.118056
25 0.344531 0.434028 0.201562 0.165278
56 0.349219 0.813889 0.065625 0.138889
56 0.067578 0.871528 0.077344 0.129167
56 0.179688 0.634028 0.067188 0.109722
60 0.120703 0.836111 0.075781 0.138889
