7 0.195700 0.332700 0.186400 0.156300
7 0.020700 0.421500 0.046700 0.137300
7 0.502200 0.239300 0.082100 0.088300
2 0.627000 0.382200 0.071200 0.076400
2 0.059300 0.695200 0.104400 0.110600
2 0.940400 0.225700 0.059900 0.060300
0 0.585200 0.522800 0.021500 0.087200
0 0.835900 0.380200 0.016400 0.070800
0 0.333300 0.267300 0.014900 0.064100
0 0.026400 0.847100 0.025400 0.111000
0 0.370300 0.710300 0.018500 0.066800
0 0.164500 0.290300 0.021800 0.061100
0 0.582800 0.174900 0.010300 0.041100
0 0.598600 0.174700 0.011200 0.043300
0 0.443600 0.207600 0.012200 0.042700
0 0.857300 0.393300 0.015500 0.066300
0 0.878700 0.383300 0.016300 0.058000
0 0.387700 0.707000 0.023900 0.058800
0 0.771000 0.079800 0.010900 0.042000
0 0.865600 0.384600 0.016400 0.066800
0 0.761700 0.075900 0.011200 0.038500
0 0.559200 0.151400 0.010700 0.042500
0 0.868200 0.364300 0.010900 0.038200
0 0.585300 0.167100 0.009700 0.029400
0 0.049200 0.852500 0.022000 0.096600
2 0.798437 0.286806 0.060938 0.087500
