7 0.210200 0.286600 0.167400 0.159800
7 0.027800 0.390400 0.057300 0.125200
7 0.522500 0.192900 0.075600 0.086600
2 0.863600 0.217200 0.056200 0.084200
2 0.168000 0.599400 0.117700 0.104900
2 0.700000 0.314300 0.068700 0.076200
2 0.982500 0.162400 0.042300 0.071900
2 0.045000 0.616500 0.034500 0.071300
0 0.598900 0.482400 0.021400 0.092600
0 0.852800 0.338000 0.017000 0.067900
0 0.883800 0.341500 0.020100 0.067600
0 0.042200 0.802500 0.023200 0.108000
0 0.175800 0.246100 0.018200 0.063600
0 0.788300 0.034800 0.011300 0.041300
0 0.398400 0.660500 0.018200 0.067800
0 0.086700 0.308000 0.019500 0.066600
0 0.101400 0.854900 0.025500 0.052900
0 0.451200 0.164800 0.015600 0.056200
0 0.908100 0.336700 0.013300 0.041800
0 0.065400 0.807900 0.022100 0.088900
0 0.362100 0.222300 0.016900 0.073300
0 0.621000 0.128200 0.010100 0.043500
0 0.056200 0.807700 0.023700 0.092400
0 0.899200 0.339500 0.016100 0.054000
0 0.417600 0.653100 0.024000 0.050700
0 0.606900 0.126800 0.008900 0.045100
0 0.487100 0.167400 0.010600 0.028100
0 0.774400 0.035800 0.009700 0.036700
0 0.576100 0.104100 0.009700 0.035500
0 0.627500 0.129000 0.009700 0.047300
0 0.556641 0.115972 0.017969 0.054167
