7 0.157400 0.408600 0.187800 0.168700
7 0.477000 0.309800 0.068100 0.084000
2 0.202100 0.673700 0.115700 0.104300
2 0.678700 0.417800 0.071800 0.071400
2 0.904900 0.298900 0.053000 0.058400
2 0.048000 0.534200 0.100600 0.095300
2 0.744600 0.061100 0.049000 0.031400
0 0.601600 0.566100 0.019600 0.089100
0 0.873500 0.434500 0.017500 0.060800
0 0.839800 0.443000 0.016100 0.091100
0 0.290100 0.818400 0.022200 0.065500
0 0.010600 0.914200 0.020100 0.105400
0 0.946200 0.397000 0.014000 0.036700
0 0.760400 0.143000 0.012100 0.044000
0 0.793800 0.481000 0.014400 0.076100
0 0.026700 0.914800 0.020500 0.095100
0 0.936500 0.400100 0.014000 0.041700
0 0.404700 0.314300 0.010000 0.052200
0 0.803500 0.482100 0.018400 0.065500
0 0.310300 0.809100 0.022500 0.048900
0 0.556600 0.213600 0.012200 0.037400
0 0.550400 0.255900 0.010600 0.032900
0 0.793500 0.446700 0.009100 0.034100
0 0.178300 0.350400 0.017800 0.062700
2 0.984375 0.254861 0.028125 0.087500
2 0.475000 0.504861 0.079687 0.093056
