7 0.303900 0.086400 0.195000 0.161700
7 0.107200 0.169400 0.079200 0.127400
2 0.345600 0.292300 0.094800 0.086100
2 0.471800 0.284200 0.097900 0.091700
2 0.913000 0.044300 0.071000 0.067600
0 0.663200 0.290900 0.020600 0.089100
0 0.931500 0.138500 0.017200 0.074300
0 0.161800 0.638500 0.039600 0.112800
0 0.958100 0.138400 0.016300 0.070300
0 0.506100 0.441600 0.016900 0.064300
0 0.253100 0.601300 0.027000 0.051700
0 0.991100 0.128400 0.015100 0.069500
0 0.522000 0.441900 0.024700 0.063500
0 0.244600 0.042200 0.018900 0.058500
0 0.142800 0.604700 0.021800 0.072700
25 0.137109 0.831250 0.199219 0.134722
25 0.191016 0.945139 0.253906 0.101389
