7 0.158400 0.413200 0.185400 0.154100
2 0.244800 0.449100 0.091800 0.090700
2 0.918200 0.289300 0.059800 0.075500
2 0.548400 0.489800 0.090300 0.080200
2 0.803300 0.352300 0.052300 0.066200
2 0.297200 0.609200 0.087100 0.110700
2 0.745400 0.064800 0.050100 0.034000
1 0.884700 0.444200 0.013500 0.032100
1 0.879100 0.442900 0.024600 0.050700
0 0.618000 0.558400 0.020300 0.082300
0 0.777800 0.495900 0.022000 0.073100
0 0.855700 0.427400 0.013500 0.064400
0 0.768500 0.143800 0.011800 0.038500
0 0.785000 0.494600 0.020000 0.062900
0 0.388400 0.320500 0.014200 0.056800
0 0.814300 0.486700 0.014100 0.032800
0 0.883300 0.427400 0.014900 0.060300
0 0.535400 0.258900 0.013600 0.034800
0 0.758000 0.143800 0.010400 0.037800
0 0.567600 0.213900 0.011500 0.041600
0 0.555100 0.225700 0.010900 0.039700
0 0.009200 0.914600 0.014500 0.113300
0 0.024900 0.916400 0.019100 0.091700
0 0.270800 0.835900 0.022600 0.062600
0 0.884200 0.413900 0.010500 0.037500
0 0.284000 0.833500 0.026800 0.057700
7 0.470703 0.309722 0.088281 0.097222
