25 0.240400 0.852200 0.207600 0.194500
7 0.158700 0.068500 0.080000 0.127300
7 0.354600 0.024800 0.183400 0.050400
2 0.591100 0.142600 0.097400 0.081900
2 0.479500 0.146600 0.089400 0.081600
0 0.981400 0.038100 0.022700 0.069000
0 0.701900 0.193800 0.020800 0.089600
0 0.076300 0.934600 0.054100 0.110800
0 0.238200 0.520100 0.040100 0.102900
0 0.324700 0.480900 0.026900 0.055500
0 0.567500 0.333600 0.019500 0.063000
0 0.119700 0.944900 0.050900 0.097800
0 0.182300 0.524000 0.017800 0.108900
0 0.196200 0.976200 0.059300 0.046600
0 0.586688 0.361589 0.031700 0.137400
25 0.183984 0.730556 0.207031 0.133333
