56 0.151500 0.917300 0.051100 0.120800
56 0.337900 0.799000 0.051400 0.106400
25 0.320800 0.703600 0.210600 0.170900
1 0.348700 0.370500 0.028300 0.047700
0 0.432100 0.309300 0.025100 0.052700
0 0.766700 0.050800 0.023000 0.090000
0 0.346600 0.348800 0.034500 0.108900
0 0.152600 0.822900 0.045600 0.175400
0 0.664800 0.198200 0.026600 0.114600
0 0.651800 0.175900 0.019800 0.058000
0 0.180400 0.860400 0.052000 0.124600
0 0.022669 0.711522 0.035700 0.166100
0 0.258984 0.836111 0.057031 0.097222
0 0.208203 0.761806 0.071094 0.093056
25 0.254297 0.585417 0.196094 0.126389
56 0.255078 0.944444 0.071094 0.086111
56 0.085938 0.774306 0.053125 0.123611
60 0.038672 0.947222 0.071094 0.086111
