25 0.305900 0.662500 0.125100 0.106700
25 0.419900 0.928600 0.140400 0.118700
25 0.324700 0.767900 0.123200 0.111000
25 0.265300 0.887700 0.137400 0.113800
25 0.493800 0.682700 0.128500 0.094800
0 0.643800 0.605500 0.039800 0.174200
0 0.919700 0.621600 0.037400 0.166100
0 0.603000 0.599500 0.042300 0.172200
0 0.965900 0.629400 0.044900 0.180200
0 0.974900 0.941900 0.045100 0.100800
56 0.454297 0.782639 0.044531 0.065278
56 0.529688 0.843056 0.050000 0.072222
56 0.525000 0.768056 0.035937 0.050000
56 0.708594 0.899306 0.042188 0.079167
56 0.720703 0.813889 0.036719 0.055556
56 0.759375 0.956250 0.043750 0.051389
56 0.831250 0.961111 0.026563 0.075000
56 0.881641 0.945139 0.036719 0.076389
56 0.855078 0.887500 0.035156 0.088889
56 0.886719 0.838889 0.031250 0.055556
56 0.919141 0.877778 0.035156 0.080556
56 0.776563 0.850000 0.039062 0.072222
56 0.755859 0.898611 0.044531 0.063889
0 0.352734 0.904167 0.036719 0.150000
8 0.689453 0.050694 0.600781 0.098611
58 0.413672 0.707639 0.063281 0.248611
