25 0.351300 0.800600 0.106900 0.090400
25 0.365200 0.893300 0.116400 0.094900
25 0.515500 0.827700 0.110900 0.091500
25 0.321500 0.976100 0.145400 0.049800
0 0.616000 0.746600 0.036700 0.169300
0 0.929900 0.768800 0.039600 0.169100
0 0.650900 0.752300 0.033500 0.166000
0 0.888500 0.774000 0.034700 0.150400
0 0.134800 0.137300 0.024500 0.084400
0 0.225800 0.025100 0.023100 0.051600
0 0.199300 0.052100 0.025200 0.057000
0 0.180000 0.066300 0.024800 0.051400
0 0.025500 0.522800 0.027900 0.064400
0 0.010700 0.209900 0.017300 0.127000
56 0.832422 0.979167 0.021094 0.038889
56 0.863281 0.949306 0.023438 0.023611
56 0.900000 0.976389 0.023438 0.044444
56 0.766016 0.967361 0.019531 0.054167
56 0.715234 0.942361 0.027344 0.051389
56 0.701172 0.981250 0.021094 0.034722
56 0.479297 0.900000 0.022656 0.050000
56 0.545313 0.894444 0.031250 0.041667
56 0.039062 0.578472 0.046875 0.051389
56 0.057031 0.523611 0.025000 0.086111
56 0.550000 0.954167 0.046875 0.077778
8 0.755859 0.227778 0.488281 0.172222
58 0.452344 0.854167 0.059375 0.230556
25 0.078516 0.387500 0.157031 0.136111
