56 0.516400 0.792200 0.046000 0.131800
56 0.774700 0.803900 0.046600 0.120300
25 0.301300 0.702800 0.126000 0.117600
25 0.242000 0.829400 0.144900 0.120300
25 0.401900 0.868800 0.151300 0.122000
25 0.478200 0.613100 0.136400 0.101800
25 0.279000 0.584300 0.132700 0.103200
0 0.640400 0.527400 0.047000 0.171900
0 0.596900 0.522600 0.045800 0.188900
0 0.978400 0.550500 0.037200 0.182900
0 0.932000 0.548300 0.028900 0.185100
0 0.982600 0.911400 0.037600 0.172000
0 0.941800 0.979200 0.051300 0.044600
0 0.555600 0.982600 0.055200 0.035900
0 0.348200 0.966800 0.035900 0.065700
56 0.472266 0.966667 0.038281 0.063889
56 0.303125 0.956944 0.043750 0.083333
56 0.443359 0.726389 0.044531 0.094444
56 0.515234 0.708333 0.050781 0.075000
56 0.653125 0.983333 0.042188 0.033333
56 0.705469 0.840972 0.043750 0.090278
56 0.717188 0.760417 0.040625 0.079167
56 0.755469 0.837500 0.050000 0.077778
56 0.757422 0.905556 0.044531 0.072222
56 0.753516 0.965278 0.057031 0.066667
56 0.828516 0.970139 0.050781 0.056944
56 0.836328 0.918056 0.050781 0.094444
56 0.861328 0.832639 0.039844 0.104167
56 0.891406 0.886111 0.045313 0.097222
56 0.895703 0.775694 0.042969 0.048611
56 0.930469 0.818750 0.040625 0.098611
0 0.441406 0.963194 0.064062 0.070833
0 0.332422 0.843056 0.039844 0.144444
58 0.249219 0.937500 0.096875 0.122222
58 0.398047 0.642361 0.061719 0.262500
