56 0.709100 0.672500 0.104200 0.192200
56 0.318300 0.479800 0.066700 0.242800
56 0.826500 0.140100 0.057100 0.176900
56 0.785400 0.425500 0.085500 0.222300
56 0.570000 0.583400 0.092300 0.201500
56 0.956600 0.208100 0.074600 0.265600
56 0.394800 0.135800 0.087500 0.238500
56 0.730000 0.551500 0.079700 0.224900
56 0.792400 0.237100 0.080400 0.195200
56 0.697800 0.200300 0.104100 0.211300
56 0.911000 0.419800 0.096800 0.236500
56 0.206300 0.548000 0.101800 0.345800
56 0.036900 0.420900 0.067300 0.150800
56 0.615000 0.514500 0.051400 0.199300
25 0.532200 0.794100 0.313200 0.363600
25 0.898100 0.662000 0.212000 0.340300
25 0.204500 0.262300 0.245700 0.218200
0 0.337600 0.819500 0.066500 0.343100
0 0.486000 0.113700 0.075600 0.217200
0 0.597100 0.091500 0.075800 0.183600
0 0.919200 0.932900 0.063000 0.121700
0 0.879100 0.914700 0.057800 0.161100
56 0.090625 0.505556 0.093750 0.238889
56 0.725000 0.094444 0.087500 0.180556
56 0.800781 0.347917 0.100000 0.190278
56 0.909766 0.350000 0.113281 0.194444
0 0.076563 0.205556 0.067188 0.272222
0 0.272266 0.478472 0.086719 0.240278
0 0.125391 0.479861 0.097656 0.259722
25 0.028906 0.174306 0.056250 0.218056
