56 0.581900 0.681900 0.079400 0.143900
56 0.771500 0.542400 0.084600 0.195400
56 0.883900 0.547500 0.072500 0.150000
56 0.366500 0.577000 0.050600 0.191800
56 0.702900 0.732000 0.092000 0.210800
56 0.926100 0.326600 0.052100 0.170200
56 0.805200 0.288800 0.057200 0.198600
56 0.975200 0.329300 0.051500 0.192000
56 0.734200 0.643600 0.062100 0.156500
56 0.419000 0.143800 0.054300 0.123900
56 0.317000 0.145800 0.057000 0.109900
56 0.621500 0.604500 0.050200 0.178600
56 0.425400 0.234500 0.058100 0.155600
56 0.294200 0.674500 0.075100 0.228100
56 0.161100 0.636700 0.068800 0.158300
56 0.117200 0.517000 0.058100 0.123600
26 0.565700 0.256800 0.023800 0.051700
25 0.886900 0.740300 0.220400 0.288200
25 0.261200 0.391500 0.209600 0.211900
25 0.112100 0.109400 0.200900 0.158800
25 0.548300 0.833200 0.293000 0.298000
25 0.066300 0.298900 0.126300 0.176500
25 0.358200 0.093700 0.212400 0.169200
0 0.475000 0.335200 0.067600 0.297200
0 0.540200 0.320900 0.058300 0.304500
0 0.275400 0.881200 0.073800 0.228700
0 0.195200 0.576100 0.096400 0.224600
0 0.326300 0.510000 0.056200 0.134500
0 0.978200 0.946500 0.047200 0.098800
0 0.896200 0.955200 0.062600 0.088100
56 0.701563 0.331250 0.084375 0.170833
56 0.721094 0.234722 0.071875 0.144444
56 0.775391 0.338194 0.071094 0.143056
56 0.892969 0.452083 0.085938 0.181944
56 0.787500 0.457639 0.085938 0.170833
0 0.851562 0.932639 0.042188 0.131944
0 0.157813 0.331944 0.053125 0.241667
58 0.070703 0.596528 0.103906 0.390278
58 0.257031 0.150694 0.076563 0.165278
56 0.030859 0.690972 0.061719 0.229167
