56 0.704900 0.769900 0.079900 0.141700
56 0.583500 0.704000 0.077900 0.135500
56 0.805100 0.321200 0.053500 0.181100
56 0.361800 0.602800 0.077700 0.224100
56 0.772300 0.551600 0.070400 0.149400
56 0.925000 0.358900 0.051200 0.165800
56 0.882800 0.570100 0.073600 0.151500
56 0.425200 0.175500 0.053100 0.119500
56 0.327600 0.200900 0.069500 0.149500
56 0.175700 0.639500 0.061000 0.149800
56 0.733000 0.673800 0.063000 0.143500
56 0.428100 0.267400 0.067300 0.152900
56 0.972900 0.361400 0.052000 0.183300
56 0.134800 0.546300 0.049900 0.119200
56 0.351200 0.297400 0.079700 0.125600
56 0.704100 0.358000 0.055900 0.144400
25 0.892100 0.757400 0.221300 0.269900
25 0.128400 0.146600 0.192000 0.174100
25 0.068800 0.328000 0.137900 0.175500
25 0.272700 0.400300 0.198500 0.188700
25 0.553100 0.865800 0.269800 0.244100
25 0.368000 0.090500 0.195700 0.165900
0 0.473300 0.389000 0.067300 0.310400
0 0.538000 0.365800 0.061300 0.284000
0 0.273600 0.896600 0.056000 0.231300
0 0.197800 0.547700 0.058600 0.133000
0 0.898200 0.970900 0.061200 0.060700
0 0.977000 0.959100 0.041500 0.075900
56 0.783984 0.479167 0.066406 0.169444
56 0.882812 0.482639 0.087500 0.162500
56 0.634766 0.623611 0.086719 0.177778
56 0.724219 0.267361 0.065625 0.143056
56 0.771094 0.362500 0.071875 0.138889
56 0.298828 0.693056 0.086719 0.188889
0 0.172266 0.359722 0.057031 0.230556
0 0.330078 0.600694 0.078906 0.212500
0 0.854688 0.942361 0.043750 0.112500
58 0.077734 0.609722 0.107031 0.386111
58 0.266406 0.132639 0.090625 0.262500
56 0.035937 0.699306 0.071875 0.201389
