56 0.707300 0.677200 0.094100 0.221400
56 0.774500 0.478600 0.088900 0.211900
56 0.818000 0.195500 0.057000 0.180700
56 0.888900 0.481100 0.101800 0.186200
56 0.575200 0.636600 0.087600 0.135000
56 0.338100 0.514400 0.056200 0.196700
56 0.728200 0.604700 0.081500 0.239800
56 0.616800 0.543000 0.050500 0.190300
56 0.953600 0.270200 0.078400 0.249800
56 0.978700 0.296700 0.038100 0.206300
56 0.392600 0.170600 0.064700 0.148900
56 0.117500 0.547300 0.061700 0.147700
56 0.075400 0.457400 0.052300 0.126700
25 0.043500 0.209200 0.087000 0.181500
25 0.892800 0.705700 0.225300 0.343400
25 0.224900 0.297000 0.220500 0.204500
25 0.538600 0.784500 0.309700 0.383000
25 0.090100 0.051100 0.185000 0.096500
0 0.464900 0.169500 0.064200 0.314900
0 0.566400 0.151000 0.063900 0.309600
0 0.298100 0.848400 0.065500 0.321600
0 0.147100 0.513700 0.098600 0.252600
0 0.911900 0.944300 0.066800 0.106300
0 0.863300 0.921800 0.054900 0.149200
56 0.251953 0.633333 0.089844 0.197222
56 0.284766 0.087500 0.075781 0.172222
56 0.396484 0.082639 0.069531 0.165278
56 0.704687 0.244444 0.085938 0.186111
56 0.722266 0.149306 0.077344 0.162500
56 0.780078 0.257639 0.077344 0.154167
56 0.900391 0.390972 0.097656 0.173611
56 0.796484 0.388889 0.083594 0.175000
0 0.294531 0.510417 0.090625 0.220833
0 0.987500 0.928472 0.025000 0.140278
0 0.106641 0.259722 0.074219 0.269444
58 0.037500 0.552778 0.075000 0.391667
