56 0.707000 0.705000 0.097800 0.212500
56 0.578000 0.662700 0.083100 0.132700
56 0.772400 0.509500 0.084700 0.204000
56 0.355200 0.542500 0.058100 0.192000
56 0.413800 0.109300 0.052700 0.163800
56 0.820600 0.237500 0.047700 0.168800
56 0.730500 0.610800 0.076000 0.241900
56 0.100800 0.486100 0.055900 0.140700
56 0.141300 0.578000 0.081500 0.216600
56 0.621300 0.573600 0.051300 0.183500
56 0.976600 0.299300 0.049300 0.216900
56 0.302400 0.108400 0.066700 0.144400
56 0.924300 0.297800 0.044800 0.187900
56 0.702600 0.292500 0.060800 0.155000
56 0.263600 0.639100 0.085500 0.244000
25 0.890700 0.724500 0.227300 0.323800
25 0.543300 0.831000 0.300300 0.301600
25 0.245300 0.332500 0.214000 0.205000
25 0.098000 0.084100 0.192500 0.172100
25 0.054200 0.260200 0.108500 0.188400
25 0.356300 0.010900 0.145600 0.024200
0 0.465000 0.266900 0.079000 0.317100
0 0.552300 0.237400 0.075200 0.297400
0 0.289300 0.867700 0.065800 0.276600
0 0.173400 0.520300 0.087500 0.218300
0 0.900200 0.950500 0.062500 0.095500
0 0.981000 0.943400 0.042400 0.105800
56 0.782422 0.311806 0.094531 0.165278
56 0.721875 0.190278 0.076563 0.161111
56 0.901953 0.425694 0.088281 0.168056
56 0.890234 0.525694 0.086719 0.148611
56 0.793750 0.425000 0.095312 0.194444
56 0.406250 0.201389 0.087500 0.169444
0 0.309375 0.537500 0.078125 0.213889
0 0.859766 0.925694 0.053906 0.145833
0 0.132422 0.283333 0.072656 0.250000
58 0.053125 0.575694 0.098438 0.362500
58 0.239063 0.116667 0.067188 0.136111
