56 0.840000 0.965300 0.026100 0.069000
25 0.340800 0.765300 0.117300 0.090500
25 0.357100 0.864900 0.115300 0.102400
25 0.509900 0.790600 0.117600 0.089800
25 0.303900 0.960100 0.133900 0.084800
25 0.450500 0.976700 0.140600 0.046400
0 0.649300 0.714700 0.034300 0.158300
0 0.611000 0.710400 0.040600 0.167400
0 0.933300 0.732600 0.039900 0.165400
0 0.897600 0.732700 0.032500 0.161100
56 0.030469 0.488889 0.042188 0.113889
56 0.545313 0.935417 0.048437 0.073611
56 0.476172 0.881250 0.038281 0.073611
56 0.535937 0.862500 0.037500 0.058333
56 0.706641 0.968056 0.036719 0.061111
56 0.715625 0.907639 0.034375 0.051389
56 0.769141 0.933333 0.041406 0.058333
56 0.751562 0.975000 0.037500 0.047222
56 0.900000 0.957639 0.028125 0.070833
56 0.873047 0.927083 0.035156 0.040278
0 0.389453 0.944444 0.039844 0.066667
8 0.738672 0.177778 0.522656 0.183333
0 0.106250 0.078472 0.025000 0.090278
58 0.442578 0.806944 0.067969 0.238889
25 0.068359 0.332639 0.136719 0.145833
