56 0.494500 0.646500 0.058300 0.139600
56 0.446700 0.892700 0.043900 0.149400
56 0.297300 0.916800 0.060200 0.143800
56 0.790800 0.671100 0.036100 0.138700
56 0.834700 0.857200 0.075200 0.138100
56 0.950200 0.702500 0.047600 0.138600
56 0.758800 0.866900 0.056500 0.136800
56 0.919400 0.629400 0.036600 0.042400
56 0.136700 0.889600 0.048100 0.134600
25 0.231800 0.419700 0.154400 0.117400
25 0.252100 0.546300 0.150900 0.127100
25 0.368700 0.768500 0.165600 0.190900
25 0.184400 0.705300 0.154000 0.168800
25 0.451300 0.491800 0.160000 0.194000
25 0.882800 0.958000 0.207800 0.083700
0 0.584700 0.348400 0.053200 0.209300
0 0.637300 0.352100 0.042200 0.195500
0 0.507000 0.852900 0.053700 0.162000
0 0.950100 0.381000 0.042400 0.182500
0 0.521800 0.918600 0.062100 0.159100
0 0.960000 0.871300 0.038700 0.073400
0 0.299300 0.862700 0.051100 0.114400
0 0.987000 0.365200 0.026800 0.237700
0 0.963800 0.942200 0.037000 0.071400
0 0.908600 0.908500 0.020000 0.023400
0 0.994300 0.399600 0.010400 0.194300
56 0.485547 0.565972 0.057031 0.090278
56 0.705469 0.704861 0.064062 0.115278
56 0.718359 0.620139 0.050781 0.095833
56 0.759766 0.694444 0.047656 0.094444
56 0.764453 0.786806 0.044531 0.101389
56 0.848047 0.807639 0.060156 0.140278
56 0.878906 0.686806 0.050000 0.115278
56 0.909766 0.752083 0.055469 0.120833
56 0.644531 0.889583 0.053125 0.093056
56 0.599609 0.961806 0.049219 0.073611
56 0.729688 0.925000 0.065625 0.108333
56 0.380469 0.944444 0.070312 0.111111
56 0.187891 0.959028 0.060156 0.079167
56 0.255078 0.845833 0.046094 0.116667
56 0.412891 0.573611 0.053906 0.088889
0 0.410547 0.886806 0.060156 0.165278
0 0.290234 0.682639 0.047656 0.123611
58 0.202734 0.872222 0.108594 0.252778
58 0.358594 0.483333 0.073437 0.288889
