56 0.320000 0.482300 0.068900 0.233300
56 0.815400 0.170500 0.071300 0.225400
56 0.709400 0.671700 0.103600 0.192900
56 0.569800 0.602000 0.094600 0.168000
56 0.393200 0.112300 0.088900 0.201900
56 0.898200 0.447700 0.108700 0.184900
56 0.786000 0.427300 0.091900 0.213200
56 0.957000 0.228800 0.072200 0.274200
56 0.730700 0.552400 0.076700 0.225200
56 0.086000 0.516200 0.090400 0.273800
56 0.699500 0.203700 0.100700 0.217000
25 0.530300 0.787100 0.315300 0.367500
25 0.894700 0.661600 0.213600 0.341300
25 0.206300 0.265000 0.235700 0.216800
0 0.332800 0.821800 0.064900 0.334600
0 0.589000 0.103500 0.067800 0.213900
0 0.487200 0.130300 0.068600 0.249400
0 0.869900 0.915300 0.059200 0.164400
0 0.920100 0.932800 0.061500 0.120000
56 0.225000 0.585417 0.117188 0.248611
56 0.043359 0.422222 0.086719 0.266667
56 0.724609 0.097917 0.086719 0.179167
56 0.782812 0.218056 0.120312 0.188889
56 0.909766 0.345833 0.107031 0.202778
56 0.798828 0.348611 0.107031 0.194444
56 0.625000 0.517361 0.106250 0.237500
25 0.031250 0.179167 0.062500 0.241667
0 0.265234 0.477083 0.092969 0.237500
0 0.132031 0.477778 0.107813 0.263889
0 0.079297 0.202778 0.072656 0.250000
