58 0.197588 0.875344 0.128500 0.243500
56 0.493800 0.642500 0.059700 0.139100
56 0.837300 0.860400 0.071400 0.128100
56 0.293700 0.917700 0.060200 0.134000
56 0.444200 0.891200 0.043200 0.161100
56 0.791600 0.667600 0.036200 0.140700
56 0.757500 0.881600 0.059400 0.122800
56 0.489700 0.541000 0.034200 0.054000
56 0.117200 0.886700 0.051300 0.125300
56 0.645100 0.880900 0.033800 0.071000
56 0.882200 0.700000 0.047100 0.139600
56 0.917200 0.737200 0.044500 0.124800
25 0.227800 0.412600 0.151500 0.118100
25 0.448200 0.445300 0.155400 0.121600
25 0.364000 0.739000 0.168500 0.150400
25 0.183400 0.681700 0.154700 0.130900
25 0.245300 0.541000 0.135900 0.120400
25 0.881500 0.954900 0.203800 0.088300
0 0.583000 0.340000 0.049800 0.203800
0 0.638800 0.347700 0.042000 0.196600
0 0.951700 0.370900 0.044700 0.176300
0 0.522300 0.916100 0.060700 0.166200
0 0.508500 0.855000 0.053400 0.165900
0 0.987200 0.361200 0.026800 0.230200
0 0.963200 0.866600 0.035700 0.073200
0 0.299900 0.859500 0.056500 0.112400
0 0.994500 0.398600 0.011300 0.193100
0 0.962300 0.932500 0.033400 0.069300
0 0.662300 0.944800 0.052800 0.104500
56 0.404687 0.563889 0.042188 0.097222
56 0.183984 0.940278 0.061719 0.108333
56 0.252734 0.853472 0.047656 0.123611
56 0.379687 0.955556 0.071875 0.086111
56 0.605078 0.960417 0.042969 0.076389
56 0.725000 0.933333 0.042188 0.102778
56 0.766406 0.778472 0.035937 0.070833
56 0.702344 0.702083 0.048437 0.112500
56 0.712500 0.602778 0.035937 0.066667
56 0.755469 0.688194 0.045313 0.087500
56 0.912109 0.631944 0.041406 0.075000
56 0.960156 0.682639 0.048437 0.112500
56 0.850000 0.786806 0.053125 0.098611
0 0.288281 0.664583 0.045313 0.101389
0 0.412109 0.880556 0.053906 0.163889
58 0.359375 0.482639 0.089062 0.295833
