58 0.328600 0.362500 0.121500 0.264300
56 0.486500 0.554200 0.062600 0.141400
56 0.423400 0.822700 0.048100 0.170100
56 0.794900 0.575200 0.039000 0.138100
56 0.271300 0.831500 0.057900 0.162400
56 0.761400 0.797600 0.058500 0.132800
56 0.605300 0.900300 0.065900 0.113700
56 0.889200 0.613200 0.042400 0.131600
56 0.082800 0.799700 0.054200 0.138400
56 0.771900 0.691100 0.028700 0.057000
56 0.390500 0.486600 0.050900 0.119100
56 0.356200 0.889200 0.087400 0.202800
56 0.233000 0.767800 0.043600 0.116200
56 0.975200 0.606500 0.036600 0.136400
56 0.933400 0.536000 0.038500 0.047000
25 0.151800 0.601500 0.182600 0.144800
25 0.348800 0.663200 0.169500 0.169500
25 0.201600 0.306000 0.158400 0.113300
25 0.882800 0.918300 0.222800 0.168800
25 0.221500 0.457200 0.178700 0.160400
25 0.433200 0.391500 0.180700 0.234000
25 0.604400 0.976100 0.205100 0.045900
0 0.575500 0.238000 0.056000 0.214000
0 0.965500 0.266100 0.042600 0.209200
0 0.630300 0.242900 0.041100 0.218800
0 0.510200 0.820600 0.060700 0.258000
0 0.524900 0.702600 0.044700 0.135200
0 0.978200 0.801400 0.043000 0.094900
0 0.288500 0.825700 0.086300 0.196500
0 0.979200 0.868400 0.036000 0.080500
56 0.639844 0.830556 0.057813 0.130556
56 0.917578 0.836806 0.030469 0.043056
56 0.848437 0.791667 0.070312 0.086111
56 0.857422 0.718056 0.055469 0.108333
56 0.925000 0.667361 0.050000 0.112500
56 0.766016 0.622222 0.064844 0.108333
56 0.705469 0.611111 0.065625 0.125000
56 0.716797 0.520139 0.050781 0.079167
56 0.474219 0.459028 0.054688 0.084722
56 0.146094 0.907639 0.067188 0.131944
56 0.739062 0.872222 0.048437 0.138889
0 0.698047 0.931944 0.044531 0.133333
0 0.716797 0.902083 0.036719 0.190278
0 0.265625 0.585417 0.040625 0.126389
0 0.400000 0.813194 0.062500 0.173611
58 0.174219 0.818750 0.104687 0.337500
