56 0.493800 0.640900 0.059800 0.140100
56 0.293100 0.917000 0.057800 0.132500
56 0.444800 0.890900 0.043000 0.161600
56 0.837000 0.858100 0.070800 0.127100
56 0.793100 0.665700 0.035700 0.136100
56 0.759100 0.865500 0.058000 0.130400
56 0.960194 0.688678 0.045400 0.134600
56 0.920200 0.621400 0.036100 0.046000
56 0.413500 0.581800 0.053100 0.122100
56 0.606000 0.957100 0.060200 0.085200
56 0.645300 0.892600 0.038800 0.104000
56 0.488600 0.540600 0.036100 0.056500
56 0.138900 0.889000 0.047800 0.120800
56 0.917500 0.735100 0.047600 0.126500
25 0.227500 0.410500 0.152600 0.122900
25 0.364400 0.736700 0.166500 0.151600
25 0.447300 0.443900 0.158000 0.123700
25 0.182700 0.680400 0.154200 0.128700
25 0.244600 0.539800 0.136200 0.120400
25 0.880500 0.954400 0.209100 0.089000
0 0.582800 0.338300 0.050300 0.202000
0 0.953100 0.369500 0.045600 0.175500
0 0.636400 0.339300 0.043300 0.200200
0 0.508700 0.856800 0.052400 0.174900
0 0.521900 0.914400 0.059400 0.168300
0 0.988200 0.357400 0.025000 0.236800
0 0.963600 0.864300 0.035600 0.073400
0 0.299900 0.858200 0.056700 0.113400
0 0.663000 0.944000 0.055100 0.107100
56 0.171875 0.950000 0.064062 0.097222
56 0.249609 0.845139 0.033594 0.095833
56 0.383984 0.959028 0.055469 0.079167
56 0.760938 0.702083 0.050000 0.093056
56 0.709766 0.704167 0.047656 0.125000
56 0.716016 0.609722 0.033594 0.075000
56 0.879687 0.688194 0.045313 0.118056
56 0.855078 0.795139 0.047656 0.106944
56 0.768359 0.777778 0.063281 0.094444
56 0.725391 0.920139 0.049219 0.101389
0 0.408203 0.878472 0.063281 0.168056
0 0.288281 0.670139 0.045313 0.112500
0 0.961719 0.931250 0.050000 0.068056
58 0.198047 0.868750 0.096094 0.259722
58 0.356250 0.489583 0.071875 0.312500
