58 0.199787 0.882633 0.124500 0.234700
56 0.300100 0.920700 0.060000 0.147500
56 0.449300 0.910900 0.048700 0.146700
56 0.494100 0.665600 0.051900 0.145600
56 0.788200 0.681200 0.036100 0.125700
56 0.957850 0.705033 0.045200 0.142000
56 0.757400 0.889600 0.057900 0.139700
56 0.137800 0.893500 0.049100 0.141400
56 0.413500 0.611000 0.051700 0.123100
56 0.491200 0.569900 0.032400 0.066700
56 0.873606 0.728178 0.058400 0.143600
25 0.190800 0.703600 0.156700 0.131400
25 0.237300 0.430600 0.146600 0.105100
25 0.371000 0.777100 0.172600 0.185900
25 0.256400 0.555600 0.142600 0.114500
25 0.451700 0.517200 0.158400 0.219700
25 0.883700 0.961200 0.214900 0.078800
0 0.584200 0.365300 0.050100 0.201600
0 0.636300 0.369700 0.046600 0.187500
0 0.948700 0.397200 0.045300 0.172700
0 0.512100 0.888000 0.053600 0.177500
0 0.986700 0.389900 0.026700 0.235600
0 0.959300 0.885000 0.036800 0.075800
0 0.535900 0.924100 0.062000 0.145400
0 0.302100 0.894000 0.052200 0.139300
0 0.278625 0.727478 0.050400 0.173300
0 0.959500 0.947900 0.035300 0.063800
0 0.640200 0.951900 0.051800 0.094700
0 0.993300 0.428500 0.012900 0.167900
56 0.600781 0.966667 0.042188 0.063889
56 0.642578 0.901389 0.047656 0.100000
56 0.723828 0.949306 0.066406 0.098611
56 0.841406 0.885417 0.056250 0.090278
56 0.850391 0.810417 0.053906 0.109722
56 0.769141 0.800694 0.039844 0.106944
56 0.762891 0.721528 0.050781 0.081944
56 0.707031 0.712500 0.056250 0.119444
56 0.714844 0.629861 0.042188 0.087500
56 0.916406 0.773611 0.046875 0.108333
56 0.910547 0.644444 0.052344 0.050000
56 0.385938 0.969444 0.060938 0.058333
56 0.186719 0.957639 0.054688 0.084722
56 0.257422 0.855556 0.035156 0.113889
0 0.414844 0.902778 0.054688 0.166667
58 0.364844 0.490972 0.071875 0.301389
