56 0.515100 0.790500 0.047900 0.129700
56 0.774100 0.802600 0.045600 0.119800
56 0.509100 0.696900 0.033200 0.052300
25 0.278500 0.581100 0.134800 0.102300
25 0.401700 0.868800 0.150900 0.125700
25 0.299400 0.699600 0.126700 0.115300
25 0.240300 0.827000 0.144100 0.120800
25 0.477400 0.609400 0.139200 0.102400
0 0.639300 0.522700 0.049300 0.175500
0 0.977800 0.547900 0.040600 0.184700
0 0.591500 0.521400 0.048200 0.192900
0 0.931700 0.543900 0.028700 0.185300
0 0.982200 0.901000 0.035800 0.182600
0 0.940000 0.977400 0.038500 0.046100
0 0.555900 0.981800 0.054600 0.038200
0 0.339000 0.966300 0.040100 0.069200
56 0.301172 0.952083 0.042969 0.090278
56 0.474609 0.972222 0.028906 0.052778
56 0.438281 0.711111 0.040625 0.077778
56 0.647656 0.980556 0.040625 0.036111
56 0.751562 0.960417 0.040625 0.076389
56 0.829297 0.970833 0.053906 0.055556
56 0.842188 0.910417 0.039062 0.087500
56 0.765625 0.900000 0.050000 0.069444
56 0.708203 0.833333 0.053906 0.105556
56 0.717578 0.765278 0.036719 0.080556
56 0.863672 0.828472 0.049219 0.112500
56 0.898438 0.882639 0.051562 0.109722
56 0.937500 0.829167 0.046875 0.113889
56 0.894922 0.767361 0.044531 0.045833
0 0.441406 0.959722 0.046875 0.072222
0 0.332812 0.846528 0.039062 0.162500
58 0.249219 0.930556 0.117188 0.136111
58 0.393750 0.641667 0.054688 0.255556
