56 0.521600 0.850300 0.041600 0.122300
25 0.417400 0.924900 0.140100 0.118100
25 0.491500 0.679100 0.129900 0.095700
25 0.303400 0.660800 0.126500 0.110900
25 0.321500 0.765100 0.126000 0.111700
25 0.262300 0.884100 0.137700 0.117900
0 0.643900 0.599500 0.040500 0.177400
0 0.601700 0.590000 0.042200 0.175600
0 0.920800 0.618500 0.037300 0.171600
0 0.964700 0.620000 0.043600 0.177900
56 0.451953 0.784722 0.039844 0.091667
56 0.520312 0.764583 0.045313 0.056944
56 0.705078 0.894444 0.044531 0.086111
56 0.716406 0.820833 0.029687 0.066667
56 0.751953 0.897222 0.038281 0.075000
56 0.773828 0.851389 0.033594 0.075000
56 0.752734 0.949306 0.033594 0.062500
56 0.833984 0.960417 0.038281 0.076389
56 0.885938 0.934722 0.042188 0.086111
56 0.854688 0.884028 0.034375 0.079167
56 0.885547 0.831944 0.033594 0.047222
56 0.923047 0.875000 0.041406 0.088889
0 0.979297 0.936806 0.038281 0.123611
0 0.351562 0.905556 0.034375 0.161111
8 0.685156 0.040278 0.607813 0.080556
58 0.267969 0.959722 0.089062 0.080556
58 0.412500 0.707639 0.071875 0.251389
