56 0.320200 0.481900 0.069600 0.232100
56 0.815800 0.169200 0.070100 0.227000
56 0.776400 0.445300 0.091400 0.214800
56 0.709300 0.670800 0.104100 0.191700
56 0.392700 0.137500 0.086700 0.223900
56 0.897800 0.447300 0.108600 0.181600
56 0.569700 0.601200 0.095200 0.166200
56 0.958000 0.207900 0.073500 0.264500
56 0.730300 0.552800 0.077400 0.226500
56 0.699300 0.203200 0.100800 0.218000
56 0.117400 0.484800 0.098300 0.267500
25 0.532300 0.789000 0.315700 0.363900
25 0.895200 0.661600 0.212300 0.343500
25 0.206300 0.263600 0.234100 0.214600
0 0.334300 0.820100 0.064700 0.338200
0 0.589600 0.101800 0.068100 0.209000
0 0.487700 0.130400 0.069300 0.241700
0 0.880000 0.913700 0.059400 0.163100
0 0.920300 0.932600 0.062300 0.119900
0 0.119500 0.458300 0.089700 0.251400
56 0.045313 0.434028 0.090625 0.273611
56 0.227344 0.598611 0.106250 0.227778
56 0.719531 0.105556 0.093750 0.197222
56 0.787500 0.214583 0.096875 0.184722
56 0.785937 0.343750 0.096875 0.190278
56 0.904688 0.347917 0.125000 0.201389
56 0.618750 0.507639 0.098438 0.198611
25 0.032422 0.177778 0.064844 0.241667
0 0.272266 0.475694 0.097656 0.234722
0 0.083594 0.201389 0.060938 0.258333
