56 0.474300 0.473700 0.057700 0.146200
56 0.417300 0.742300 0.040500 0.160800
56 0.237800 0.768600 0.055300 0.163000
56 0.798300 0.492000 0.042100 0.146000
56 0.858000 0.725400 0.065600 0.128400
56 0.601700 0.835400 0.072000 0.121800
56 0.370200 0.389100 0.044700 0.119100
56 0.981500 0.522500 0.036900 0.153000
56 0.704800 0.895100 0.072100 0.138400
56 0.760000 0.731800 0.060900 0.134500
56 0.895800 0.545500 0.045500 0.162100
56 0.946300 0.449100 0.040100 0.049500
56 0.460100 0.384800 0.048200 0.117200
26 0.551600 0.605000 0.015600 0.039800
25 0.324500 0.584700 0.182100 0.180600
25 0.128300 0.525700 0.163700 0.168500
25 0.880800 0.869100 0.218100 0.239800
25 0.195500 0.357800 0.182600 0.164800
25 0.171500 0.203100 0.168700 0.115900
25 0.413700 0.284000 0.182400 0.198700
25 0.575900 0.943700 0.271400 0.126600
0 0.627600 0.136700 0.046300 0.243900
0 0.567700 0.131200 0.056700 0.242900
0 0.976500 0.163700 0.043900 0.218000
0 0.497200 0.695200 0.064600 0.267700
0 0.535500 0.632500 0.043100 0.217500
0 0.786000 0.790700 0.050900 0.120300
0 0.259500 0.704200 0.055500 0.132300
56 0.344141 0.845139 0.077344 0.145833
56 0.202734 0.702778 0.061719 0.169444
56 0.112500 0.844444 0.075000 0.158333
56 0.056641 0.718056 0.066406 0.166667
56 0.700391 0.523611 0.063281 0.119444
56 0.768750 0.545833 0.067188 0.113889
56 0.723047 0.440972 0.053906 0.101389
56 0.946875 0.594444 0.051562 0.116667
56 0.873438 0.644444 0.081250 0.144444
56 0.782812 0.646528 0.065625 0.140278
56 0.642578 0.763889 0.071094 0.150000
56 0.726953 0.787500 0.071094 0.155556
0 0.777344 0.895139 0.059375 0.206944
0 0.256250 0.958333 0.075000 0.083333
0 0.238281 0.515972 0.059375 0.148611
0 0.374219 0.742361 0.076563 0.187500
0 0.984375 0.716667 0.031250 0.072222
0 0.986328 0.786806 0.027344 0.073611
58 0.151562 0.761806 0.101562 0.329167
58 0.321875 0.283333 0.085938 0.325000
