25 0.516500 0.829500 0.108600 0.089900
25 0.353400 0.804500 0.111900 0.086600
25 0.367500 0.895900 0.115300 0.088100
25 0.323200 0.978000 0.144200 0.046700
0 0.650700 0.754700 0.033800 0.158500
0 0.615800 0.753600 0.039700 0.166200
0 0.928600 0.773500 0.035700 0.168000
0 0.889200 0.778000 0.036500 0.151700
0 0.229100 0.028100 0.024300 0.059300
0 0.200300 0.059300 0.026200 0.056200
0 0.017300 0.213700 0.029100 0.095700
0 0.181300 0.073600 0.024900 0.057100
0 0.135300 0.120500 0.015700 0.034600
56 0.040234 0.590278 0.030469 0.069444
56 0.060547 0.540278 0.032031 0.091667
56 0.483984 0.921528 0.030469 0.070833
56 0.549219 0.895833 0.031250 0.044444
56 0.700781 0.979861 0.023438 0.037500
56 0.712109 0.943056 0.024219 0.050000
56 0.765625 0.968750 0.023438 0.043056
56 0.860156 0.963194 0.031250 0.043056
56 0.896875 0.978472 0.023438 0.043056
56 0.553125 0.961111 0.035937 0.063889
8 0.753125 0.240278 0.493750 0.191667
58 0.447656 0.851389 0.057813 0.219444
25 0.057031 0.295833 0.114063 0.130556
25 0.085156 0.393056 0.170312 0.138889
