25 0.328100 0.727700 0.113200 0.101100
25 0.288200 0.941600 0.130200 0.112600
25 0.346100 0.827900 0.116000 0.105100
25 0.502700 0.757300 0.122300 0.105700
25 0.434700 0.961100 0.136500 0.083200
0 0.648200 0.672900 0.037100 0.164600
0 0.606500 0.666500 0.038600 0.171000
0 0.947500 0.694200 0.037400 0.165200
0 0.904600 0.691200 0.029400 0.163000
0 0.960000 0.965500 0.041700 0.067100
56 0.541016 0.903472 0.038281 0.073611
56 0.529688 0.825694 0.029687 0.051389
56 0.471094 0.846528 0.039062 0.059722
56 0.705859 0.942361 0.038281 0.076389
56 0.720703 0.873611 0.033594 0.052778
56 0.754687 0.951389 0.032812 0.047222
56 0.776953 0.902778 0.046094 0.063889
56 0.844141 0.936806 0.027344 0.076389
56 0.878125 0.973611 0.039062 0.050000
56 0.875781 0.890278 0.035937 0.044444
56 0.914062 0.931944 0.037500 0.072222
56 0.010547 0.431250 0.021094 0.087500
0 0.380859 0.920139 0.039844 0.076389
8 0.725000 0.109722 0.550000 0.177778
58 0.431641 0.771528 0.072656 0.243056
25 0.056250 0.270833 0.112500 0.141667
