56 0.419000 0.761700 0.043900 0.168500
56 0.799900 0.509600 0.039800 0.141400
56 0.602300 0.853100 0.074500 0.118300
56 0.478400 0.480300 0.050100 0.142600
56 0.857600 0.734200 0.065300 0.138300
56 0.241900 0.795000 0.057700 0.141800
56 0.894000 0.548600 0.040400 0.148500
56 0.071500 0.734600 0.055200 0.150600
56 0.703800 0.893400 0.068100 0.124800
56 0.380400 0.417100 0.055000 0.124900
56 0.354200 0.853900 0.063900 0.167900
25 0.130400 0.532200 0.172800 0.152400
25 0.327300 0.594500 0.182700 0.164500
25 0.886000 0.895200 0.215600 0.203700
25 0.178300 0.226000 0.166600 0.127200
25 0.199700 0.368000 0.175500 0.163000
25 0.419500 0.329100 0.169500 0.263400
25 0.579100 0.946800 0.269700 0.116500
0 0.628900 0.159400 0.042600 0.239900
0 0.974300 0.182400 0.043000 0.217000
0 0.570200 0.151900 0.051000 0.236700
0 0.502900 0.714000 0.069700 0.265600
0 0.527000 0.639100 0.045200 0.183900
0 0.263300 0.763900 0.083600 0.207900
56 0.926562 0.783333 0.029687 0.055556
56 0.978906 0.531944 0.042188 0.127778
56 0.936328 0.603472 0.064844 0.120833
56 0.933984 0.463194 0.042969 0.048611
56 0.706250 0.550694 0.059375 0.137500
56 0.719531 0.457639 0.051562 0.098611
56 0.768359 0.555556 0.058594 0.105556
56 0.772656 0.647917 0.065625 0.109722
56 0.763672 0.731944 0.082031 0.150000
56 0.863672 0.656944 0.071094 0.136111
56 0.643359 0.754861 0.057031 0.101389
56 0.726562 0.795833 0.048437 0.108333
56 0.119531 0.852083 0.064062 0.137500
56 0.203125 0.704861 0.054688 0.143056
56 0.458984 0.390972 0.060156 0.126389
0 0.762109 0.899306 0.052344 0.198611
0 0.775391 0.797917 0.041406 0.118056
0 0.253906 0.965278 0.065625 0.066667
0 0.241406 0.518750 0.053125 0.134722
0 0.382422 0.750694 0.066406 0.190278
0 0.980078 0.726389 0.039844 0.075000
0 0.985547 0.795139 0.028906 0.059722
58 0.153906 0.776389 0.098438 0.333333
58 0.318750 0.306250 0.079687 0.326389
