58 0.061338 0.534111 0.098100 0.483400
56 0.579300 0.666500 0.084700 0.138000
56 0.703700 0.728800 0.097000 0.182400
56 0.772400 0.515300 0.067800 0.165900
56 0.816900 0.258600 0.050400 0.179700
56 0.361000 0.549800 0.051300 0.186200
56 0.417100 0.139500 0.053700 0.175100
56 0.307100 0.114600 0.064700 0.114200
56 0.924900 0.301300 0.045100 0.173100
56 0.733000 0.640200 0.065000 0.133400
56 0.977000 0.326600 0.048300 0.189700
56 0.147800 0.575400 0.079800 0.248300
56 0.621900 0.576400 0.050200 0.160700
56 0.106000 0.489900 0.057100 0.148900
56 0.417800 0.204400 0.055400 0.163200
26 0.569400 0.211000 0.023700 0.057200
25 0.888400 0.726100 0.212400 0.291700
25 0.103700 0.090000 0.199900 0.178800
25 0.544300 0.833200 0.295000 0.299100
25 0.058200 0.269200 0.120600 0.183600
25 0.253900 0.343600 0.208100 0.185600
25 0.362200 0.021100 0.231700 0.035200
0 0.473000 0.298000 0.070900 0.326000
0 0.544700 0.263400 0.065700 0.297400
0 0.285100 0.867700 0.059600 0.265400
0 0.900000 0.953500 0.062300 0.088500
0 0.978100 0.946100 0.045500 0.102800
0 0.857100 0.927400 0.053800 0.148600
56 0.703906 0.299306 0.076563 0.173611
56 0.777344 0.318056 0.079687 0.161111
56 0.722266 0.210417 0.069531 0.156944
56 0.888672 0.531944 0.100781 0.158333
56 0.899219 0.436806 0.084375 0.170833
56 0.790625 0.435417 0.084375 0.181944
56 0.275391 0.669444 0.091406 0.175000
0 0.144531 0.292361 0.064062 0.229167
0 0.314063 0.549306 0.087500 0.223611
0 0.183984 0.552778 0.089844 0.244444
58 0.251563 0.134722 0.082813 0.127778
