56 0.524100 0.859600 0.046000 0.131100
25 0.424700 0.942200 0.138500 0.114600
25 0.328200 0.788800 0.124600 0.115800
25 0.309600 0.676000 0.124400 0.097400
25 0.494300 0.701700 0.125200 0.095900
25 0.276000 0.898100 0.137000 0.110500
0 0.962800 0.642100 0.047400 0.177700
0 0.603500 0.615200 0.043700 0.172000
0 0.914200 0.640800 0.040000 0.168300
0 0.644800 0.627200 0.038800 0.179500
0 0.973900 0.945300 0.046900 0.096800
56 0.457031 0.798611 0.042188 0.083333
56 0.526563 0.791667 0.046875 0.069444
56 0.708203 0.912500 0.047656 0.086111
56 0.716797 0.840278 0.041406 0.072222
56 0.755469 0.910417 0.035937 0.068056
56 0.774219 0.868056 0.040625 0.080556
56 0.761719 0.975000 0.039062 0.047222
56 0.830859 0.974306 0.036719 0.045833
56 0.880469 0.940972 0.037500 0.073611
56 0.851562 0.898611 0.039062 0.080556
56 0.878516 0.851389 0.033594 0.061111
56 0.916406 0.887500 0.039062 0.077778
0 0.358203 0.913889 0.036719 0.150000
8 0.698047 0.068056 0.603906 0.136111
58 0.421875 0.727778 0.067188 0.252778
