56 0.862400 0.677500 0.071500 0.143500
56 0.460400 0.414000 0.062500 0.154600
56 0.598400 0.801300 0.074100 0.121300
56 0.396600 0.702000 0.050700 0.176400
56 0.764900 0.672700 0.064000 0.150800
56 0.800500 0.442900 0.043700 0.155400
56 0.897000 0.484000 0.044100 0.161200
56 0.358900 0.329700 0.053900 0.126200
56 0.228600 0.731400 0.061800 0.161400
56 0.957200 0.392900 0.048600 0.050200
56 0.702500 0.482400 0.055700 0.151400
56 0.452300 0.321700 0.047700 0.117700
56 0.324000 0.794100 0.081800 0.211800
56 0.023000 0.675900 0.041000 0.182500
25 0.886700 0.846800 0.201400 0.232100
25 0.173700 0.292900 0.185900 0.153500
25 0.101900 0.462900 0.186600 0.159000
25 0.308500 0.525300 0.204200 0.178100
25 0.409500 0.213800 0.178100 0.199900
25 0.143900 0.145700 0.180000 0.142100
0 0.559100 0.088300 0.060600 0.183200
0 0.494900 0.607800 0.067700 0.289300
0 0.979600 0.105800 0.040500 0.191100
0 0.627400 0.090300 0.043600 0.187200
0 0.258400 0.941900 0.063900 0.118600
0 0.536000 0.556900 0.049300 0.273600
0 0.235900 0.671500 0.057500 0.143000
56 0.084375 0.791667 0.065625 0.163889
56 0.176563 0.656250 0.056250 0.143056
56 0.719922 0.393750 0.050781 0.120833
56 0.766406 0.487500 0.059375 0.119444
56 0.948438 0.536111 0.048437 0.130556
56 0.986328 0.474306 0.027344 0.165278
56 0.869922 0.595833 0.075781 0.138889
56 0.774219 0.595833 0.068750 0.136111
56 0.637109 0.727778 0.060156 0.147222
56 0.732813 0.754167 0.070312 0.136111
56 0.704297 0.859028 0.064844 0.134722
0 0.848437 0.703472 0.034375 0.070833
0 0.219922 0.468056 0.060156 0.172222
0 0.366016 0.695139 0.071094 0.195833
58 0.139453 0.718750 0.085156 0.351389
58 0.306641 0.212500 0.080469 0.355556
