56 0.462800 0.425100 0.072700 0.152000
56 0.859100 0.693300 0.070600 0.131500
56 0.763000 0.697000 0.063100 0.150200
56 0.800700 0.455100 0.043100 0.153400
56 0.598000 0.805800 0.073900 0.131400
56 0.396900 0.710300 0.054900 0.174700
56 0.240100 0.729200 0.087400 0.197400
56 0.361400 0.362900 0.060800 0.149800
56 0.704900 0.855200 0.089100 0.199600
56 0.895300 0.515000 0.049200 0.168000
56 0.452900 0.335200 0.049300 0.108500
56 0.725200 0.798000 0.075600 0.240900
56 0.775800 0.572900 0.035500 0.061200
56 0.949500 0.544700 0.052900 0.148800
26 0.551800 0.538000 0.024900 0.050800
25 0.178800 0.305200 0.190400 0.155000
25 0.887800 0.855700 0.210500 0.241000
25 0.315300 0.536300 0.185400 0.167900
25 0.106900 0.478400 0.191400 0.153200
25 0.410200 0.243300 0.174800 0.231300
25 0.152800 0.159400 0.180800 0.134400
25 0.572300 0.921200 0.274600 0.170000
0 0.980700 0.113700 0.039500 0.210800
0 0.566300 0.096400 0.076000 0.197400
0 0.627000 0.096800 0.041100 0.212500
0 0.494700 0.633700 0.066300 0.280400
0 0.535900 0.580900 0.050400 0.278900
0 0.257100 0.946500 0.067500 0.105200
0 0.256500 0.707600 0.093500 0.208400
56 0.044141 0.690278 0.066406 0.155556
56 0.089844 0.799306 0.078125 0.165278
56 0.183984 0.682639 0.055469 0.156944
56 0.335156 0.810417 0.073437 0.140278
56 0.701172 0.496528 0.052344 0.123611
56 0.718359 0.397222 0.041406 0.077778
56 0.761719 0.481944 0.040625 0.083333
56 0.941016 0.415278 0.039844 0.077778
56 0.987891 0.482639 0.024219 0.151389
56 0.876562 0.606944 0.060938 0.125000
56 0.639453 0.734028 0.052344 0.145833
0 0.830078 0.717361 0.044531 0.073611
0 0.368359 0.710417 0.074219 0.195833
0 0.225781 0.475000 0.051562 0.161111
58 0.138672 0.725000 0.107031 0.344444
58 0.303516 0.231944 0.097656 0.341667
