25 0.390500 0.956800 0.114100 0.078700
25 0.377600 0.870000 0.103100 0.075500
25 0.528600 0.891900 0.102900 0.081300
25 0.112600 0.489900 0.154800 0.096000
2 0.057000 0.142600 0.060700 0.086700
0 0.621100 0.820500 0.033200 0.153800
0 0.923700 0.840500 0.037500 0.158500
0 0.277500 0.131400 0.021000 0.072400
0 0.657300 0.825800 0.032000 0.138900
0 0.882800 0.841100 0.033700 0.143800
0 0.396000 0.049700 0.018000 0.063900
0 0.386700 0.050800 0.017500 0.065600
0 0.481200 0.023300 0.013100 0.027100
0 0.064800 0.324400 0.025300 0.100600
0 0.189300 0.209200 0.021800 0.061400
0 0.073700 0.615000 0.028100 0.060600
0 0.168500 0.223300 0.021300 0.058200
56 0.017188 0.653472 0.031250 0.059722
56 0.078516 0.659028 0.042969 0.059722
56 0.101953 0.614583 0.028906 0.073611
56 0.498828 0.971528 0.038281 0.054167
56 0.559766 0.966667 0.042969 0.052778
8 0.790234 0.345139 0.419531 0.198611
58 0.469141 0.909722 0.057031 0.177778
25 0.083984 0.406944 0.167969 0.091667
