56 0.464200 0.445100 0.072000 0.149300
56 0.861200 0.705200 0.064100 0.130200
56 0.601000 0.827700 0.076500 0.121300
56 0.799300 0.474300 0.043400 0.156100
56 0.763000 0.708000 0.059500 0.147100
56 0.395100 0.732400 0.052300 0.180000
56 0.706800 0.856700 0.092400 0.215200
56 0.237600 0.737700 0.060600 0.172300
56 0.894700 0.514600 0.043200 0.155100
56 0.363500 0.386000 0.059700 0.152700
56 0.702000 0.512700 0.057600 0.148700
56 0.198500 0.698500 0.047000 0.133400
56 0.724187 0.434956 0.069200 0.145000
56 0.728700 0.796700 0.059900 0.140800
25 0.317300 0.554700 0.179100 0.158600
25 0.190300 0.334800 0.168300 0.169300
25 0.115700 0.491000 0.193900 0.151100
25 0.881600 0.864700 0.216300 0.248600
25 0.160500 0.172200 0.179400 0.135800
25 0.574600 0.928500 0.255700 0.155700
25 0.415100 0.224800 0.186700 0.133700
0 0.627200 0.108500 0.043300 0.239000
0 0.566300 0.105800 0.056600 0.233300
0 0.978800 0.132100 0.044000 0.217400
0 0.497300 0.665800 0.060800 0.283500
0 0.537600 0.601700 0.048100 0.226900
0 0.808400 0.761400 0.043200 0.117900
0 0.262500 0.952800 0.094800 0.091000
56 0.458203 0.355556 0.060156 0.116667
56 0.112500 0.817361 0.084375 0.179167
56 0.339844 0.823611 0.071875 0.169444
56 0.050391 0.695139 0.069531 0.173611
56 0.637500 0.749306 0.056250 0.148611
56 0.866797 0.609028 0.057031 0.134722
56 0.945703 0.574306 0.044531 0.120833
56 0.942578 0.426389 0.039844 0.072222
56 0.984375 0.500694 0.031250 0.168056
56 0.769531 0.522917 0.082813 0.123611
56 0.776563 0.603472 0.051562 0.126389
0 0.794141 0.801389 0.041406 0.072222
0 0.228516 0.499306 0.050781 0.173611
0 0.370313 0.721528 0.065625 0.190278
0 0.260938 0.723611 0.079687 0.197222
0 0.987891 0.699306 0.024219 0.079167
0 0.990234 0.759722 0.019531 0.069444
58 0.150781 0.740972 0.092188 0.345833
58 0.300000 0.257639 0.095312 0.318056
