56 0.705500 0.832000 0.076100 0.136700
56 0.455600 0.363300 0.065600 0.159400
56 0.802100 0.395100 0.049700 0.156500
56 0.765100 0.638100 0.068200 0.149300
56 0.589900 0.764700 0.064900 0.132600
56 0.392300 0.667400 0.047800 0.172300
56 0.207500 0.702200 0.059000 0.154500
56 0.860800 0.637500 0.068400 0.130600
56 0.324500 0.768900 0.062400 0.174000
56 0.731100 0.736300 0.058200 0.148900
56 0.441400 0.271800 0.044800 0.110200
56 0.348700 0.273800 0.051900 0.102100
56 0.166500 0.611000 0.047900 0.121100
56 0.963800 0.346900 0.048100 0.050500
56 0.631900 0.701300 0.046800 0.179500
26 0.288500 0.926400 0.019400 0.043000
26 0.553100 0.446600 0.022400 0.054800
25 0.884500 0.828700 0.223800 0.260500
25 0.396400 0.177400 0.173600 0.240400
25 0.089400 0.417600 0.176200 0.164800
25 0.156600 0.240400 0.197400 0.160700
25 0.129800 0.085300 0.178100 0.133100
25 0.295300 0.475200 0.197400 0.173200
25 0.567700 0.899500 0.283400 0.204300
0 0.492700 0.543500 0.069200 0.307400
0 0.264200 0.923400 0.069000 0.151800
0 0.556800 0.065200 0.071700 0.133500
0 0.536100 0.484400 0.047300 0.243900
0 0.620400 0.064600 0.052900 0.141300
0 0.979900 0.078000 0.041200 0.158700
0 0.231100 0.668500 0.084600 0.209800
0 0.898300 0.667700 0.032700 0.058200
56 0.916797 0.430556 0.060156 0.161111
56 0.952344 0.494444 0.062500 0.144444
56 0.768750 0.445139 0.075000 0.134722
56 0.702344 0.434028 0.051562 0.137500
56 0.718750 0.335417 0.065625 0.123611
56 0.878516 0.554861 0.064844 0.162500
56 0.783203 0.561806 0.082031 0.156944
56 0.069141 0.749306 0.083594 0.209722
0 0.848047 0.969444 0.033594 0.058333
0 0.201953 0.438194 0.049219 0.212500
0 0.355078 0.664583 0.071094 0.201389
58 0.116406 0.680556 0.096875 0.361111
58 0.286719 0.169444 0.093750 0.338889
