56 0.771900 0.491700 0.084800 0.222600
56 0.705900 0.703600 0.098400 0.193200
56 0.819900 0.228200 0.048800 0.173800
56 0.576300 0.646600 0.080300 0.142000
56 0.352700 0.537900 0.049000 0.203000
56 0.731900 0.612200 0.067200 0.148200
56 0.620500 0.550100 0.053700 0.161500
56 0.087800 0.484600 0.058500 0.146100
56 0.978600 0.297200 0.044900 0.225100
56 0.149000 0.546900 0.084200 0.227200
56 0.410300 0.081600 0.052100 0.133200
56 0.701800 0.265700 0.059800 0.158900
56 0.929600 0.300700 0.082400 0.232700
56 0.298600 0.104300 0.067000 0.146200
25 0.889400 0.716200 0.225600 0.331500
25 0.051300 0.243100 0.099400 0.191600
25 0.242500 0.329600 0.213600 0.213100
25 0.098200 0.082100 0.191400 0.162000
25 0.544000 0.830500 0.298500 0.313500
0 0.465000 0.238800 0.081200 0.322100
0 0.555100 0.211200 0.073300 0.308300
0 0.289700 0.863500 0.058800 0.273800
0 0.861100 0.924500 0.056100 0.147500
0 0.902200 0.949500 0.063900 0.095800
0 0.977200 0.945200 0.045200 0.104700
0 0.166300 0.519900 0.084400 0.219000
56 0.263672 0.645139 0.092969 0.195833
56 0.780469 0.290278 0.085938 0.163889
56 0.718359 0.193056 0.077344 0.200000
56 0.888281 0.523611 0.098438 0.172222
56 0.902734 0.421528 0.092969 0.156944
56 0.793750 0.418750 0.106250 0.184722
56 0.412109 0.193056 0.066406 0.188889
0 0.301172 0.529861 0.102344 0.223611
0 0.128125 0.274306 0.065625 0.243056
58 0.046875 0.560417 0.093750 0.390278
58 0.236328 0.100694 0.061719 0.126389
