25 0.391000 0.956700 0.112900 0.079100
25 0.378000 0.870200 0.103800 0.070900
25 0.528800 0.893700 0.101000 0.080200
2 0.057000 0.148800 0.058500 0.086900
0 0.621700 0.823900 0.034300 0.156100
0 0.924400 0.846900 0.039800 0.164700
0 0.657500 0.828600 0.032100 0.140700
0 0.880900 0.847200 0.037500 0.145100
0 0.278900 0.135200 0.021300 0.076100
0 0.395500 0.051600 0.021200 0.064100
0 0.482600 0.028100 0.013100 0.029900
0 0.388000 0.053600 0.019200 0.066400
0 0.190100 0.211600 0.024200 0.054600
0 0.066800 0.331700 0.025000 0.104500
0 0.074700 0.616700 0.028500 0.059500
0 0.360800 0.055200 0.011200 0.038800
0 0.168400 0.225600 0.022500 0.060000
56 0.498828 0.970833 0.028906 0.052778
56 0.555078 0.965972 0.032031 0.056944
56 0.105859 0.634028 0.028906 0.084722
56 0.010937 0.656944 0.021875 0.066667
56 0.091016 0.669444 0.038281 0.072222
8 0.791406 0.347917 0.417188 0.187500
58 0.467187 0.911806 0.053125 0.173611
25 0.110156 0.484028 0.179688 0.112500
25 0.074219 0.405556 0.148438 0.086111
