25 0.377400 0.921700 0.110600 0.105300
25 0.360400 0.825000 0.105400 0.088800
25 0.517200 0.850600 0.114800 0.098400
25 0.326100 0.980400 0.148700 0.043900
2 0.137700 0.011600 0.074500 0.027600
0 0.617000 0.771900 0.035500 0.158500
0 0.651500 0.773900 0.033500 0.150200
0 0.927100 0.792500 0.037900 0.177800
0 0.883200 0.794400 0.035300 0.145400
0 0.241600 0.050100 0.021900 0.079300
0 0.200200 0.098900 0.023100 0.057200
0 0.180900 0.115900 0.022500 0.052300
0 0.041000 0.552500 0.027000 0.063900
0 0.023200 0.215300 0.024300 0.065000
0 0.152900 0.176100 0.022600 0.079400
56 0.054688 0.621528 0.045313 0.070833
56 0.069922 0.547222 0.028906 0.080556
56 0.488672 0.938194 0.036719 0.068056
56 0.546484 0.915972 0.033594 0.054167
56 0.556641 0.966667 0.041406 0.063889
56 0.716406 0.956250 0.025000 0.043056
56 0.768359 0.975694 0.024219 0.045833
56 0.860156 0.972222 0.029687 0.030556
8 0.764063 0.268750 0.471875 0.179167
58 0.459375 0.865972 0.053125 0.201389
25 0.058984 0.329861 0.117969 0.101389
25 0.086719 0.413194 0.173438 0.115278
