58 0.328200 0.362100 0.127500 0.257400
56 0.488100 0.554400 0.060200 0.140500
56 0.421800 0.822700 0.050400 0.168000
56 0.851500 0.796100 0.065500 0.125300
56 0.795900 0.576800 0.036900 0.136500
56 0.265200 0.856000 0.054400 0.123200
56 0.606100 0.913000 0.065500 0.110700
56 0.761200 0.798600 0.057100 0.131900
56 0.888400 0.613800 0.039400 0.134500
56 0.975600 0.607800 0.036100 0.137400
56 0.771500 0.691600 0.027100 0.058500
56 0.081000 0.801600 0.050500 0.138000
56 0.922700 0.666100 0.046400 0.146200
56 0.931900 0.556100 0.052900 0.094500
56 0.766500 0.643400 0.048000 0.119900
25 0.153500 0.602300 0.184900 0.149500
25 0.350500 0.664100 0.164800 0.171300
25 0.202500 0.316900 0.166900 0.129800
25 0.883200 0.918900 0.227700 0.166600
25 0.223000 0.457700 0.177300 0.161300
25 0.433300 0.393900 0.178300 0.228100
0 0.575500 0.240600 0.056100 0.216400
0 0.629500 0.243800 0.042500 0.214800
0 0.965300 0.271500 0.044100 0.214500
0 0.510200 0.822400 0.060000 0.256600
0 0.525500 0.706100 0.045300 0.131000
0 0.712700 0.895400 0.051500 0.162200
0 0.977600 0.802900 0.043800 0.094900
0 0.289000 0.823200 0.065400 0.171000
0 0.978800 0.869900 0.036000 0.079800
56 0.148438 0.900000 0.062500 0.136111
56 0.708984 0.620139 0.055469 0.123611
56 0.717969 0.526389 0.050000 0.083333
56 0.859766 0.717361 0.053906 0.109722
56 0.642187 0.834722 0.046875 0.138889
56 0.740234 0.867361 0.044531 0.134722
56 0.916016 0.835417 0.030469 0.031944
56 0.476562 0.455556 0.046875 0.077778
56 0.390625 0.480556 0.050000 0.105556
56 0.365625 0.908333 0.065625 0.147222
56 0.227344 0.775000 0.050000 0.125000
0 0.701563 0.933333 0.045313 0.130556
0 0.264844 0.583333 0.045313 0.116667
0 0.396484 0.811806 0.066406 0.179167
58 0.176563 0.824306 0.107813 0.334722
