58 0.202206 0.881533 0.117200 0.239600
56 0.495700 0.669000 0.059200 0.144500
56 0.451300 0.912800 0.052000 0.146200
56 0.301900 0.920800 0.060100 0.147600
56 0.951500 0.729200 0.047700 0.137700
56 0.787800 0.695700 0.037800 0.133500
56 0.683200 0.953100 0.069500 0.095000
56 0.836000 0.888200 0.070900 0.113800
56 0.138500 0.893400 0.045100 0.138200
56 0.643900 0.926900 0.037600 0.126000
56 0.917900 0.650300 0.037000 0.044300
56 0.414400 0.613800 0.051000 0.120700
25 0.240200 0.445000 0.147700 0.119300
25 0.192700 0.710300 0.155700 0.129300
25 0.256800 0.569900 0.149700 0.122500
25 0.371200 0.782200 0.175600 0.183700
25 0.454000 0.476000 0.150100 0.123500
25 0.883900 0.962500 0.217100 0.078600
0 0.584000 0.371900 0.051200 0.201800
0 0.638000 0.378500 0.043700 0.194500
0 0.511900 0.889600 0.051400 0.168600
0 0.948500 0.402500 0.046000 0.170000
0 0.985600 0.397000 0.029000 0.235800
0 0.536200 0.926700 0.060300 0.141700
0 0.303500 0.894500 0.053000 0.135700
0 0.958200 0.896200 0.049400 0.094100
0 0.961700 0.957300 0.037200 0.068600
0 0.322300 0.912300 0.063100 0.156000
56 0.490234 0.575000 0.049219 0.075000
56 0.257422 0.871528 0.038281 0.112500
56 0.176172 0.963889 0.057031 0.069444
56 0.605469 0.968056 0.045313 0.063889
56 0.727344 0.950694 0.042188 0.098611
56 0.757812 0.875000 0.051562 0.105556
56 0.765625 0.804167 0.040625 0.100000
56 0.848828 0.813194 0.044531 0.095833
56 0.877344 0.723611 0.039062 0.127778
56 0.908984 0.770833 0.041406 0.094444
56 0.721484 0.649306 0.053906 0.090278
56 0.755469 0.720139 0.056250 0.081944
56 0.703516 0.718056 0.047656 0.102778
0 0.417969 0.901389 0.048437 0.163889
0 0.292188 0.724306 0.043750 0.151389
58 0.380078 0.502778 0.082031 0.305556
