56 0.541900 0.914400 0.047100 0.130900
25 0.332900 0.738000 0.118600 0.092500
25 0.349300 0.851200 0.124900 0.118700
25 0.295200 0.950100 0.128400 0.100500
25 0.505500 0.763000 0.114100 0.090400
25 0.432500 0.965200 0.150500 0.070900
0 0.648900 0.690300 0.033800 0.171900
0 0.609100 0.681600 0.040200 0.169200
0 0.942500 0.705700 0.037300 0.167600
0 0.903500 0.706800 0.029800 0.160000
0 0.959200 0.972000 0.040600 0.054500
0 0.917200 0.702900 0.031700 0.158300
0 0.991600 0.980700 0.015900 0.038000
56 0.018359 0.446528 0.036719 0.104167
56 0.468359 0.856250 0.035156 0.070833
56 0.534375 0.843750 0.035937 0.051389
56 0.710156 0.960417 0.042188 0.073611
56 0.715625 0.883333 0.037500 0.050000
56 0.768359 0.914583 0.039844 0.062500
56 0.756641 0.967361 0.042969 0.062500
56 0.871875 0.975694 0.026563 0.045833
56 0.843359 0.945833 0.028906 0.072222
56 0.874219 0.896528 0.034375 0.037500
56 0.908203 0.936111 0.035156 0.066667
0 0.383594 0.922917 0.042188 0.070833
8 0.729688 0.136806 0.540625 0.179167
0 0.087891 0.048611 0.021094 0.080556
58 0.435547 0.781944 0.061719 0.252778
25 0.062109 0.293056 0.124219 0.141667
