56 0.320800 0.484600 0.070400 0.230900
56 0.395800 0.114800 0.092800 0.196400
56 0.571100 0.605900 0.093500 0.174300
56 0.708600 0.673000 0.106100 0.193700
56 0.776200 0.449500 0.092600 0.211200
56 0.896000 0.449900 0.107800 0.194500
56 0.957400 0.232900 0.072100 0.267000
56 0.815600 0.172200 0.073000 0.224200
56 0.107200 0.512300 0.089500 0.265300
56 0.699500 0.204700 0.101200 0.216900
56 0.731600 0.553100 0.074400 0.244200
56 0.724400 0.109600 0.054900 0.153800
25 0.534100 0.786800 0.312300 0.368200
25 0.894700 0.661300 0.214400 0.339800
25 0.209400 0.266800 0.233800 0.214000
25 0.028200 0.169600 0.057200 0.204800
25 0.334400 0.036700 0.115900 0.070200
25 0.078200 0.025400 0.165200 0.048900
0 0.325100 0.828600 0.078300 0.328000
0 0.585100 0.110400 0.067000 0.225100
0 0.486900 0.129900 0.066400 0.258100
0 0.870800 0.917200 0.056300 0.160300
0 0.921300 0.932200 0.061500 0.124500
0 0.131700 0.485400 0.095700 0.246200
56 0.785547 0.225694 0.089844 0.226389
56 0.793359 0.352778 0.089844 0.191667
56 0.916797 0.352778 0.107031 0.211111
56 0.623047 0.507639 0.103906 0.223611
56 0.229687 0.609028 0.103125 0.229167
56 0.046484 0.425694 0.092969 0.279167
0 0.086719 0.211111 0.067188 0.261111
0 0.276953 0.477778 0.100781 0.238889
