25 0.358800 0.822100 0.111100 0.092700
25 0.372500 0.918800 0.118300 0.107700
25 0.516900 0.850600 0.114300 0.105400
25 0.325600 0.980600 0.152400 0.042900
0 0.651300 0.769500 0.034600 0.149200
0 0.616400 0.764500 0.034600 0.162200
0 0.928100 0.788500 0.036400 0.175200
0 0.883200 0.790400 0.034700 0.145400
0 0.237000 0.040800 0.020600 0.082100
0 0.148100 0.163000 0.025700 0.087200
0 0.181800 0.103100 0.024900 0.056200
0 0.199900 0.088200 0.023000 0.055500
0 0.022100 0.227000 0.021800 0.082900
0 0.039800 0.544200 0.026800 0.059600
56 0.863281 0.970833 0.028125 0.038889
56 0.714063 0.957639 0.031250 0.045833
56 0.764063 0.975694 0.028125 0.045833
56 0.546875 0.914583 0.034375 0.045833
56 0.552344 0.966667 0.039062 0.055556
56 0.485156 0.927083 0.028125 0.059722
56 0.051953 0.615278 0.039844 0.061111
56 0.068359 0.550694 0.028906 0.084722
8 0.760547 0.258333 0.478906 0.194444
58 0.453125 0.861111 0.059375 0.236111
25 0.058203 0.319444 0.116406 0.102778
25 0.086719 0.402083 0.173438 0.131944
