56 0.464500 0.445800 0.070900 0.149600
56 0.601400 0.827100 0.077600 0.121800
56 0.860100 0.705300 0.067100 0.134900
56 0.800100 0.475400 0.043600 0.157400
56 0.761700 0.707900 0.062300 0.151400
56 0.398100 0.732000 0.052900 0.177000
56 0.244500 0.735700 0.080800 0.202100
56 0.896100 0.513100 0.046300 0.159000
56 0.944925 0.560711 0.074300 0.155100
56 0.195300 0.675300 0.051300 0.122000
56 0.949400 0.425700 0.041200 0.049200
56 0.707200 0.886700 0.071700 0.127400
56 0.703100 0.512800 0.056200 0.148900
56 0.360900 0.387700 0.057100 0.150400
56 0.345750 0.813167 0.102000 0.210700
56 0.456500 0.357900 0.050200 0.116700
26 0.552200 0.566500 0.024400 0.052700
25 0.190200 0.335200 0.169700 0.169000
25 0.317000 0.576900 0.175700 0.195000
25 0.116600 0.492500 0.193400 0.151700
25 0.881000 0.865400 0.212100 0.246800
25 0.161500 0.173100 0.181500 0.133600
25 0.575100 0.929600 0.258300 0.149700
25 0.415000 0.226900 0.186500 0.132700
0 0.627100 0.110900 0.042700 0.239000
0 0.566000 0.108600 0.065900 0.224300
0 0.978500 0.136600 0.044700 0.214400
0 0.497200 0.670200 0.059700 0.285700
0 0.537600 0.603200 0.047300 0.229100
0 0.263300 0.953200 0.093800 0.090200
0 0.807400 0.761600 0.046400 0.128700
0 0.256400 0.733900 0.091700 0.204600
56 0.108984 0.813194 0.091406 0.193056
56 0.056641 0.702083 0.077344 0.195833
56 0.637500 0.737500 0.064062 0.136111
56 0.730469 0.775694 0.073437 0.176389
56 0.876172 0.627778 0.066406 0.133333
56 0.780469 0.611806 0.068750 0.118056
56 0.763672 0.524306 0.066406 0.123611
56 0.713672 0.416667 0.057031 0.113889
56 0.984766 0.503472 0.030469 0.134722
0 0.794141 0.882639 0.041406 0.231944
0 0.229687 0.501389 0.054688 0.183333
0 0.372266 0.719444 0.071094 0.191667
0 0.987500 0.699306 0.025000 0.070833
0 0.987500 0.759722 0.025000 0.069444
58 0.147656 0.741667 0.095312 0.344444
58 0.306641 0.263194 0.094531 0.337500
