56 0.804500 0.338600 0.051000 0.160500
56 0.587400 0.729300 0.077200 0.122500
56 0.706000 0.792700 0.078600 0.135700
56 0.384100 0.615900 0.046800 0.185800
56 0.770600 0.579900 0.066400 0.156900
56 0.878600 0.579400 0.080500 0.188000
56 0.731600 0.698600 0.066000 0.142800
56 0.921500 0.386600 0.050800 0.159700
56 0.337200 0.231500 0.060800 0.142900
56 0.628300 0.642400 0.044900 0.169200
56 0.430500 0.206500 0.053500 0.110000
56 0.432700 0.298500 0.068800 0.148300
56 0.971500 0.289100 0.043100 0.053500
56 0.963600 0.423000 0.056400 0.171800
56 0.182900 0.669200 0.062500 0.141600
56 0.141600 0.550300 0.055400 0.137300
26 0.559000 0.352700 0.024100 0.060500
25 0.887100 0.781800 0.211600 0.258600
25 0.280400 0.425100 0.198200 0.173100
25 0.555900 0.880600 0.294000 0.237100
25 0.139300 0.176900 0.208000 0.165200
25 0.076600 0.359300 0.149600 0.166700
25 0.108500 0.043700 0.177800 0.101300
25 0.383200 0.099600 0.192200 0.191200
0 0.482200 0.444400 0.059700 0.306800
0 0.539200 0.411500 0.055300 0.286900
0 0.265800 0.901100 0.063600 0.190400
0 0.963900 0.637700 0.047100 0.056800
0 0.895700 0.976800 0.060900 0.046800
0 0.206000 0.615700 0.083600 0.223100
0 0.179000 0.334300 0.046400 0.104000
56 0.303906 0.722917 0.079687 0.176389
56 0.707812 0.382639 0.075000 0.156944
56 0.780078 0.406944 0.067969 0.152778
56 0.725391 0.286806 0.063281 0.129167
56 0.889844 0.507639 0.076563 0.151389
56 0.788672 0.507639 0.082031 0.165278
0 0.338281 0.614583 0.087500 0.209722
0 0.851953 0.954861 0.049219 0.090278
0 0.974609 0.962500 0.050781 0.069444
58 0.096484 0.633333 0.114844 0.375000
58 0.275391 0.145139 0.074219 0.281944
56 0.050391 0.720833 0.091406 0.197222
