56 0.545300 0.918100 0.046500 0.132100
25 0.352900 0.853500 0.116800 0.106800
25 0.335900 0.755100 0.114700 0.102200
25 0.298500 0.953200 0.123200 0.095200
25 0.508300 0.771300 0.118000 0.082400
25 0.443900 0.973200 0.151900 0.056400
0 0.650400 0.700700 0.033800 0.163100
0 0.610800 0.692800 0.035500 0.169300
0 0.901200 0.714600 0.028400 0.171900
0 0.941400 0.723600 0.035900 0.155000
0 0.960300 0.976000 0.056500 0.048200
56 0.021484 0.460417 0.033594 0.084722
56 0.473047 0.859722 0.035156 0.063889
56 0.534375 0.838889 0.029687 0.041667
56 0.705859 0.965972 0.033594 0.065278
56 0.715625 0.900000 0.031250 0.066667
56 0.769922 0.925000 0.035156 0.063889
56 0.748828 0.969444 0.039844 0.058333
56 0.843359 0.950694 0.035156 0.054167
56 0.866406 0.980556 0.035937 0.036111
56 0.871484 0.908333 0.033594 0.036111
56 0.905078 0.944444 0.030469 0.066667
0 0.380078 0.927778 0.033594 0.069444
8 0.731250 0.157639 0.537500 0.187500
0 0.094141 0.063889 0.022656 0.075000
58 0.437500 0.788194 0.064062 0.251389
25 0.064453 0.306944 0.128906 0.155556
