56 0.535437 0.861511 0.045500 0.131700
56 0.913400 0.914500 0.050600 0.128100
25 0.426700 0.946800 0.134000 0.104700
25 0.315100 0.691600 0.123800 0.115700
25 0.332800 0.796300 0.122200 0.113200
25 0.278200 0.912000 0.130700 0.121200
25 0.495900 0.710600 0.122400 0.092600
0 0.645500 0.632900 0.037600 0.169600
0 0.605300 0.628500 0.039800 0.171300
0 0.960700 0.650600 0.041900 0.171200
0 0.914500 0.649600 0.036400 0.165500
0 0.964200 0.951400 0.050800 0.092500
56 0.457031 0.813889 0.039062 0.091667
56 0.526172 0.788194 0.039844 0.051389
56 0.701953 0.923611 0.044531 0.091667
56 0.714844 0.840278 0.031250 0.061111
56 0.769531 0.866667 0.042188 0.072222
56 0.748047 0.910417 0.046094 0.070833
56 0.756641 0.973611 0.044531 0.050000
56 0.819141 0.975694 0.030469 0.045833
56 0.851562 0.909028 0.045313 0.093056
56 0.880469 0.949306 0.037500 0.076389
56 0.885938 0.858333 0.046875 0.061111
0 0.360547 0.920833 0.030469 0.136111
8 0.701563 0.077083 0.596875 0.154167
58 0.426953 0.731250 0.057031 0.254167
