56 0.774200 0.484400 0.090000 0.204600
56 0.706500 0.700500 0.098300 0.183500
56 0.575300 0.639200 0.085600 0.140900
56 0.821600 0.205500 0.054800 0.175900
56 0.886700 0.484600 0.100700 0.193700
56 0.333500 0.519500 0.076900 0.228400
56 0.732600 0.606400 0.068300 0.142300
56 0.619000 0.544900 0.052500 0.178100
56 0.147800 0.515000 0.085200 0.249500
56 0.979800 0.296300 0.039400 0.224900
56 0.082000 0.483100 0.061800 0.137500
56 0.397600 0.172400 0.069300 0.148100
56 0.703700 0.233500 0.085300 0.241200
56 0.290100 0.055600 0.058900 0.102500
56 0.789300 0.294200 0.066200 0.173800
56 0.951000 0.271800 0.081900 0.247200
56 0.739600 0.207600 0.093300 0.239800
56 0.400600 0.052500 0.057800 0.089900
25 0.044900 0.230000 0.092800 0.204000
25 0.233800 0.324500 0.214000 0.221500
25 0.893400 0.707300 0.223800 0.339800
25 0.540800 0.826000 0.291300 0.333500
25 0.100000 0.078300 0.183600 0.143900
0 0.465400 0.194300 0.065900 0.311000
0 0.564500 0.170000 0.063400 0.306800
0 0.293200 0.852600 0.060000 0.289300
0 0.862500 0.922800 0.058100 0.148900
0 0.911700 0.946300 0.063800 0.103500
0 0.148200 0.489000 0.081700 0.223700
0 0.106500 0.294300 0.073900 0.270700
0 0.981400 0.926400 0.036400 0.146500
56 0.259375 0.635417 0.093750 0.206944
56 0.897266 0.397917 0.096094 0.173611
56 0.794922 0.395139 0.107031 0.187500
0 0.293359 0.523611 0.099219 0.236111
58 0.041406 0.554861 0.082813 0.384722
