56 0.577900 0.663700 0.082700 0.130700
56 0.704600 0.707400 0.091900 0.206900
56 0.772900 0.511100 0.085000 0.203800
56 0.886100 0.508900 0.090400 0.181400
56 0.355700 0.543900 0.056900 0.186900
56 0.621300 0.575400 0.051400 0.188300
56 0.735100 0.611800 0.063100 0.165800
56 0.821300 0.237800 0.045400 0.165900
56 0.100100 0.484600 0.054700 0.129000
56 0.143600 0.578700 0.063500 0.154500
56 0.978400 0.325100 0.046800 0.205200
56 0.927300 0.296900 0.044700 0.183900
25 0.890600 0.726000 0.225300 0.322800
25 0.246200 0.332800 0.214800 0.199200
25 0.055400 0.259000 0.108400 0.179600
25 0.544600 0.831800 0.302100 0.297300
25 0.097800 0.084400 0.192800 0.172800
0 0.465800 0.268300 0.079000 0.316500
0 0.550400 0.240000 0.075800 0.290400
0 0.289200 0.866800 0.066000 0.276000
0 0.899400 0.951000 0.061300 0.095000
0 0.173300 0.520200 0.087300 0.219000
0 0.979700 0.943000 0.043200 0.105500
0 0.319800 0.484200 0.060200 0.144700
56 0.272266 0.665972 0.096094 0.179167
56 0.306250 0.134722 0.068750 0.200000
56 0.405859 0.088194 0.069531 0.134722
56 0.413672 0.205556 0.082031 0.152778
56 0.778125 0.303472 0.085938 0.145833
56 0.706250 0.287500 0.084375 0.161111
56 0.719531 0.202778 0.075000 0.191667
56 0.892187 0.425694 0.095312 0.184722
56 0.793359 0.428472 0.086719 0.184722
0 0.858203 0.925694 0.053906 0.145833
0 0.135547 0.286111 0.061719 0.238889
58 0.051953 0.567361 0.094531 0.381944
58 0.245312 0.120139 0.079687 0.134722
