56 0.583600 0.696700 0.080300 0.126200
56 0.808000 0.294500 0.060100 0.180700
56 0.366700 0.583100 0.056900 0.191200
56 0.925900 0.330000 0.051600 0.161100
56 0.770600 0.549100 0.081800 0.199700
56 0.704500 0.761100 0.077000 0.136400
56 0.885400 0.551900 0.068900 0.158900
56 0.320400 0.164700 0.060400 0.127800
56 0.423700 0.149500 0.053800 0.109600
56 0.174800 0.606500 0.085800 0.221500
56 0.731700 0.667900 0.064000 0.142200
56 0.627600 0.610000 0.048000 0.185300
56 0.426300 0.260100 0.057400 0.143000
56 0.975500 0.328700 0.052700 0.200000
56 0.290900 0.677100 0.080900 0.236700
56 0.121600 0.544900 0.054500 0.133500
25 0.887400 0.742000 0.216500 0.287500
25 0.266600 0.392200 0.206900 0.192600
25 0.117400 0.135900 0.198600 0.200800
25 0.065800 0.304500 0.127900 0.172700
25 0.549800 0.834000 0.294000 0.298800
25 0.363300 0.088900 0.198300 0.167100
0 0.473500 0.354500 0.063700 0.308100
0 0.272100 0.885800 0.078400 0.228000
0 0.539200 0.347600 0.055400 0.300400
0 0.196700 0.581500 0.088300 0.225100
0 0.977000 0.950800 0.048000 0.092800
0 0.329900 0.518600 0.056000 0.122200
56 0.705469 0.337500 0.076563 0.172222
56 0.771484 0.344444 0.083594 0.144444
56 0.721094 0.218750 0.059375 0.118056
56 0.889844 0.467361 0.082813 0.151389
56 0.790625 0.469444 0.084375 0.166667
0 0.167187 0.344444 0.062500 0.238889
0 0.857422 0.940278 0.042969 0.116667
0 0.898828 0.956250 0.044531 0.084722
58 0.074219 0.600000 0.100000 0.383333
58 0.265625 0.122917 0.082813 0.237500
56 0.035937 0.694444 0.071875 0.211111
