56 0.460900 0.395400 0.072400 0.157100
56 0.762700 0.668000 0.070700 0.155800
56 0.393300 0.694600 0.050800 0.181400
56 0.598700 0.795700 0.074600 0.120500
56 0.704100 0.829400 0.085300 0.209100
56 0.801200 0.424200 0.046100 0.153500
56 0.356800 0.327600 0.066500 0.144000
56 0.213300 0.732600 0.055600 0.147800
56 0.446700 0.303400 0.046500 0.111500
56 0.175100 0.641600 0.052300 0.131300
56 0.327500 0.790600 0.060100 0.174000
56 0.862900 0.646900 0.060700 0.138100
56 0.957000 0.452900 0.069100 0.142300
56 0.729400 0.762500 0.060300 0.148400
56 0.955700 0.378000 0.042900 0.046200
26 0.284300 0.950700 0.019200 0.042900
25 0.887100 0.842400 0.207700 0.241800
25 0.097500 0.448400 0.183600 0.167900
25 0.170100 0.278300 0.189700 0.158700
25 0.306100 0.524400 0.192700 0.194700
25 0.141000 0.118600 0.173000 0.145900
25 0.402100 0.209300 0.173600 0.234200
25 0.569300 0.913000 0.280900 0.178700
0 0.496700 0.581000 0.065000 0.278600
0 0.559200 0.079900 0.070600 0.167000
0 0.621500 0.082900 0.047500 0.175300
0 0.261000 0.933900 0.070900 0.125700
0 0.981400 0.098100 0.038400 0.186500
0 0.537000 0.545300 0.042700 0.263800
0 0.856700 0.706300 0.057000 0.082600
0 0.240700 0.680000 0.082000 0.212300
0 0.210900 0.423900 0.042300 0.109400
56 0.773438 0.474306 0.056250 0.123611
56 0.706641 0.467361 0.067969 0.143056
56 0.717578 0.362500 0.055469 0.100000
56 0.910937 0.456944 0.053125 0.136111
56 0.865625 0.580556 0.079687 0.130556
56 0.781641 0.581250 0.071094 0.126389
56 0.635938 0.713194 0.065625 0.162500
56 0.074609 0.781944 0.071094 0.166667
56 0.028906 0.664583 0.051562 0.156944
0 0.360938 0.681944 0.068750 0.211111
58 0.125000 0.704861 0.103125 0.351389
58 0.298438 0.195833 0.079687 0.375000
