25 0.424600 0.942400 0.138000 0.114000
25 0.329700 0.790000 0.123800 0.117100
25 0.275700 0.899000 0.137300 0.112100
25 0.310100 0.677000 0.123800 0.096800
25 0.494400 0.703500 0.123300 0.094900
0 0.644600 0.627500 0.039300 0.181000
0 0.603900 0.618600 0.045500 0.173100
0 0.962200 0.643500 0.046900 0.176000
0 0.914100 0.641700 0.039000 0.163800
0 0.974100 0.945900 0.046500 0.096700
56 0.882812 0.956944 0.037500 0.080556
56 0.755859 0.970833 0.044531 0.055556
56 0.825391 0.972222 0.039844 0.052778
56 0.853516 0.904167 0.041406 0.091667
56 0.883984 0.852083 0.039844 0.059722
56 0.914844 0.893056 0.034375 0.088889
56 0.775391 0.871528 0.041406 0.084722
56 0.753125 0.917361 0.051562 0.079167
56 0.705859 0.902778 0.042969 0.083333
56 0.721484 0.840972 0.039844 0.062500
56 0.457422 0.799306 0.044531 0.090278
56 0.533594 0.863889 0.043750 0.077778
56 0.524219 0.791667 0.040625 0.072222
0 0.361328 0.913889 0.033594 0.138889
8 0.703125 0.065972 0.593750 0.131944
58 0.421484 0.725000 0.063281 0.247222
