58 0.198325 0.870700 0.121100 0.251800
56 0.494300 0.647300 0.058900 0.147200
56 0.788400 0.675000 0.036200 0.140400
56 0.298400 0.919000 0.060600 0.141600
56 0.447600 0.897700 0.043500 0.148400
56 0.759000 0.885600 0.056500 0.121900
56 0.950500 0.705000 0.045800 0.137100
56 0.919500 0.633800 0.035800 0.047800
56 0.832300 0.863200 0.076900 0.133300
56 0.416800 0.607500 0.060500 0.130600
56 0.137900 0.891400 0.049700 0.132800
56 0.364600 0.914400 0.059200 0.155600
56 0.913800 0.759200 0.046100 0.126200
25 0.232700 0.424300 0.151500 0.115500
25 0.369000 0.770100 0.168400 0.185100
25 0.252800 0.549700 0.149000 0.129700
25 0.184700 0.694900 0.150400 0.134600
25 0.451800 0.456400 0.153800 0.117300
25 0.883100 0.957900 0.211200 0.084700
0 0.585100 0.353500 0.055000 0.201500
0 0.636800 0.359000 0.045100 0.191700
0 0.509900 0.858800 0.054300 0.157000
0 0.949500 0.386000 0.043000 0.175000
0 0.522200 0.920300 0.063500 0.154700
0 0.960100 0.872500 0.036700 0.074500
0 0.987400 0.384300 0.025100 0.219700
0 0.303500 0.894100 0.056700 0.151600
0 0.963200 0.943300 0.035700 0.067000
56 0.721484 0.629167 0.057031 0.102778
56 0.703516 0.703472 0.050781 0.123611
56 0.760156 0.706250 0.051562 0.090278
56 0.763672 0.791667 0.039844 0.086111
56 0.854297 0.802083 0.055469 0.098611
56 0.875000 0.697222 0.043750 0.105556
56 0.644141 0.888194 0.052344 0.093056
56 0.729297 0.929861 0.060156 0.106944
56 0.611328 0.966667 0.053906 0.063889
56 0.185547 0.950694 0.071094 0.095833
56 0.257812 0.854167 0.037500 0.108333
56 0.480859 0.558333 0.063281 0.086111
0 0.286719 0.684028 0.046875 0.112500
0 0.417188 0.891667 0.056250 0.163889
58 0.363281 0.484028 0.051562 0.301389
