56 0.707900 0.671300 0.101600 0.204300
56 0.893500 0.452100 0.105000 0.201700
56 0.820900 0.165600 0.059600 0.179400
56 0.324700 0.488800 0.066300 0.232000
56 0.775200 0.453900 0.088800 0.203000
56 0.572300 0.611700 0.089600 0.178200
56 0.395100 0.138900 0.089500 0.213700
56 0.955600 0.238200 0.077600 0.266200
56 0.232400 0.574200 0.096100 0.313700
56 0.728300 0.577600 0.082000 0.247300
56 0.110800 0.515000 0.086400 0.241700
56 0.050600 0.422500 0.063100 0.139400
25 0.895100 0.675100 0.210100 0.293900
25 0.213600 0.269600 0.222500 0.213700
25 0.534600 0.785100 0.308400 0.368900
25 0.084400 0.041500 0.169500 0.082000
25 0.037300 0.200000 0.076700 0.234100
0 0.318000 0.836600 0.093800 0.336100
0 0.573600 0.118900 0.064900 0.236700
0 0.477300 0.132500 0.064600 0.295400
0 0.868800 0.918500 0.056200 0.161400
0 0.915400 0.941100 0.070000 0.120700
56 0.625391 0.525694 0.102344 0.226389
56 0.907422 0.366667 0.092969 0.194444
56 0.797656 0.356250 0.092188 0.209722
56 0.701172 0.217361 0.088281 0.190278
56 0.783984 0.231944 0.097656 0.188889
56 0.721875 0.119444 0.087500 0.191667
0 0.091797 0.215972 0.069531 0.240278
0 0.282422 0.492361 0.089844 0.240278
0 0.134766 0.493056 0.105469 0.252778
