56 0.820600 0.199600 0.055500 0.179800
56 0.774200 0.481800 0.087800 0.210100
56 0.705700 0.698500 0.098000 0.186200
56 0.574700 0.638600 0.087600 0.139700
56 0.888100 0.482900 0.098900 0.188900
56 0.338400 0.516000 0.058900 0.184500
56 0.617900 0.544200 0.051100 0.185000
56 0.399200 0.169500 0.072800 0.152400
56 0.731400 0.582400 0.074000 0.220300
56 0.704200 0.233600 0.085900 0.242100
56 0.978800 0.296000 0.040100 0.229500
56 0.951100 0.272800 0.080700 0.243000
56 0.077000 0.456100 0.060200 0.147500
56 0.399800 0.050900 0.058700 0.089900
56 0.146700 0.515700 0.090900 0.246200
25 0.043800 0.227700 0.091500 0.209700
25 0.893800 0.707100 0.221700 0.348500
25 0.540000 0.785200 0.310300 0.378400
25 0.227700 0.301000 0.220400 0.200100
25 0.090000 0.051200 0.183500 0.094700
0 0.465000 0.179900 0.062100 0.316400
0 0.564600 0.165100 0.059600 0.302100
0 0.296300 0.851500 0.055500 0.303900
0 0.862100 0.923500 0.058700 0.147500
0 0.147800 0.490000 0.084200 0.216100
0 0.911700 0.946000 0.064000 0.104000
0 0.980900 0.925400 0.037900 0.146300
56 0.252344 0.638194 0.098438 0.209722
56 0.289453 0.094444 0.072656 0.188889
56 0.727344 0.163889 0.079687 0.177778
56 0.781250 0.275000 0.096875 0.163889
56 0.784375 0.390972 0.082813 0.148611
56 0.897656 0.396528 0.106250 0.176389
0 0.291797 0.511111 0.083594 0.225000
0 0.110937 0.259028 0.067188 0.254167
58 0.037500 0.557639 0.075000 0.340278
