25 0.361400 0.826300 0.104800 0.086100
25 0.377900 0.923700 0.110400 0.103200
25 0.517800 0.853200 0.113300 0.095400
2 0.136500 0.016900 0.076100 0.041100
0 0.617300 0.773900 0.035700 0.156400
0 0.651100 0.776500 0.034100 0.152100
0 0.925600 0.795000 0.036300 0.178200
0 0.881500 0.797500 0.033300 0.143900
0 0.242700 0.052900 0.021500 0.083100
0 0.181500 0.119400 0.023800 0.053400
0 0.042500 0.554900 0.028800 0.063700
0 0.199400 0.103000 0.022400 0.052900
0 0.025200 0.228200 0.026100 0.058000
0 0.151000 0.149100 0.016600 0.040000
56 0.055078 0.618056 0.039844 0.063889
56 0.074609 0.559722 0.025781 0.083333
56 0.485156 0.932639 0.026563 0.065278
56 0.544922 0.918056 0.032031 0.052778
56 0.552734 0.976389 0.039844 0.047222
56 0.718750 0.956250 0.026563 0.029167
56 0.770703 0.980556 0.024219 0.036111
56 0.861328 0.977083 0.028906 0.034722
8 0.767578 0.269444 0.464844 0.200000
58 0.456250 0.879861 0.070312 0.220833
25 0.058984 0.334722 0.117969 0.088889
25 0.084375 0.423611 0.168750 0.105556
