26 0.976700 0.643100 0.023500 0.035500
25 0.308300 0.671100 0.123300 0.101000
25 0.326400 0.775500 0.121900 0.102900
25 0.494000 0.698400 0.126200 0.105400
25 0.424000 0.933000 0.134000 0.113300
25 0.272900 0.895700 0.136000 0.109000
0 0.603300 0.608400 0.043400 0.174900
0 0.964400 0.637100 0.042500 0.179300
0 0.915800 0.634800 0.036500 0.161800
0 0.644600 0.616300 0.039000 0.168700
0 0.974200 0.943000 0.044200 0.100000
56 0.456250 0.798611 0.042188 0.083333
56 0.529688 0.845139 0.054688 0.079167
56 0.526563 0.777083 0.048437 0.062500
56 0.705469 0.909028 0.037500 0.084722
56 0.717969 0.835417 0.040625 0.081944
56 0.775391 0.865278 0.046094 0.080556
56 0.757422 0.907639 0.033594 0.073611
56 0.757031 0.956250 0.037500 0.068056
56 0.824219 0.968056 0.037500 0.052778
56 0.879297 0.941667 0.035156 0.075000
56 0.851953 0.886111 0.032031 0.066667
56 0.882422 0.836806 0.028906 0.059722
56 0.920313 0.883333 0.039062 0.069444
0 0.358203 0.906944 0.036719 0.147222
8 0.698047 0.059722 0.602344 0.119444
58 0.423438 0.719444 0.065625 0.269444
