56 0.861200 0.712200 0.069500 0.129600
56 0.464700 0.458200 0.070300 0.154800
56 0.601900 0.833300 0.077000 0.127100
56 0.239000 0.767200 0.057800 0.167400
56 0.801600 0.483900 0.036900 0.145400
56 0.760900 0.726100 0.062800 0.140500
56 0.412000 0.741300 0.039900 0.181900
56 0.897300 0.522000 0.038400 0.141400
56 0.705200 0.891400 0.072300 0.132300
56 0.351700 0.830200 0.059300 0.169000
56 0.459000 0.367100 0.047400 0.113700
56 0.947800 0.575500 0.047200 0.149900
56 0.367100 0.390200 0.045200 0.140600
56 0.930700 0.762400 0.026700 0.042400
56 0.201200 0.703800 0.046500 0.122700
25 0.320400 0.580000 0.175000 0.184700
25 0.880300 0.869300 0.214900 0.230900
25 0.193000 0.346000 0.181400 0.158500
25 0.120400 0.521700 0.194300 0.174300
25 0.166000 0.192600 0.184700 0.122400
25 0.415400 0.281100 0.187500 0.222400
25 0.575200 0.943300 0.274500 0.126300
0 0.566400 0.121200 0.062900 0.240400
0 0.627700 0.128700 0.041600 0.240000
0 0.978100 0.150600 0.044100 0.218200
0 0.496500 0.677900 0.066300 0.259000
0 0.535400 0.613500 0.048100 0.235200
0 0.796900 0.775800 0.048800 0.123900
0 0.257800 0.701000 0.057000 0.133600
56 0.701953 0.523611 0.049219 0.127778
56 0.763672 0.539583 0.064844 0.101389
56 0.719531 0.429861 0.045313 0.093056
56 0.935547 0.440278 0.041406 0.063889
56 0.982422 0.518056 0.035156 0.150000
56 0.871484 0.637500 0.061719 0.147222
56 0.782031 0.638194 0.064062 0.137500
56 0.644531 0.762500 0.073437 0.141667
56 0.723828 0.789583 0.072656 0.143056
56 0.107813 0.828472 0.075000 0.151389
56 0.060938 0.722222 0.073437 0.155556
0 0.781250 0.889583 0.062500 0.218056
0 0.240234 0.506250 0.050781 0.168056
0 0.375781 0.735417 0.075000 0.201389
0 0.255859 0.956250 0.069531 0.084722
0 0.985547 0.711111 0.028906 0.080556
0 0.986719 0.768056 0.026563 0.061111
58 0.151953 0.761111 0.097656 0.316667
58 0.317969 0.276389 0.093750 0.338889
