58 0.212000 0.897000 0.118200 0.191900
56 0.507300 0.728000 0.045600 0.136100
56 0.830300 0.924700 0.062300 0.124600
56 0.785700 0.742900 0.036600 0.119400
56 0.454800 0.940800 0.052200 0.110600
56 0.871369 0.781033 0.045800 0.144300
56 0.771500 0.760100 0.048600 0.140500
56 0.424300 0.676900 0.049200 0.132600
25 0.256100 0.508100 0.133100 0.108600
25 0.275200 0.632800 0.135200 0.122300
25 0.214600 0.767500 0.144800 0.128400
25 0.464800 0.539000 0.147400 0.115800
25 0.383900 0.816400 0.158900 0.133300
0 0.589100 0.442000 0.055000 0.201400
0 0.642000 0.446300 0.048700 0.184900
0 0.521400 0.942100 0.050000 0.110100
0 0.986700 0.474200 0.027700 0.205500
0 0.935900 0.474300 0.033300 0.184700
0 0.552700 0.958300 0.057900 0.083900
0 0.325700 0.931700 0.052700 0.122300
0 0.951100 0.945900 0.054200 0.089900
0 0.601400 0.986400 0.030400 0.028600
0 0.299269 0.791456 0.052300 0.165400
0 0.946800 0.981200 0.053700 0.038100
56 0.157422 0.930556 0.049219 0.108333
56 0.280859 0.915278 0.038281 0.088889
56 0.499609 0.636111 0.044531 0.069444
56 0.707812 0.781250 0.050000 0.106944
56 0.716016 0.692361 0.038281 0.084722
56 0.902734 0.704861 0.033594 0.043056
56 0.944531 0.763194 0.053125 0.115278
56 0.904297 0.815972 0.052344 0.101389
56 0.840234 0.870139 0.052344 0.104167
56 0.767187 0.864583 0.059375 0.101389
56 0.755469 0.934028 0.057813 0.115278
56 0.649219 0.942361 0.050000 0.062500
56 0.301953 0.960417 0.033594 0.076389
0 0.431641 0.931250 0.053906 0.134722
0 0.986328 0.875694 0.027344 0.165278
58 0.380078 0.571528 0.074219 0.276389
