58 0.259600 0.951500 0.116700 0.094100
25 0.412000 0.914000 0.142500 0.128800
25 0.487700 0.663900 0.130800 0.107900
25 0.297000 0.638000 0.125800 0.105900
25 0.257500 0.868100 0.135000 0.114100
25 0.315600 0.742200 0.126000 0.105000
0 0.600100 0.574600 0.044000 0.180400
0 0.641000 0.578500 0.039500 0.179600
0 0.920000 0.599200 0.034500 0.172600
0 0.972000 0.603000 0.039800 0.171100
0 0.979500 0.928800 0.039500 0.130900
56 0.526172 0.820833 0.047656 0.086111
56 0.446875 0.756944 0.029687 0.055556
56 0.517578 0.747222 0.032031 0.061111
56 0.705469 0.875694 0.039062 0.079167
56 0.717578 0.797917 0.033594 0.059722
56 0.753125 0.886806 0.035937 0.062500
56 0.777734 0.836806 0.035156 0.070833
56 0.757422 0.945139 0.035156 0.056944
56 0.829297 0.956250 0.036719 0.084722
56 0.858594 0.862500 0.028125 0.077778
56 0.884766 0.912500 0.041406 0.080556
56 0.924609 0.867361 0.038281 0.095833
56 0.889844 0.814583 0.034375 0.051389
0 0.357812 0.979167 0.029687 0.038889
0 0.346094 0.888194 0.035937 0.154167
8 0.668750 0.027778 0.617188 0.050000
58 0.409766 0.687500 0.055469 0.247222
