58 0.206100 0.892100 0.114600 0.206900
56 0.508000 0.701000 0.049200 0.135700
56 0.454300 0.929400 0.050100 0.122300
56 0.834500 0.918300 0.062400 0.107900
56 0.757600 0.921800 0.061400 0.114500
56 0.786500 0.730900 0.034300 0.129400
56 0.305900 0.947400 0.055300 0.101900
56 0.422600 0.666600 0.046100 0.138400
25 0.248000 0.486200 0.145300 0.105600
25 0.271500 0.610900 0.135000 0.123800
25 0.210300 0.743400 0.152700 0.122000
25 0.381400 0.802500 0.167400 0.155800
25 0.463100 0.517900 0.153800 0.110700
0 0.588600 0.420200 0.053500 0.200200
0 0.639200 0.425200 0.046000 0.186800
0 0.942500 0.450700 0.040700 0.168400
0 0.519700 0.926000 0.047900 0.138600
0 0.546800 0.949700 0.055300 0.097900
0 0.987400 0.449100 0.025200 0.216500
0 0.319800 0.928400 0.056700 0.127000
0 0.617200 0.977900 0.057600 0.045100
0 0.954800 0.931900 0.052200 0.095000
56 0.498047 0.616667 0.046094 0.072222
56 0.720312 0.675000 0.046875 0.080556
56 0.757031 0.761111 0.048437 0.091667
56 0.705469 0.756250 0.053125 0.109722
56 0.875781 0.744444 0.039062 0.102778
56 0.906250 0.804861 0.043750 0.101389
56 0.949609 0.752083 0.047656 0.123611
56 0.905078 0.688889 0.039844 0.055556
56 0.846484 0.856250 0.052344 0.115278
56 0.763672 0.832639 0.047656 0.081944
56 0.648438 0.928472 0.048437 0.079167
56 0.725000 0.963194 0.057813 0.070833
56 0.152734 0.928472 0.046094 0.131944
56 0.271875 0.897917 0.045313 0.104167
0 0.426172 0.923611 0.049219 0.138889
0 0.303516 0.765972 0.033594 0.165278
0 0.951953 0.974306 0.041406 0.048611
58 0.376953 0.547917 0.075781 0.268056
