58 0.224500 0.892200 0.121500 0.201600
56 0.509600 0.728400 0.042300 0.135100
56 0.828800 0.927100 0.062700 0.124800
56 0.789400 0.742200 0.028100 0.099000
56 0.454900 0.941400 0.051700 0.107200
56 0.424600 0.679000 0.046800 0.131500
56 0.945000 0.771100 0.038500 0.123900
25 0.257300 0.510500 0.134700 0.105900
25 0.276700 0.633900 0.132600 0.120300
25 0.215000 0.769500 0.147300 0.127800
25 0.383000 0.833700 0.168700 0.175900
25 0.464800 0.539600 0.147500 0.112100
0 0.589300 0.447200 0.056000 0.197700
0 0.641500 0.449600 0.048400 0.180000
0 0.522300 0.943000 0.049600 0.108700
0 0.935700 0.474300 0.032400 0.185200
0 0.987400 0.476400 0.026300 0.204600
0 0.555000 0.964100 0.045600 0.066400
0 0.325300 0.931700 0.051500 0.118600
0 0.948800 0.941700 0.034600 0.076300
0 0.601400 0.986700 0.031600 0.027000
0 0.946800 0.981400 0.053800 0.038600
56 0.159375 0.928472 0.043750 0.109722
56 0.276953 0.916667 0.038281 0.072222
56 0.310156 0.961111 0.048437 0.075000
56 0.502734 0.637500 0.047656 0.088889
56 0.707422 0.781250 0.049219 0.101389
56 0.716797 0.692361 0.035156 0.068056
56 0.761719 0.778472 0.046875 0.076389
56 0.870313 0.771528 0.037500 0.120833
56 0.900000 0.821528 0.048437 0.095833
56 0.904297 0.709028 0.038281 0.056944
56 0.843359 0.868750 0.053906 0.115278
56 0.765234 0.862500 0.055469 0.105556
56 0.758203 0.933333 0.064844 0.111111
56 0.649609 0.954167 0.049219 0.075000
0 0.431641 0.931250 0.050781 0.134722
0 0.307422 0.789583 0.036719 0.165278
0 0.987109 0.883333 0.025781 0.183333
58 0.380859 0.570139 0.069531 0.279167
