56 0.321700 0.485800 0.070100 0.231900
56 0.395700 0.115800 0.092500 0.197600
56 0.571400 0.606800 0.094100 0.172300
56 0.708200 0.673500 0.106600 0.189700
56 0.775700 0.449400 0.091000 0.208200
56 0.814900 0.173200 0.072700 0.224000
56 0.958000 0.233800 0.071000 0.265200
56 0.895600 0.450300 0.107100 0.196700
56 0.699300 0.204900 0.100000 0.216700
56 0.105800 0.514600 0.085300 0.250700
56 0.729900 0.575500 0.084700 0.242900
25 0.893300 0.670500 0.205000 0.300300
25 0.534200 0.788400 0.317300 0.359100
25 0.210600 0.265400 0.238200 0.216800
25 0.027900 0.169500 0.056800 0.199800
25 0.334000 0.036600 0.114700 0.072300
0 0.323000 0.827800 0.080000 0.327600
0 0.584500 0.111500 0.065600 0.225700
0 0.484000 0.130100 0.070000 0.258900
0 0.870800 0.916800 0.054700 0.162000
0 0.918200 0.932500 0.061300 0.123400
0 0.132900 0.483900 0.096900 0.246900
56 0.232812 0.595139 0.101562 0.251389
56 0.049219 0.432639 0.084375 0.256944
56 0.726562 0.113194 0.078125 0.184722
56 0.784766 0.223611 0.089844 0.169444
56 0.905859 0.357639 0.103906 0.204167
56 0.797656 0.360417 0.115625 0.187500
56 0.622266 0.517361 0.091406 0.223611
0 0.087109 0.225694 0.063281 0.276389
0 0.271875 0.477083 0.093750 0.231944
