58 0.266200 0.173900 0.132700 0.360200
56 0.706500 0.824100 0.074700 0.133100
56 0.802800 0.386100 0.049500 0.164300
56 0.454100 0.355000 0.061200 0.155700
56 0.589700 0.762600 0.065500 0.119500
56 0.391900 0.642600 0.042800 0.162700
56 0.768200 0.614500 0.066000 0.150500
56 0.730500 0.731900 0.064200 0.141200
56 0.205700 0.676100 0.061300 0.155900
56 0.164900 0.609300 0.048500 0.127400
56 0.855800 0.606900 0.095400 0.194900
56 0.922400 0.455900 0.084400 0.228400
56 0.965400 0.335100 0.040900 0.049900
56 0.961400 0.388000 0.065500 0.133800
56 0.348200 0.264200 0.056800 0.117400
25 0.885300 0.806200 0.227800 0.262800
25 0.087200 0.404600 0.170300 0.159000
25 0.567700 0.896200 0.276000 0.206200
25 0.293800 0.472000 0.193600 0.186100
25 0.155400 0.230700 0.191800 0.157400
25 0.395800 0.170700 0.182100 0.272400
25 0.130500 0.077900 0.181800 0.132300
0 0.488600 0.523400 0.072400 0.292700
0 0.264600 0.918500 0.068800 0.156800
0 0.555300 0.056500 0.070600 0.112900
0 0.535000 0.461700 0.053600 0.249700
0 0.618700 0.057300 0.060200 0.113400
0 0.981400 0.076600 0.036600 0.154300
0 0.913500 0.663400 0.029800 0.055600
0 0.229500 0.647500 0.081000 0.208600
56 0.314844 0.759722 0.071875 0.158333
56 0.067578 0.749306 0.092969 0.187500
56 0.705469 0.424306 0.070312 0.140278
56 0.726953 0.339583 0.060156 0.137500
56 0.770703 0.434028 0.058594 0.131944
56 0.955859 0.487500 0.067969 0.150000
56 0.638281 0.686806 0.071875 0.159722
56 0.883594 0.550694 0.065625 0.151389
56 0.787891 0.549306 0.080469 0.159722
56 0.436719 0.274306 0.065625 0.159722
0 0.848828 0.961806 0.035156 0.073611
0 0.962500 0.973611 0.039062 0.050000
0 0.199609 0.438194 0.055469 0.231944
0 0.349219 0.661806 0.078125 0.198611
58 0.111719 0.665278 0.095312 0.363889
