58 0.207200 0.890900 0.111900 0.212300
56 0.454100 0.928900 0.045900 0.125000
56 0.507900 0.699200 0.045200 0.130400
56 0.304300 0.948500 0.053400 0.103400
56 0.833100 0.915500 0.065000 0.107200
56 0.786100 0.727500 0.037700 0.130800
56 0.139000 0.928700 0.046500 0.124200
56 0.950000 0.741000 0.043000 0.132300
25 0.245900 0.478800 0.143200 0.111100
25 0.267300 0.604000 0.139800 0.124600
25 0.461500 0.508500 0.148700 0.116800
25 0.206800 0.740400 0.152300 0.126100
25 0.379400 0.799600 0.164300 0.153200
25 0.864700 0.976600 0.243400 0.045000
0 0.588100 0.411000 0.053800 0.203000
0 0.641000 0.413700 0.044700 0.187500
0 0.518600 0.920700 0.046600 0.147900
0 0.943300 0.441600 0.042900 0.175100
0 0.547500 0.946300 0.057600 0.107100
0 0.985800 0.431500 0.028100 0.228300
0 0.319200 0.925500 0.057000 0.140000
0 0.618200 0.976000 0.062000 0.048300
0 0.294106 0.768100 0.049000 0.170100
56 0.416797 0.615278 0.035156 0.075000
56 0.496875 0.608333 0.043750 0.075000
56 0.271484 0.902778 0.042969 0.108333
56 0.646094 0.926389 0.040625 0.063889
56 0.727734 0.963194 0.039844 0.070833
56 0.754687 0.901389 0.046875 0.094444
56 0.762500 0.827778 0.037500 0.091667
56 0.844531 0.834722 0.051562 0.100000
56 0.707812 0.756944 0.048437 0.113889
56 0.758984 0.754861 0.046094 0.079167
56 0.712891 0.665278 0.038281 0.077778
56 0.870703 0.731944 0.039844 0.091667
56 0.903516 0.797222 0.050781 0.105556
56 0.908984 0.680556 0.039844 0.047222
0 0.429297 0.919444 0.055469 0.147222
0 0.950391 0.906944 0.038281 0.066667
0 0.954297 0.968750 0.039844 0.056944
58 0.376953 0.547222 0.061719 0.269444
