58 0.226200 0.915100 0.118800 0.156900
56 0.512900 0.761600 0.048000 0.126900
25 0.270500 0.548200 0.135400 0.105100
25 0.288300 0.667100 0.133000 0.114700
25 0.395300 0.849100 0.154900 0.129800
25 0.227000 0.801700 0.144200 0.123300
25 0.473900 0.577800 0.138300 0.108200
0 0.589400 0.487300 0.050100 0.189300
0 0.639600 0.489000 0.047500 0.179600
0 0.981400 0.514600 0.037600 0.180500
0 0.934600 0.508300 0.027800 0.185500
0 0.537600 0.964200 0.038800 0.071900
0 0.334200 0.953200 0.052900 0.089300
0 0.939900 0.964400 0.038700 0.064400
0 0.983900 0.894600 0.032600 0.199700
56 0.465234 0.956250 0.044531 0.084722
56 0.292188 0.934722 0.039062 0.105556
56 0.428906 0.684722 0.035937 0.086111
56 0.504687 0.669444 0.039062 0.069444
56 0.702734 0.807639 0.044531 0.095833
56 0.716797 0.728472 0.036719 0.062500
56 0.754687 0.819444 0.046875 0.086111
56 0.783594 0.763194 0.043750 0.081944
56 0.866016 0.802083 0.041406 0.093056
56 0.895312 0.853472 0.053125 0.109722
56 0.941797 0.804861 0.039844 0.115278
56 0.896484 0.747222 0.042969 0.050000
56 0.651563 0.966667 0.040625 0.063889
56 0.755469 0.945139 0.053125 0.084722
56 0.830859 0.956250 0.057031 0.084722
56 0.842969 0.897917 0.043750 0.098611
56 0.765625 0.893750 0.059375 0.106944
0 0.435937 0.948611 0.060938 0.102778
0 0.319141 0.811806 0.041406 0.137500
58 0.391016 0.600000 0.063281 0.277778
