58 0.204700 0.889500 0.112200 0.214500
56 0.453500 0.927600 0.047200 0.127200
56 0.505700 0.696800 0.049300 0.133800
56 0.303800 0.947300 0.053000 0.103800
56 0.137700 0.925800 0.048100 0.130400
56 0.950019 0.739200 0.044700 0.133400
56 0.757500 0.918900 0.059100 0.133800
56 0.786000 0.725500 0.036200 0.138100
56 0.832900 0.913000 0.065300 0.114200
56 0.763000 0.766000 0.046400 0.122800
25 0.244400 0.475900 0.141800 0.116500
25 0.205100 0.736000 0.153900 0.126300
25 0.461000 0.507100 0.148100 0.121700
25 0.379000 0.796300 0.164300 0.153300
25 0.265200 0.601800 0.140400 0.122100
25 0.865600 0.975200 0.227900 0.045300
0 0.642100 0.410400 0.042500 0.183500
0 0.587200 0.408100 0.055500 0.203200
0 0.518400 0.918000 0.049100 0.152200
0 0.945000 0.434100 0.042400 0.166800
0 0.545900 0.944700 0.061700 0.110800
0 0.985900 0.428800 0.027200 0.227600
0 0.320000 0.923900 0.057600 0.138200
0 0.956000 0.911900 0.036100 0.074300
0 0.609500 0.402200 0.033200 0.174500
0 0.617900 0.974600 0.060800 0.048600
56 0.417578 0.624306 0.050781 0.098611
56 0.497656 0.610417 0.050000 0.084722
56 0.706250 0.752778 0.054688 0.119444
56 0.714453 0.659722 0.042969 0.083333
56 0.909766 0.675000 0.044531 0.050000
56 0.910547 0.796528 0.039844 0.101389
56 0.872266 0.743056 0.041406 0.119444
56 0.762891 0.824306 0.042969 0.068056
56 0.842969 0.837500 0.054688 0.086111
56 0.730859 0.961806 0.055469 0.076389
56 0.647266 0.920139 0.044531 0.081944
56 0.267578 0.891667 0.038281 0.119444
0 0.423047 0.914583 0.047656 0.151389
0 0.298828 0.754167 0.035156 0.166667
0 0.951172 0.961111 0.036719 0.047222
58 0.379297 0.534028 0.074219 0.284722
