25 0.389300 0.955400 0.109100 0.080900
25 0.528400 0.889700 0.102100 0.080800
25 0.377200 0.866700 0.098200 0.079400
2 0.064100 0.129100 0.064900 0.072600
0 0.621000 0.817400 0.034100 0.154200
0 0.923800 0.839600 0.038100 0.158200
0 0.882800 0.839700 0.034300 0.144900
0 0.275900 0.123500 0.022100 0.071800
0 0.657400 0.820700 0.032300 0.142200
0 0.394500 0.041500 0.017500 0.059900
0 0.386600 0.043700 0.020200 0.067100
0 0.060700 0.320800 0.022200 0.100000
0 0.480000 0.019300 0.011700 0.026200
0 0.179800 0.210500 0.031300 0.058000
0 0.071700 0.613100 0.027500 0.063500
0 0.020300 0.619300 0.028500 0.087100
0 0.361600 0.042300 0.011400 0.037800
56 0.103906 0.615278 0.026563 0.066667
56 0.083203 0.666667 0.035156 0.063889
56 0.015234 0.654861 0.022656 0.062500
56 0.496484 0.963889 0.032031 0.041667
56 0.554688 0.959028 0.032812 0.034722
56 0.713672 0.984722 0.032031 0.027778
8 0.788281 0.337500 0.423438 0.183333
58 0.467187 0.903472 0.059375 0.190278
25 0.107422 0.479167 0.149219 0.105556
25 0.067969 0.402083 0.135937 0.081944
