58 0.329500 0.361200 0.116100 0.274500
56 0.484600 0.546600 0.056900 0.145800
56 0.423400 0.818800 0.048500 0.169500
56 0.270000 0.830400 0.057800 0.158800
56 0.797700 0.571300 0.037700 0.133700
56 0.607200 0.899100 0.067600 0.119300
56 0.851600 0.790100 0.060500 0.122800
56 0.081100 0.798700 0.049800 0.134800
56 0.388200 0.485700 0.052300 0.122600
56 0.761500 0.793500 0.058500 0.140800
56 0.231300 0.767600 0.043600 0.108000
56 0.933100 0.553800 0.055000 0.093600
56 0.890600 0.612200 0.044000 0.143200
56 0.360200 0.888900 0.081500 0.195600
56 0.146200 0.448200 0.043200 0.124000
56 0.771500 0.681500 0.031500 0.056100
56 0.642200 0.830500 0.041200 0.147700
25 0.151000 0.596400 0.180000 0.146400
25 0.347600 0.658500 0.167700 0.169700
25 0.882300 0.916200 0.229200 0.169000
25 0.198700 0.299700 0.166800 0.116000
25 0.432800 0.391300 0.179400 0.253200
25 0.218300 0.452800 0.176200 0.168200
25 0.605800 0.977000 0.227400 0.043400
0 0.630600 0.234600 0.040900 0.217000
0 0.574900 0.229100 0.056500 0.219400
0 0.966000 0.258200 0.040900 0.206200
0 0.511200 0.806900 0.059900 0.255200
0 0.979300 0.789900 0.039400 0.077100
0 0.977100 0.862000 0.046200 0.102400
0 0.526300 0.700400 0.043900 0.143000
0 0.291000 0.800500 0.055600 0.156900
56 0.473437 0.452778 0.064062 0.094444
56 0.707031 0.601389 0.056250 0.116667
56 0.764063 0.607639 0.064062 0.106944
56 0.720703 0.514583 0.050781 0.095833
56 0.973047 0.592361 0.052344 0.140278
56 0.925391 0.656944 0.055469 0.119444
56 0.858203 0.711111 0.067969 0.116667
56 0.142188 0.888889 0.057813 0.133333
56 0.917969 0.834722 0.035937 0.041667
0 0.708594 0.927778 0.037500 0.141667
0 0.722266 0.897917 0.030469 0.201389
0 0.261328 0.572222 0.047656 0.108333
0 0.396484 0.808333 0.064844 0.188889
58 0.178125 0.814583 0.107813 0.337500
