56 0.462100 0.422500 0.072300 0.157900
56 0.863900 0.682500 0.076400 0.151000
56 0.801100 0.452200 0.044500 0.156000
56 0.598400 0.806100 0.077000 0.125500
56 0.762400 0.697800 0.063900 0.145200
56 0.397600 0.707900 0.053600 0.169900
56 0.233000 0.735200 0.062000 0.157900
56 0.703700 0.855900 0.088900 0.189900
56 0.452800 0.332300 0.048600 0.110500
56 0.358600 0.360800 0.059200 0.148700
56 0.951700 0.402600 0.040200 0.050000
56 0.896800 0.511900 0.046100 0.177500
56 0.329000 0.796700 0.080200 0.222600
56 0.947400 0.544800 0.051700 0.145000
56 0.632200 0.734100 0.043200 0.164900
56 0.775000 0.569000 0.034900 0.063900
25 0.177400 0.303300 0.193700 0.156500
25 0.315300 0.531900 0.188100 0.173500
25 0.105300 0.473300 0.188500 0.157100
25 0.409400 0.238600 0.169700 0.238100
25 0.887800 0.856400 0.205500 0.240400
25 0.571200 0.921100 0.277300 0.166000
25 0.151100 0.156400 0.181500 0.138600
0 0.979600 0.110500 0.041600 0.202600
0 0.494200 0.617100 0.070900 0.258800
0 0.566800 0.095600 0.077900 0.191300
0 0.627500 0.095800 0.043600 0.206600
0 0.535500 0.577400 0.050100 0.291700
0 0.257600 0.944800 0.065700 0.108600
0 0.238800 0.671800 0.055600 0.127100
56 0.698828 0.494444 0.050781 0.150000
56 0.767578 0.484722 0.074219 0.108333
56 0.720703 0.391667 0.050781 0.094444
56 0.987109 0.471528 0.025781 0.145833
56 0.873438 0.608333 0.075000 0.147222
56 0.731641 0.765278 0.067969 0.144444
56 0.092578 0.790278 0.078906 0.166667
56 0.189063 0.661806 0.068750 0.162500
56 0.040625 0.677083 0.046875 0.140278
0 0.838281 0.718750 0.048437 0.079167
0 0.224219 0.469444 0.051562 0.155556
0 0.369922 0.702778 0.072656 0.188889
58 0.137109 0.727083 0.097656 0.351389
58 0.311328 0.227083 0.091406 0.343056
