56 0.491900 0.608100 0.061000 0.139100
56 0.607600 0.946000 0.070100 0.102500
56 0.428200 0.863300 0.051500 0.162800
56 0.848900 0.832900 0.059100 0.124000
56 0.792900 0.633900 0.039000 0.136600
56 0.758700 0.835300 0.063700 0.118400
56 0.287700 0.885600 0.061200 0.146600
56 0.954400 0.666500 0.048600 0.143000
56 0.107900 0.858300 0.047000 0.139900
56 0.925400 0.587700 0.038900 0.044400
56 0.920700 0.707800 0.045800 0.139800
56 0.770900 0.738000 0.027600 0.053700
56 0.396100 0.549600 0.045100 0.128800
56 0.881200 0.634500 0.021400 0.073600
25 0.445100 0.453800 0.155100 0.224300
25 0.174800 0.656800 0.164100 0.148700
25 0.216500 0.366300 0.157600 0.111300
25 0.358000 0.719700 0.171400 0.170300
25 0.240900 0.494100 0.147100 0.120800
25 0.880600 0.943200 0.222200 0.125500
0 0.580300 0.299000 0.054000 0.212200
0 0.633700 0.303900 0.043300 0.207400
0 0.959900 0.331900 0.046100 0.193800
0 0.519400 0.892800 0.049300 0.227300
0 0.516800 0.771100 0.050100 0.114400
0 0.293900 0.860900 0.061100 0.171600
0 0.672100 0.953900 0.055600 0.095000
0 0.972400 0.837100 0.035700 0.073400
0 0.975400 0.918800 0.043600 0.118700
0 0.994700 0.352000 0.009200 0.226200
56 0.487891 0.521528 0.055469 0.081944
56 0.704297 0.655556 0.060156 0.122222
56 0.721484 0.569444 0.050781 0.075000
56 0.763672 0.663889 0.057031 0.091667
56 0.860156 0.762500 0.059375 0.116667
56 0.735156 0.907639 0.054688 0.134722
56 0.643750 0.852778 0.053125 0.094444
56 0.378516 0.938194 0.060156 0.120833
56 0.164453 0.936111 0.052344 0.122222
56 0.246094 0.809028 0.043750 0.118056
0 0.689062 0.922222 0.042188 0.152778
0 0.282031 0.628472 0.056250 0.112500
0 0.408203 0.855556 0.055469 0.186111
58 0.195703 0.859028 0.100781 0.279167
58 0.354297 0.440278 0.085156 0.288889
