56 0.581900 0.700800 0.080300 0.126200
56 0.806700 0.297100 0.056700 0.169600
56 0.707200 0.762700 0.078700 0.138100
56 0.367200 0.582700 0.058100 0.184300
56 0.770800 0.549100 0.081100 0.204600
56 0.924200 0.354200 0.052000 0.172800
56 0.732500 0.668400 0.064800 0.138400
56 0.881400 0.547700 0.084800 0.191700
56 0.322200 0.169200 0.060600 0.123700
56 0.425100 0.264800 0.061900 0.149300
56 0.424300 0.168100 0.053700 0.139500
56 0.177200 0.606700 0.085700 0.223500
56 0.628000 0.610800 0.046700 0.175500
56 0.134800 0.543900 0.049800 0.139300
26 0.564900 0.290400 0.023200 0.050200
25 0.886800 0.743200 0.215700 0.283400
25 0.119500 0.137200 0.199400 0.192000
25 0.270100 0.394100 0.211300 0.192500
25 0.066800 0.307200 0.130800 0.169200
25 0.552200 0.842300 0.290200 0.285300
25 0.365500 0.084800 0.195100 0.159700
0 0.473200 0.365900 0.064200 0.296900
0 0.538400 0.350400 0.055500 0.292600
0 0.271700 0.891800 0.074100 0.216400
0 0.146300 0.386900 0.049000 0.193200
0 0.854600 0.945200 0.057500 0.104600
0 0.195700 0.582900 0.084000 0.223200
0 0.897400 0.966300 0.056200 0.066700
56 0.289844 0.688889 0.101562 0.188889
56 0.885938 0.480556 0.070312 0.163889
56 0.792188 0.471528 0.081250 0.162500
56 0.776953 0.352778 0.069531 0.138889
56 0.709766 0.342361 0.088281 0.165278
56 0.720703 0.259028 0.075781 0.170833
56 0.966797 0.409028 0.066406 0.165278
0 0.977344 0.954861 0.045313 0.087500
0 0.326562 0.586111 0.079687 0.208333
58 0.074609 0.600694 0.108594 0.387500
58 0.263281 0.130556 0.085938 0.258333
56 0.035937 0.704167 0.071875 0.208333
