56 0.451700 0.921600 0.049900 0.142300
56 0.833200 0.895200 0.072300 0.130700
56 0.506100 0.678800 0.045500 0.134000
56 0.785800 0.705400 0.036700 0.129400
56 0.303000 0.945200 0.057800 0.101100
56 0.951800 0.734600 0.047900 0.134500
56 0.758600 0.916900 0.055800 0.130100
56 0.494000 0.587100 0.033800 0.051600
56 0.416900 0.637800 0.052200 0.126700
56 0.647500 0.912200 0.034600 0.060100
56 0.910425 0.792600 0.058000 0.130500
56 0.140300 0.921700 0.043100 0.132700
25 0.200200 0.726900 0.155100 0.130400
25 0.244600 0.459500 0.145400 0.107700
25 0.460000 0.493500 0.151700 0.110700
25 0.264500 0.585200 0.138300 0.121300
25 0.378500 0.788400 0.159100 0.155500
25 0.881900 0.973000 0.202900 0.048700
0 0.586300 0.396400 0.054200 0.197200
0 0.637800 0.398800 0.046300 0.185100
0 0.946200 0.425800 0.042500 0.172900
0 0.517700 0.915300 0.050900 0.163500
0 0.986700 0.419100 0.024900 0.221800
0 0.318700 0.918900 0.062600 0.152600
0 0.540100 0.940800 0.059800 0.117000
0 0.955800 0.902600 0.037500 0.073700
0 0.959300 0.965500 0.037900 0.058800
0 0.609900 0.393200 0.031600 0.189700
0 0.618000 0.973500 0.060700 0.052200
56 0.705859 0.738889 0.047656 0.100000
56 0.715625 0.656944 0.040625 0.083333
56 0.760547 0.745139 0.047656 0.087500
56 0.909766 0.665278 0.042969 0.055556
56 0.876172 0.734722 0.042969 0.122222
56 0.846875 0.820833 0.050000 0.083333
56 0.769141 0.825000 0.050781 0.102778
56 0.721094 0.947222 0.054688 0.105556
56 0.268750 0.887500 0.043750 0.147222
0 0.422266 0.908333 0.057031 0.155556
0 0.296484 0.747917 0.036719 0.176389
58 0.214453 0.889583 0.096094 0.218056
58 0.370703 0.527778 0.074219 0.286111
