56 0.861500 0.681300 0.076400 0.152400
56 0.461000 0.416200 0.064400 0.154300
56 0.397500 0.705000 0.055400 0.176800
56 0.799900 0.445700 0.049500 0.155400
56 0.765000 0.678300 0.065200 0.159500
56 0.598600 0.804100 0.078400 0.125100
56 0.229100 0.733100 0.062000 0.158400
56 0.359100 0.356700 0.057300 0.154700
56 0.454000 0.321200 0.048600 0.109700
56 0.957400 0.397000 0.050800 0.051100
56 0.632900 0.733100 0.044400 0.171000
0 0.243200 0.706800 0.080300 0.206000
56 0.021600 0.700700 0.038400 0.183700
56 0.702200 0.484100 0.054200 0.156600
56 0.897300 0.487500 0.042700 0.161600
25 0.175200 0.297500 0.182100 0.155200
25 0.102500 0.464100 0.186900 0.151400
25 0.885600 0.849600 0.197900 0.244700
25 0.309300 0.527500 0.202700 0.177600
25 0.148800 0.136800 0.172400 0.118900
25 0.570000 0.917100 0.287100 0.179000
25 0.409300 0.218100 0.174600 0.197000
0 0.979000 0.107700 0.042500 0.193500
0 0.495500 0.611200 0.067900 0.276100
0 0.559100 0.090600 0.060900 0.182600
0 0.627700 0.090600 0.047000 0.189200
0 0.535800 0.570900 0.049300 0.303500
0 0.258200 0.942300 0.067400 0.114600
0 0.204300 0.516200 0.049400 0.188900
56 0.330078 0.796528 0.067969 0.176389
56 0.093750 0.795139 0.079687 0.162500
56 0.710938 0.863889 0.075000 0.147222
56 0.730078 0.763194 0.077344 0.154167
56 0.872656 0.604861 0.070312 0.159722
56 0.778125 0.593750 0.084375 0.156944
56 0.772656 0.504167 0.065625 0.116667
56 0.726562 0.393750 0.064062 0.137500
56 0.947656 0.533333 0.050000 0.105556
56 0.987500 0.460417 0.025000 0.154167
0 0.838281 0.716667 0.043750 0.069444
0 0.366406 0.702083 0.070312 0.201389
58 0.137500 0.718056 0.096875 0.355556
58 0.303906 0.217361 0.071875 0.354167
