56 0.704900 0.702300 0.099600 0.182000
56 0.574000 0.639000 0.087100 0.142900
56 0.819100 0.208400 0.054500 0.177700
56 0.887600 0.485000 0.099900 0.196000
56 0.773400 0.485500 0.087300 0.208100
56 0.333800 0.519700 0.077600 0.229400
56 0.733600 0.606700 0.065200 0.147800
56 0.619900 0.545100 0.052300 0.169900
56 0.978700 0.296000 0.041300 0.224300
56 0.080400 0.454800 0.062800 0.133500
56 0.130000 0.576900 0.069900 0.149700
56 0.724200 0.173400 0.056900 0.153000
25 0.892200 0.711200 0.221800 0.342500
25 0.046900 0.230700 0.097000 0.196200
25 0.233600 0.325600 0.212600 0.221100
25 0.542300 0.825900 0.292900 0.331400
25 0.099400 0.078200 0.188000 0.148000
0 0.465500 0.196900 0.069300 0.303100
0 0.560700 0.174200 0.065100 0.306000
0 0.292000 0.856400 0.062000 0.277700
0 0.163200 0.515500 0.092100 0.229100
0 0.861600 0.923800 0.057400 0.150700
0 0.911200 0.946900 0.061800 0.103400
56 0.407813 0.186111 0.096875 0.175000
56 0.284766 0.088889 0.077344 0.177778
56 0.401563 0.109722 0.070312 0.219444
56 0.258203 0.643750 0.085156 0.204167
56 0.892969 0.400000 0.100000 0.175000
56 0.946875 0.270833 0.070312 0.213889
56 0.790234 0.393750 0.096094 0.179167
56 0.778516 0.282639 0.086719 0.156944
56 0.705469 0.264583 0.089062 0.156944
0 0.298828 0.518056 0.091406 0.233333
0 0.982031 0.929861 0.035937 0.137500
0 0.120312 0.262500 0.068750 0.250000
58 0.230078 0.094444 0.072656 0.133333
58 0.040625 0.544444 0.081250 0.388889
