25 0.371000 0.855300 0.100300 0.083200
25 0.386200 0.947700 0.107900 0.090500
25 0.526600 0.883900 0.104700 0.093800
2 0.082100 0.090100 0.095500 0.080700
0 0.620600 0.804900 0.033300 0.154700
0 0.922900 0.826100 0.038300 0.166400
0 0.880500 0.825800 0.034100 0.138000
0 0.651000 0.807000 0.030700 0.146100
0 0.262600 0.104600 0.024800 0.078500
0 0.382700 0.027500 0.022000 0.057300
0 0.192900 0.175300 0.023400 0.063900
0 0.052500 0.300500 0.025200 0.108100
0 0.177300 0.192500 0.027700 0.056600
0 0.066400 0.591000 0.027900 0.055900
56 0.080859 0.660417 0.035156 0.054167
56 0.095703 0.600694 0.028906 0.059722
56 0.491797 0.952778 0.027344 0.038889
56 0.546875 0.940972 0.026563 0.029167
56 0.718750 0.980556 0.031250 0.036111
8 0.783984 0.315972 0.432031 0.181944
58 0.461719 0.896528 0.059375 0.204167
25 0.104297 0.463194 0.161719 0.109722
25 0.068359 0.388889 0.136719 0.100000
