56 0.708300 0.674900 0.099200 0.223700
56 0.573900 0.634800 0.087900 0.137600
56 0.329300 0.513800 0.072900 0.234700
56 0.774300 0.477300 0.088400 0.211300
56 0.889100 0.453600 0.108600 0.236600
56 0.818000 0.196700 0.056600 0.190500
56 0.727900 0.605700 0.085800 0.255500
56 0.617300 0.542700 0.051500 0.194200
56 0.952200 0.266700 0.076800 0.255700
56 0.980100 0.296400 0.036200 0.207800
56 0.115900 0.547400 0.060800 0.145200
56 0.070900 0.454800 0.058000 0.133900
56 0.723800 0.141400 0.055800 0.148400
25 0.043500 0.208500 0.087300 0.190700
25 0.892500 0.681200 0.209100 0.296200
25 0.539400 0.787800 0.313600 0.365400
25 0.225200 0.294400 0.222800 0.204300
25 0.089600 0.049400 0.182000 0.094200
0 0.566800 0.147900 0.063300 0.306700
0 0.464700 0.163200 0.068600 0.318600
0 0.304500 0.848100 0.074800 0.320000
0 0.145300 0.491000 0.095300 0.238400
0 0.864700 0.921600 0.056100 0.150000
0 0.912600 0.943500 0.065900 0.109400
56 0.903906 0.385417 0.089062 0.184722
56 0.792578 0.375694 0.088281 0.162500
56 0.782422 0.258333 0.088281 0.161111
56 0.705859 0.243056 0.091406 0.188889
56 0.405859 0.159028 0.086719 0.187500
56 0.395312 0.081250 0.065625 0.159722
56 0.288281 0.088889 0.082813 0.175000
56 0.248437 0.625694 0.090625 0.198611
0 0.290234 0.511806 0.082031 0.231944
0 0.986719 0.929167 0.026563 0.138889
0 0.106250 0.249306 0.065625 0.276389
58 0.034766 0.535417 0.069531 0.420833
