56 0.417600 0.759100 0.044200 0.166600
56 0.477400 0.475900 0.054400 0.142800
56 0.857500 0.731600 0.067100 0.134000
56 0.798300 0.507700 0.041000 0.150700
56 0.601400 0.837300 0.072400 0.132800
56 0.895200 0.545200 0.045100 0.153400
56 0.239000 0.793500 0.057400 0.136200
56 0.774000 0.618900 0.034300 0.057900
56 0.071900 0.735800 0.055500 0.143800
56 0.981200 0.543700 0.036400 0.158400
56 0.945400 0.457800 0.040100 0.048300
56 0.925900 0.777900 0.027100 0.041900
56 0.381700 0.419000 0.058200 0.136400
56 0.167200 0.426600 0.051700 0.054900
56 0.763000 0.734000 0.054300 0.131400
25 0.326100 0.591400 0.184700 0.174300
25 0.129800 0.530700 0.170600 0.160100
25 0.198400 0.366300 0.178200 0.162700
25 0.884200 0.890200 0.220100 0.211800
25 0.175700 0.220100 0.171400 0.129100
25 0.418300 0.328200 0.167500 0.271500
25 0.578500 0.944100 0.268100 0.125700
0 0.569300 0.143700 0.053400 0.230100
0 0.975900 0.176700 0.044600 0.212000
0 0.628800 0.150900 0.042600 0.243300
0 0.502600 0.710200 0.066400 0.276300
0 0.534100 0.636900 0.044300 0.223600
0 0.263400 0.760300 0.083700 0.205500
0 0.774400 0.798700 0.049800 0.126400
56 0.114844 0.838194 0.068750 0.154167
56 0.201172 0.693056 0.057031 0.150000
56 0.347266 0.847222 0.074219 0.158333
56 0.458984 0.384722 0.067969 0.133333
56 0.707031 0.545833 0.056250 0.138889
56 0.717188 0.458333 0.056250 0.111111
56 0.761328 0.549306 0.055469 0.118056
56 0.940234 0.597222 0.052344 0.133333
56 0.860156 0.655556 0.076563 0.127778
56 0.701953 0.902778 0.067969 0.116667
56 0.726562 0.805556 0.059375 0.150000
56 0.643750 0.768056 0.065625 0.166667
0 0.764453 0.895139 0.060156 0.206944
0 0.254687 0.962500 0.070312 0.072222
0 0.240625 0.518750 0.050000 0.145833
0 0.381250 0.750694 0.064062 0.201389
0 0.985937 0.789583 0.028125 0.068056
0 0.981641 0.725694 0.036719 0.073611
58 0.155078 0.768750 0.108594 0.340278
58 0.322266 0.291667 0.075781 0.350000
