56 0.487100 0.601500 0.059600 0.135700
56 0.793400 0.616300 0.035700 0.141200
56 0.954100 0.645900 0.056200 0.146300
56 0.429500 0.857400 0.045900 0.162500
56 0.607800 0.941800 0.065500 0.104500
56 0.848600 0.828000 0.061200 0.113800
56 0.758900 0.831800 0.061300 0.129900
56 0.272600 0.887100 0.052200 0.143900
56 0.109300 0.833700 0.048400 0.150400
56 0.647500 0.859900 0.040900 0.125100
56 0.920300 0.705300 0.048400 0.142800
56 0.383700 0.923400 0.067500 0.146800
25 0.213500 0.356200 0.151000 0.123100
25 0.168900 0.646600 0.167800 0.160200
25 0.354500 0.712900 0.177000 0.193800
25 0.232200 0.489200 0.170500 0.151900
25 0.444100 0.430500 0.151600 0.201100
25 0.883700 0.929300 0.212300 0.145900
0 0.633100 0.287600 0.040600 0.217200
0 0.580800 0.286600 0.055800 0.220400
0 0.962500 0.318700 0.043600 0.197700
0 0.518600 0.883400 0.049900 0.246900
0 0.515500 0.759400 0.048100 0.127400
0 0.292800 0.856300 0.062800 0.170800
0 0.973300 0.824300 0.035300 0.069100
0 0.974200 0.898400 0.049200 0.106200
0 0.701800 0.920500 0.062300 0.149300
56 0.395703 0.530556 0.046094 0.108333
56 0.480469 0.509722 0.051562 0.086111
56 0.707031 0.650694 0.051562 0.112500
56 0.764844 0.663889 0.054688 0.108333
56 0.719531 0.563889 0.045313 0.077778
56 0.888672 0.654861 0.052344 0.123611
56 0.924609 0.577083 0.042969 0.054167
56 0.860156 0.757639 0.067188 0.106944
56 0.771094 0.740972 0.059375 0.087500
56 0.734766 0.908333 0.049219 0.116667
56 0.243750 0.817361 0.045313 0.134722
56 0.158594 0.925000 0.050000 0.133333
0 0.680859 0.948611 0.049219 0.100000
0 0.275781 0.622222 0.050000 0.125000
0 0.409766 0.843056 0.064844 0.191667
58 0.188672 0.851389 0.099219 0.291667
58 0.351172 0.430556 0.085156 0.330556
