56 0.859800 0.702600 0.064200 0.127500
56 0.464100 0.443300 0.071100 0.153200
56 0.760600 0.703500 0.064600 0.152600
56 0.800300 0.463100 0.043400 0.154300
56 0.397500 0.728500 0.051300 0.180300
56 0.601300 0.826100 0.073800 0.118700
56 0.704000 0.857500 0.090900 0.220500
56 0.236800 0.737000 0.059100 0.166600
56 0.197200 0.676100 0.046800 0.115200
56 0.365600 0.357200 0.051700 0.117500
56 0.896100 0.516100 0.042900 0.160800
56 0.457200 0.353600 0.049700 0.124000
56 0.950800 0.419200 0.039400 0.047500
56 0.701900 0.509800 0.055300 0.152000
56 0.933200 0.747300 0.027800 0.037800
56 0.775200 0.583700 0.033200 0.065700
26 0.552800 0.553300 0.024600 0.054100
25 0.316300 0.551500 0.178300 0.162000
25 0.189900 0.334800 0.169600 0.174400
25 0.158900 0.168000 0.181100 0.129900
25 0.112700 0.488200 0.195000 0.155600
25 0.883500 0.862500 0.210000 0.247300
25 0.414400 0.225800 0.182700 0.144500
25 0.576900 0.924900 0.261400 0.164200
0 0.626800 0.104900 0.041500 0.229100
0 0.495800 0.649400 0.068200 0.261700
0 0.979900 0.130200 0.042600 0.223300
0 0.566200 0.101400 0.055900 0.232100
0 0.536700 0.588600 0.052900 0.259200
0 0.258800 0.950700 0.071900 0.097400
0 0.820800 0.740300 0.050700 0.097700
0 0.237300 0.674900 0.049500 0.126100
56 0.334375 0.804167 0.068750 0.169444
56 0.098828 0.811111 0.072656 0.172222
56 0.049219 0.687500 0.059375 0.158333
56 0.729297 0.420833 0.063281 0.127778
56 0.767578 0.506944 0.069531 0.119444
56 0.940625 0.564583 0.059375 0.131944
56 0.982813 0.493750 0.034375 0.145833
56 0.872656 0.617361 0.068750 0.131944
56 0.639453 0.739583 0.061719 0.148611
56 0.726172 0.781944 0.069531 0.144444
0 0.796484 0.784028 0.036719 0.051389
0 0.371875 0.719444 0.075000 0.191667
0 0.228125 0.499306 0.056250 0.184722
0 0.987891 0.693750 0.024219 0.076389
0 0.984766 0.760417 0.030469 0.068056
58 0.144531 0.737500 0.098438 0.341667
58 0.310156 0.254861 0.087500 0.326389
