25 0.335000 0.037200 0.111300 0.072300
56 0.322000 0.486800 0.070600 0.233500
56 0.395500 0.116000 0.091900 0.201600
56 0.571900 0.606500 0.094500 0.174400
56 0.775600 0.450400 0.090000 0.209200
56 0.708400 0.672800 0.104500 0.195200
56 0.806900 0.176100 0.084900 0.237400
56 0.958100 0.234500 0.071200 0.270200
56 0.896700 0.451300 0.103600 0.195500
56 0.699400 0.205600 0.096400 0.220500
56 0.105600 0.514900 0.083000 0.250100
56 0.732500 0.553500 0.074400 0.234500
25 0.532800 0.788400 0.316000 0.361900
25 0.894800 0.662700 0.214900 0.334400
25 0.209800 0.266700 0.232800 0.213700
25 0.028100 0.170400 0.058000 0.202500
25 0.078900 0.042500 0.155600 0.081100
0 0.322000 0.827900 0.083800 0.328300
0 0.582400 0.112600 0.066400 0.224200
0 0.483200 0.130300 0.068600 0.260600
0 0.870900 0.917000 0.057500 0.164300
0 0.919400 0.932100 0.058400 0.123700
0 0.134700 0.484000 0.097800 0.241200
56 0.719141 0.106250 0.078906 0.173611
56 0.787891 0.229861 0.092969 0.179167
56 0.907812 0.357639 0.110937 0.195833
56 0.791406 0.356250 0.110937 0.204167
56 0.625000 0.511111 0.078125 0.227778
56 0.232422 0.609722 0.097656 0.227778
56 0.047656 0.432639 0.082813 0.259722
0 0.275000 0.486111 0.092188 0.233333
0 0.085547 0.215972 0.063281 0.259722
