25 0.372800 0.861800 0.102300 0.079200
25 0.387300 0.949800 0.107500 0.088500
25 0.528300 0.885800 0.105600 0.082500
2 0.072700 0.107400 0.096600 0.085100
0 0.923200 0.833700 0.036900 0.161200
0 0.880800 0.830700 0.034000 0.140300
0 0.620700 0.809100 0.034500 0.159100
0 0.270400 0.113600 0.021300 0.071900
0 0.651500 0.815400 0.035200 0.152900
0 0.177700 0.197200 0.026600 0.054800
0 0.384400 0.028900 0.020300 0.059700
0 0.055400 0.305900 0.024000 0.104700
0 0.069200 0.599500 0.024800 0.060400
0 0.192400 0.182500 0.019700 0.054400
0 0.178800 0.226400 0.027800 0.115700
0 0.477900 0.008300 0.014000 0.015400
0 0.393500 0.028300 0.018200 0.057100
56 0.082813 0.655556 0.042188 0.066667
56 0.091015 0.596528 0.022656 0.056944
56 0.492969 0.956250 0.034375 0.045833
56 0.559766 0.950000 0.042969 0.061111
56 0.717578 0.980556 0.041406 0.036111
8 0.783203 0.327083 0.433594 0.190278
58 0.463672 0.902778 0.058594 0.194444
25 0.106250 0.466667 0.157813 0.097222
25 0.070312 0.396528 0.140625 0.101389
