56 0.705800 0.704800 0.097400 0.206800
56 0.576000 0.650200 0.079800 0.142000
56 0.772200 0.509200 0.083800 0.206000
56 0.821000 0.235700 0.046800 0.174300
56 0.412100 0.105200 0.050600 0.151300
56 0.354600 0.541400 0.054500 0.194900
56 0.733300 0.613200 0.064100 0.156200
56 0.301500 0.104800 0.066900 0.140000
56 0.413400 0.200700 0.056900 0.159700
56 0.621000 0.574300 0.050100 0.191400
56 0.976800 0.299000 0.047300 0.218900
56 0.101700 0.483100 0.051100 0.141900
56 0.148000 0.549700 0.077100 0.232600
56 0.925400 0.296700 0.046300 0.189700
56 0.702200 0.269900 0.054500 0.149100
25 0.890100 0.721700 0.229300 0.321600
25 0.053300 0.258800 0.107500 0.191400
25 0.245800 0.329900 0.216200 0.207500
25 0.097200 0.084800 0.193000 0.171700
25 0.545400 0.831000 0.300300 0.306200
0 0.465200 0.258300 0.078200 0.317500
0 0.552700 0.231900 0.073100 0.305300
0 0.288500 0.864800 0.062000 0.280700
0 0.900900 0.948900 0.063300 0.098700
0 0.980300 0.944200 0.043300 0.104900
56 0.719141 0.184722 0.088281 0.172222
56 0.773828 0.289583 0.086719 0.162500
56 0.791797 0.424306 0.094531 0.195833
56 0.892187 0.529167 0.101562 0.155556
56 0.903125 0.420139 0.082813 0.170833
56 0.268359 0.656250 0.088281 0.195833
0 0.303906 0.538194 0.092188 0.215278
0 0.858594 0.925000 0.053125 0.147222
0 0.135937 0.286806 0.062500 0.251389
0 0.175781 0.537500 0.090625 0.241667
58 0.049219 0.561111 0.098438 0.372222
58 0.239063 0.107639 0.067188 0.140278
