56 0.804100 0.320300 0.055700 0.180600
56 0.704900 0.770500 0.079100 0.139900
56 0.584100 0.705800 0.077000 0.135200
56 0.368100 0.605500 0.058200 0.189100
56 0.924600 0.360000 0.047000 0.169600
56 0.769100 0.572400 0.081500 0.192500
56 0.883000 0.572200 0.072000 0.150600
56 0.327200 0.202200 0.068000 0.152700
56 0.176800 0.641000 0.063000 0.151100
56 0.426000 0.176700 0.056000 0.115300
56 0.733300 0.676200 0.062700 0.146300
56 0.972300 0.361200 0.052500 0.191100
56 0.430000 0.269000 0.069500 0.154700
56 0.351100 0.298400 0.081000 0.123300
56 0.135900 0.547500 0.049300 0.110800
56 0.702400 0.359100 0.055600 0.149300
56 0.629500 0.638300 0.048700 0.185400
25 0.892000 0.760000 0.219400 0.261700
25 0.128500 0.146500 0.190600 0.173200
25 0.068900 0.329000 0.140300 0.173500
25 0.273300 0.403000 0.199500 0.188800
25 0.553900 0.849300 0.292300 0.287700
25 0.378300 0.089700 0.192900 0.165600
0 0.472600 0.393100 0.067600 0.304500
0 0.538800 0.367200 0.061600 0.281400
0 0.273300 0.898500 0.055600 0.226100
0 0.202100 0.583500 0.081600 0.213100
0 0.897700 0.971200 0.060600 0.058200
0 0.977100 0.959900 0.041000 0.074800
56 0.884375 0.481944 0.087500 0.188889
56 0.785547 0.471528 0.075781 0.168056
56 0.773047 0.367361 0.064844 0.148611
56 0.726172 0.263194 0.077344 0.148611
56 0.294141 0.711111 0.082031 0.177778
0 0.331250 0.599306 0.082813 0.209722
0 0.171484 0.362500 0.057031 0.230556
0 0.854297 0.945833 0.044531 0.108333
58 0.083203 0.616667 0.107031 0.386111
58 0.263672 0.129861 0.085156 0.256944
56 0.043750 0.709028 0.087500 0.195833
