56 0.852800 0.761100 0.065300 0.117200
56 0.478100 0.510300 0.053200 0.138700
56 0.419900 0.786500 0.045200 0.161600
56 0.798100 0.536900 0.040500 0.136900
56 0.604400 0.866200 0.068500 0.123200
56 0.379300 0.448600 0.052000 0.140000
56 0.077900 0.767000 0.049400 0.145300
56 0.354100 0.863900 0.084200 0.210600
56 0.892700 0.578400 0.043900 0.148900
56 0.939800 0.489400 0.040600 0.047900
56 0.765400 0.737700 0.054100 0.114200
56 0.246800 0.821400 0.053700 0.139600
56 0.979800 0.571500 0.037700 0.148400
56 0.772900 0.647500 0.030600 0.057300
56 0.209300 0.733700 0.052500 0.125300
25 0.333700 0.615200 0.179900 0.147500
25 0.140400 0.555500 0.184100 0.147300
25 0.883900 0.904100 0.224500 0.186600
25 0.209000 0.406000 0.188800 0.162100
25 0.180300 0.256300 0.155000 0.123900
25 0.426400 0.297100 0.184100 0.127600
25 0.581600 0.961200 0.250300 0.077700
0 0.628800 0.190500 0.038700 0.232700
0 0.573000 0.182800 0.053400 0.232600
0 0.971800 0.211400 0.044200 0.219900
0 0.503300 0.765800 0.057400 0.260700
0 0.526300 0.670900 0.046300 0.170700
0 0.275000 0.773100 0.081400 0.197200
0 0.981400 0.756300 0.032000 0.076400
56 0.462109 0.431250 0.063281 0.134722
56 0.703906 0.573611 0.057813 0.133333
56 0.764453 0.579167 0.064844 0.108333
56 0.719141 0.476389 0.047656 0.088889
56 0.932813 0.619444 0.053125 0.133333
56 0.920313 0.802083 0.031250 0.059722
56 0.862500 0.677083 0.062500 0.112500
56 0.703906 0.913194 0.064062 0.112500
56 0.728906 0.811111 0.046875 0.136111
56 0.644141 0.798611 0.061719 0.144444
56 0.126953 0.867361 0.069531 0.168056
0 0.737891 0.909028 0.050781 0.179167
0 0.753906 0.877778 0.037500 0.244444
0 0.385547 0.769444 0.072656 0.191667
0 0.252734 0.549306 0.052344 0.151389
0 0.977734 0.813889 0.033594 0.063889
58 0.169531 0.789583 0.100000 0.334722
58 0.327734 0.325694 0.077344 0.318056
