56 0.460700 0.395100 0.071900 0.159100
56 0.801600 0.422200 0.045900 0.151400
56 0.391500 0.695000 0.050800 0.181300
56 0.762100 0.666200 0.068400 0.155600
56 0.704800 0.851700 0.075800 0.134700
56 0.597900 0.795700 0.073600 0.115900
56 0.212600 0.731400 0.056700 0.149000
56 0.447300 0.301600 0.045200 0.111900
56 0.326100 0.790000 0.062300 0.173300
56 0.354000 0.326800 0.058700 0.142700
56 0.960500 0.372800 0.051700 0.053500
56 0.860200 0.646400 0.062000 0.144900
56 0.730100 0.760400 0.062200 0.151000
56 0.957200 0.454400 0.082500 0.218100
26 0.284400 0.949600 0.019600 0.041300
25 0.887200 0.841300 0.205000 0.239300
25 0.097800 0.448100 0.186800 0.164100
25 0.168800 0.277100 0.190100 0.161500
25 0.305300 0.524900 0.196700 0.210000
25 0.140400 0.116700 0.174200 0.146800
25 0.401600 0.208500 0.175300 0.238200
25 0.569300 0.913000 0.283000 0.177700
0 0.496800 0.579100 0.064800 0.277300
0 0.559200 0.079300 0.071800 0.162300
0 0.622000 0.081700 0.049300 0.170700
0 0.261100 0.933500 0.070900 0.127000
0 0.981300 0.098800 0.038400 0.189100
0 0.535500 0.541900 0.048400 0.302100
0 0.239100 0.678800 0.080400 0.211500
0 0.209000 0.422600 0.043000 0.111400
56 0.082422 0.775694 0.072656 0.170833
56 0.030078 0.663889 0.060156 0.172222
56 0.175000 0.636111 0.054688 0.166667
56 0.643750 0.709028 0.065625 0.151389
56 0.781250 0.565278 0.050000 0.130556
56 0.868750 0.570833 0.081250 0.138889
56 0.913672 0.459722 0.060156 0.144444
56 0.774219 0.477778 0.057813 0.130556
56 0.700000 0.462500 0.064062 0.141667
56 0.724219 0.368056 0.054688 0.113889
0 0.361719 0.686111 0.070312 0.205556
0 0.869141 0.696528 0.039844 0.056944
58 0.127734 0.704167 0.096094 0.344444
58 0.299219 0.200000 0.087500 0.344444
