58 0.241100 0.931800 0.116200 0.124100
56 0.517700 0.792100 0.048000 0.131800
25 0.283600 0.597800 0.135200 0.121700
25 0.243800 0.835100 0.143200 0.119800
25 0.301700 0.707000 0.131100 0.116900
25 0.401900 0.880300 0.145200 0.129800
25 0.478200 0.618100 0.133000 0.096000
0 0.641700 0.535900 0.042500 0.177100
0 0.978300 0.556100 0.036100 0.181000
0 0.929500 0.556200 0.029500 0.186300
0 0.598500 0.526800 0.038900 0.185000
0 0.980900 0.913300 0.037600 0.166800
0 0.930800 0.980800 0.056000 0.041300
0 0.350800 0.971000 0.057100 0.059300
0 0.556900 0.987100 0.028300 0.026400
56 0.439063 0.725000 0.042188 0.086111
56 0.510156 0.709722 0.046875 0.072222
56 0.473437 0.966667 0.039062 0.063889
56 0.749219 0.968750 0.043750 0.059722
56 0.825391 0.977083 0.047656 0.043056
56 0.844531 0.928472 0.037500 0.073611
56 0.759375 0.915972 0.051562 0.073611
56 0.708984 0.843750 0.047656 0.084722
56 0.716406 0.761111 0.040625 0.052778
56 0.779297 0.790278 0.047656 0.069444
56 0.756250 0.847917 0.050000 0.073611
56 0.857422 0.840278 0.036719 0.097222
56 0.887500 0.876389 0.040625 0.077778
56 0.926562 0.829861 0.035937 0.087500
56 0.896094 0.777083 0.040625 0.045833
56 0.307813 0.961111 0.029687 0.075000
0 0.439453 0.969444 0.064844 0.058333
0 0.333203 0.834722 0.038281 0.130556
58 0.397266 0.650000 0.052344 0.252778
