56 0.805200 0.332800 0.052100 0.162500
56 0.703400 0.769700 0.087000 0.191600
56 0.587000 0.726800 0.076900 0.120400
56 0.770200 0.578400 0.079100 0.208600
56 0.881100 0.583900 0.072200 0.153500
56 0.430700 0.198100 0.055400 0.122100
56 0.923000 0.385300 0.052100 0.158100
56 0.734300 0.675600 0.058900 0.165000
56 0.431700 0.296100 0.067100 0.150700
56 0.302500 0.731100 0.050800 0.185500
56 0.177400 0.641000 0.056200 0.158600
56 0.628700 0.640600 0.045800 0.183100
56 0.964200 0.423600 0.056100 0.181100
56 0.330500 0.206900 0.055200 0.118500
56 0.973100 0.278000 0.042900 0.054600
56 0.361900 0.610800 0.053000 0.192000
26 0.459600 0.400900 0.022200 0.095700
25 0.888600 0.773100 0.214600 0.260000
25 0.071500 0.354400 0.148300 0.183800
25 0.135100 0.168000 0.209600 0.175000
25 0.278300 0.420100 0.199600 0.168200
25 0.553200 0.881100 0.283900 0.240300
25 0.382100 0.096500 0.191300 0.186000
25 0.106600 0.040800 0.190100 0.097500
0 0.540500 0.392400 0.059700 0.281100
0 0.480100 0.430400 0.065200 0.304000
0 0.266900 0.901000 0.058500 0.207300
0 0.178400 0.330100 0.047900 0.114000
0 0.895500 0.975500 0.058900 0.049300
0 0.207200 0.612400 0.086500 0.223700
0 0.966700 0.632800 0.055400 0.052500
0 0.976600 0.963800 0.045700 0.068800
56 0.705469 0.373611 0.070312 0.166667
56 0.767969 0.384722 0.087500 0.155556
56 0.724219 0.285417 0.078125 0.148611
56 0.883203 0.504861 0.080469 0.165278
56 0.788281 0.503472 0.079687 0.156944
56 0.140234 0.561806 0.066406 0.184722
0 0.333203 0.612500 0.083594 0.205556
0 0.854688 0.949306 0.042188 0.098611
58 0.090625 0.636111 0.112500 0.372222
58 0.270703 0.139583 0.074219 0.279167
56 0.043359 0.712500 0.086719 0.202778
