56 0.464800 0.458800 0.070000 0.155600
56 0.859900 0.708600 0.067800 0.138000
56 0.600200 0.833900 0.076200 0.125400
56 0.237900 0.768400 0.054800 0.157800
56 0.413100 0.741000 0.040800 0.178900
56 0.800200 0.485700 0.039900 0.150700
56 0.760100 0.726000 0.062000 0.149400
56 0.896500 0.542400 0.048400 0.160300
56 0.368900 0.387100 0.044900 0.131300
56 0.353700 0.829300 0.058700 0.166500
56 0.459000 0.367500 0.047300 0.110500
56 0.983500 0.518800 0.033600 0.161800
56 0.947700 0.440600 0.040600 0.047800
56 0.772500 0.550100 0.050100 0.144100
56 0.773900 0.603000 0.034000 0.060800
25 0.321300 0.581200 0.176500 0.184200
25 0.880800 0.869300 0.212200 0.234400
25 0.194700 0.347300 0.183700 0.159600
25 0.120500 0.521400 0.188600 0.170600
25 0.169300 0.193200 0.183500 0.118900
25 0.414600 0.279500 0.185500 0.217300
25 0.574500 0.943200 0.271700 0.124500
0 0.627900 0.129100 0.043100 0.238700
0 0.978300 0.151800 0.044100 0.220700
0 0.566200 0.121900 0.063500 0.240800
0 0.496500 0.678800 0.067200 0.261000
0 0.534900 0.615300 0.049600 0.238400
0 0.794400 0.786000 0.051200 0.122500
0 0.260900 0.738600 0.081500 0.207600
56 0.112109 0.825694 0.067969 0.154167
56 0.053125 0.704861 0.065625 0.165278
56 0.707031 0.521528 0.057813 0.123611
56 0.719141 0.426389 0.046094 0.102778
56 0.942187 0.583333 0.056250 0.125000
56 0.866016 0.639583 0.071094 0.131944
56 0.639844 0.756944 0.057813 0.136111
56 0.704687 0.888889 0.089062 0.141667
56 0.732813 0.790972 0.064062 0.143056
0 0.780078 0.891667 0.060156 0.216667
0 0.379297 0.733333 0.072656 0.194444
0 0.237109 0.500000 0.060156 0.158333
0 0.255469 0.955556 0.071875 0.086111
0 0.985547 0.715278 0.028906 0.077778
0 0.985547 0.770139 0.028906 0.068056
58 0.153125 0.759722 0.093750 0.325000
58 0.321484 0.261111 0.107031 0.350000
