58 0.264600 0.161400 0.177400 0.337500
58 0.286400 0.288600 0.066300 0.139400
56 0.705500 0.822000 0.075900 0.133000
56 0.803300 0.381500 0.050000 0.165900
56 0.590100 0.760700 0.068800 0.116000
56 0.767700 0.613300 0.067700 0.149700
56 0.859700 0.606400 0.093100 0.186900
56 0.450600 0.349700 0.061800 0.158900
56 0.391800 0.644200 0.040700 0.169700
56 0.203900 0.675500 0.059800 0.158700
56 0.730700 0.728300 0.064100 0.146400
56 0.165600 0.607800 0.046700 0.131100
56 0.774200 0.455500 0.056600 0.138000
56 0.347100 0.258600 0.054600 0.120400
56 0.700600 0.421500 0.055500 0.152200
56 0.441400 0.260000 0.046500 0.137600
56 0.918100 0.421000 0.053900 0.159000
56 0.964300 0.358700 0.060800 0.111200
56 0.321600 0.759800 0.061200 0.176200
25 0.886500 0.804000 0.226200 0.274600
25 0.395200 0.168600 0.181800 0.283300
25 0.293100 0.468200 0.189400 0.182200
25 0.086800 0.397400 0.165300 0.159800
25 0.150900 0.223700 0.193600 0.163400
25 0.568300 0.894200 0.278600 0.207600
25 0.129600 0.075900 0.181300 0.135600
0 0.486500 0.511700 0.073300 0.305300
0 0.264500 0.915100 0.068700 0.162000
0 0.555100 0.054900 0.071400 0.106300
0 0.618200 0.053900 0.058300 0.105100
0 0.534500 0.457000 0.052700 0.263200
0 0.230300 0.646700 0.081600 0.208000
0 0.919700 0.667200 0.028100 0.067100
0 0.981300 0.073800 0.035900 0.151800
56 0.065234 0.752083 0.083594 0.190278
56 0.720703 0.332639 0.058594 0.137500
56 0.961719 0.475000 0.057813 0.147222
56 0.879297 0.547917 0.082031 0.151389
56 0.787500 0.543750 0.071875 0.148611
56 0.632422 0.673611 0.067969 0.161111
0 0.849219 0.963194 0.035937 0.073611
0 0.964453 0.977778 0.038281 0.044444
0 0.348047 0.648611 0.074219 0.202778
0 0.198828 0.422917 0.058594 0.218056
58 0.112109 0.661806 0.097656 0.370833
