58 0.256500 0.950300 0.122700 0.096600
56 0.518500 0.819600 0.046900 0.126200
56 0.512200 0.728300 0.033300 0.052700
56 0.772700 0.835400 0.043900 0.120500
25 0.290300 0.613400 0.124300 0.101000
25 0.308300 0.729400 0.125800 0.116800
25 0.408900 0.895200 0.149500 0.127200
25 0.483900 0.644600 0.129300 0.100400
25 0.251900 0.854000 0.142800 0.124100
0 0.598700 0.554000 0.046300 0.183300
0 0.974200 0.580700 0.041100 0.180900
0 0.641000 0.559400 0.042500 0.173300
0 0.924000 0.578600 0.034300 0.179400
0 0.977600 0.923800 0.043000 0.147000
56 0.443750 0.741667 0.040625 0.077778
56 0.704687 0.858333 0.040625 0.094444
56 0.715234 0.785417 0.035156 0.062500
56 0.753516 0.853472 0.046094 0.065278
56 0.755469 0.918750 0.040625 0.065278
56 0.833984 0.931944 0.050781 0.086111
56 0.752344 0.974306 0.050000 0.048611
56 0.861328 0.858333 0.033594 0.083333
56 0.887891 0.902778 0.039844 0.100000
56 0.927734 0.839583 0.039844 0.087500
56 0.889844 0.797222 0.040625 0.058333
0 0.348828 0.972917 0.042969 0.051389
0 0.435937 0.977083 0.062500 0.045833
0 0.342969 0.852778 0.040625 0.127778
58 0.399609 0.672917 0.057031 0.245833
