56 0.417600 0.765500 0.046600 0.172800
56 0.476500 0.486700 0.057100 0.141900
56 0.799800 0.511800 0.036700 0.139300
56 0.857500 0.737400 0.070200 0.137000
56 0.603300 0.855600 0.071800 0.119000
56 0.243700 0.796900 0.053300 0.159200
56 0.379800 0.417800 0.053700 0.123400
56 0.894600 0.551300 0.038800 0.138300
56 0.353800 0.856500 0.063100 0.172300
56 0.075100 0.736000 0.054300 0.153500
56 0.702600 0.893900 0.065500 0.129000
25 0.130600 0.535600 0.171800 0.151400
25 0.329200 0.596700 0.182800 0.160500
25 0.177600 0.230900 0.165900 0.130800
25 0.199300 0.386600 0.176700 0.181200
25 0.885500 0.895000 0.213500 0.203300
25 0.419900 0.329800 0.174300 0.258200
25 0.579500 0.948000 0.260600 0.116600
0 0.629600 0.161100 0.042100 0.237400
0 0.973600 0.191100 0.042400 0.218600
0 0.569800 0.158800 0.050500 0.239900
0 0.497800 0.731000 0.071200 0.273800
0 0.526000 0.639600 0.048300 0.177300
0 0.262700 0.733900 0.055500 0.144400
0 0.759600 0.887800 0.073100 0.242500
56 0.119922 0.847222 0.071094 0.133333
56 0.209375 0.720833 0.054688 0.130556
56 0.460938 0.402083 0.057813 0.115278
56 0.707031 0.547917 0.053125 0.120833
56 0.766797 0.560417 0.060156 0.118056
56 0.720703 0.454861 0.042969 0.093056
56 0.937500 0.467361 0.042188 0.054167
56 0.939062 0.597222 0.048437 0.125000
56 0.980078 0.542361 0.039844 0.145833
56 0.773828 0.657639 0.060156 0.126389
56 0.861328 0.636806 0.052344 0.090278
56 0.764844 0.721528 0.071875 0.126389
56 0.641797 0.784028 0.060156 0.156944
56 0.717578 0.802083 0.049219 0.120833
56 0.923828 0.787500 0.030469 0.058333
0 0.772656 0.804167 0.045313 0.141667
0 0.253906 0.968750 0.065625 0.062500
0 0.244922 0.518056 0.057031 0.125000
0 0.385156 0.754167 0.059375 0.200000
0 0.980859 0.736111 0.036719 0.086111
0 0.983203 0.798611 0.027344 0.072222
58 0.158203 0.775000 0.102344 0.327778
58 0.321875 0.306944 0.076563 0.311111
