56 0.910900 0.424100 0.092800 0.206000
56 0.776300 0.427800 0.089600 0.208800
56 0.559900 0.585900 0.095500 0.170500
56 0.709200 0.670200 0.104500 0.190100
56 0.390100 0.101000 0.097300 0.191600
56 0.956200 0.204400 0.075700 0.263000
56 0.818500 0.118700 0.081100 0.196700
56 0.304400 0.478600 0.077200 0.267300
56 0.730700 0.548700 0.083300 0.234300
56 0.699800 0.171800 0.104200 0.243400
56 0.613300 0.511500 0.050400 0.213900
56 0.024700 0.391500 0.044600 0.190700
25 0.895300 0.660200 0.208900 0.345300
25 0.529400 0.786600 0.326000 0.360200
25 0.195100 0.231600 0.250900 0.227700
25 0.019400 0.139300 0.040300 0.189900
0 0.361400 0.797700 0.073100 0.364100
0 0.612500 0.068800 0.069700 0.140000
0 0.513000 0.081900 0.071100 0.157800
0 0.111100 0.456500 0.097400 0.249100
56 0.210938 0.582639 0.123438 0.231944
56 0.782812 0.192361 0.100000 0.165278
56 0.725781 0.077083 0.076563 0.154167
56 0.800781 0.331944 0.107813 0.197222
56 0.912891 0.329167 0.107031 0.194444
56 0.077344 0.502083 0.110937 0.248611
0 0.071094 0.154167 0.053125 0.216667
0 0.259766 0.458333 0.077344 0.269444
0 0.871094 0.909722 0.057813 0.180556
0 0.925781 0.936806 0.065625 0.126389
