56 0.550900 0.947700 0.048200 0.099700
25 0.347400 0.791800 0.111100 0.091300
25 0.365200 0.889500 0.120800 0.101200
25 0.513900 0.820700 0.116500 0.100500
25 0.319200 0.973500 0.147900 0.055100
0 0.649700 0.742300 0.034100 0.150000
0 0.613500 0.736700 0.036300 0.166200
0 0.930500 0.758000 0.038900 0.170300
0 0.889300 0.759700 0.035700 0.146800
0 0.128000 0.121900 0.023900 0.088800
0 0.022100 0.509400 0.026600 0.062600
0 0.199100 0.036800 0.026900 0.058700
0 0.009000 0.195500 0.015300 0.146200
56 0.032812 0.582639 0.035937 0.065278
56 0.057422 0.517361 0.030469 0.090278
56 0.485156 0.904167 0.029687 0.072222
56 0.544531 0.879167 0.035937 0.025000
56 0.707812 0.981250 0.029687 0.034722
56 0.716016 0.925000 0.021094 0.019444
56 0.770703 0.965278 0.028906 0.047222
56 0.837891 0.977083 0.025781 0.034722
56 0.865625 0.945139 0.026563 0.029167
56 0.901563 0.968750 0.026563 0.040278
8 0.752734 0.214583 0.494531 0.176389
0 0.184375 0.068056 0.025000 0.080556
58 0.446094 0.827778 0.064062 0.238889
25 0.078516 0.372222 0.157031 0.127778
