58 0.328500 0.362600 0.122000 0.263700
56 0.486700 0.551600 0.058400 0.142800
56 0.425800 0.820600 0.047900 0.165500
56 0.796100 0.573500 0.038700 0.134100
56 0.272100 0.829600 0.056200 0.162800
56 0.851100 0.792200 0.061200 0.122900
56 0.891700 0.612100 0.045800 0.132700
56 0.605100 0.899800 0.064600 0.113900
56 0.389500 0.486200 0.050100 0.122200
56 0.084800 0.798900 0.053000 0.140000
56 0.359100 0.889900 0.083100 0.203400
56 0.760700 0.797300 0.059000 0.134600
56 0.933200 0.554300 0.052900 0.096600
25 0.150700 0.599100 0.182700 0.145700
25 0.199600 0.305200 0.158400 0.114700
25 0.349000 0.660400 0.166800 0.167200
25 0.883000 0.918100 0.225600 0.164800
25 0.221000 0.457500 0.177800 0.162900
25 0.433400 0.393700 0.181000 0.243600
0 0.630300 0.240200 0.041200 0.217200
0 0.575300 0.235700 0.056200 0.209000
0 0.965600 0.264400 0.040600 0.204700
0 0.510200 0.818500 0.059900 0.259900
0 0.525400 0.701900 0.046100 0.140400
0 0.979100 0.868200 0.034900 0.082200
0 0.978000 0.801800 0.042700 0.097600
0 0.289000 0.800800 0.056200 0.152600
56 0.144141 0.896528 0.061719 0.129167
56 0.228906 0.772222 0.043750 0.116667
56 0.473437 0.462500 0.045313 0.105556
56 0.646484 0.829167 0.057031 0.136111
56 0.917188 0.832639 0.032812 0.045833
56 0.770703 0.711806 0.052344 0.112500
56 0.861328 0.715972 0.058594 0.112500
56 0.928906 0.663194 0.054688 0.123611
56 0.975391 0.597917 0.049219 0.140278
56 0.706250 0.608333 0.059375 0.119444
56 0.766797 0.611806 0.060156 0.104167
56 0.718750 0.532639 0.056250 0.118056
0 0.701953 0.931944 0.052344 0.133333
0 0.717969 0.896528 0.039062 0.201389
0 0.266406 0.582639 0.043750 0.120833
0 0.396875 0.808333 0.067188 0.183333
58 0.175781 0.822222 0.103125 0.330556
