58 0.200488 0.878956 0.122700 0.238900
56 0.300700 0.921100 0.058800 0.146800
56 0.449400 0.911900 0.050200 0.147900
56 0.494500 0.667300 0.052600 0.145300
56 0.138700 0.893100 0.047000 0.143700
56 0.951400 0.710200 0.046200 0.138700
56 0.788400 0.694800 0.037800 0.140500
56 0.918500 0.646900 0.037600 0.042400
56 0.757600 0.890500 0.057200 0.135900
56 0.646100 0.895900 0.033500 0.066900
56 0.763300 0.737600 0.047100 0.136900
56 0.414100 0.613900 0.053100 0.119800
25 0.191300 0.706700 0.155400 0.132700
25 0.236500 0.442100 0.150900 0.124200
25 0.371000 0.778800 0.174400 0.183600
25 0.256300 0.568500 0.146500 0.124000
25 0.451600 0.516300 0.155600 0.208000
25 0.883700 0.961900 0.213800 0.079500
0 0.584700 0.369200 0.053400 0.202400
0 0.948200 0.400600 0.046600 0.171500
0 0.637000 0.370600 0.045500 0.189400
0 0.512300 0.887900 0.053300 0.172200
0 0.985700 0.394400 0.028700 0.234500
0 0.958500 0.885900 0.038200 0.073700
0 0.536500 0.925300 0.058900 0.143600
0 0.302800 0.893900 0.051300 0.139600
0 0.959500 0.948700 0.036100 0.062500
0 0.324200 0.897300 0.056300 0.154800
0 0.640800 0.951900 0.050900 0.094200
0 0.282831 0.728556 0.049800 0.162800
56 0.489844 0.581944 0.051562 0.097222
56 0.704687 0.709028 0.050000 0.090278
56 0.717188 0.634028 0.046875 0.076389
56 0.911328 0.768750 0.052344 0.104167
56 0.879297 0.714583 0.047656 0.123611
56 0.839453 0.895833 0.060156 0.094444
56 0.849219 0.813889 0.050000 0.111111
56 0.764453 0.806944 0.050781 0.100000
56 0.723828 0.945139 0.060156 0.106944
56 0.601562 0.965278 0.040625 0.066667
56 0.379687 0.960417 0.067188 0.076389
56 0.182812 0.958333 0.057813 0.080556
56 0.257812 0.863194 0.037500 0.120833
0 0.418750 0.895833 0.059375 0.152778
58 0.371875 0.494444 0.082813 0.313889
