56 0.770300 0.523600 0.083700 0.202300
56 0.704100 0.731300 0.091400 0.183300
56 0.808800 0.268500 0.056900 0.176100
56 0.579900 0.673300 0.081800 0.141500
56 0.362200 0.572700 0.054900 0.183500
56 0.882900 0.520000 0.087000 0.196000
56 0.925000 0.322400 0.052700 0.170000
56 0.417300 0.119800 0.052100 0.109400
56 0.732200 0.643600 0.062800 0.141300
56 0.975700 0.328800 0.050100 0.186200
56 0.621800 0.581800 0.050000 0.162800
56 0.307400 0.135300 0.059500 0.131700
56 0.152900 0.608000 0.062000 0.165300
56 0.114600 0.516300 0.057100 0.131800
26 0.568100 0.228000 0.024100 0.055100
25 0.889300 0.734800 0.212900 0.291000
25 0.257100 0.360100 0.210800 0.184800
25 0.104900 0.097600 0.196800 0.171100
25 0.065700 0.289000 0.123400 0.179500
25 0.547600 0.830500 0.289700 0.301000
0 0.477300 0.318200 0.069600 0.312800
0 0.541700 0.286500 0.058400 0.288100
0 0.277100 0.867100 0.064500 0.262800
0 0.898500 0.953400 0.062000 0.089200
0 0.172500 0.517000 0.057200 0.146800
0 0.147600 0.262800 0.047900 0.121200
56 0.277344 0.668750 0.093750 0.187500
56 0.420703 0.241667 0.069531 0.152778
56 0.776563 0.321528 0.081250 0.143056
56 0.707422 0.317361 0.086719 0.181944
56 0.716797 0.227083 0.071094 0.184722
56 0.891797 0.450000 0.091406 0.180556
56 0.789453 0.450000 0.092969 0.172222
0 0.854297 0.932639 0.050781 0.134722
0 0.978906 0.944444 0.042188 0.108333
0 0.317578 0.556944 0.085156 0.205556
58 0.064453 0.585417 0.097656 0.390278
58 0.253125 0.145139 0.076563 0.148611
56 0.027734 0.677778 0.049219 0.211111
25 0.367578 0.050694 0.188281 0.098611
