58 0.211000 0.895300 0.116100 0.196600
56 0.511200 0.709600 0.046400 0.133500
56 0.830300 0.924500 0.064100 0.120300
56 0.785300 0.740400 0.034700 0.120700
56 0.454400 0.940900 0.052900 0.111300
56 0.946500 0.768000 0.038300 0.127300
56 0.756700 0.928200 0.056700 0.117900
56 0.867200 0.773400 0.024600 0.103900
56 0.423200 0.673500 0.048000 0.126400
25 0.254100 0.505300 0.137700 0.113400
25 0.214100 0.762200 0.147300 0.129200
25 0.274400 0.630900 0.134600 0.123900
25 0.384000 0.827700 0.165600 0.178200
25 0.463400 0.537000 0.149700 0.117800
0 0.588700 0.439300 0.056700 0.209400
0 0.641400 0.440800 0.048200 0.193800
0 0.523000 0.934800 0.045300 0.119400
0 0.549700 0.957300 0.058400 0.084500
0 0.940400 0.472300 0.040200 0.169600
0 0.985700 0.462000 0.027800 0.217800
0 0.324600 0.932300 0.053300 0.124700
0 0.949200 0.945000 0.055100 0.092100
0 0.602500 0.983000 0.034200 0.030300
0 0.985200 0.891100 0.027700 0.224900
0 0.300012 0.783033 0.051600 0.166200
0 0.420700 0.927500 0.062200 0.131100
0 0.617600 0.982200 0.065400 0.036700
0 0.947200 0.980300 0.053800 0.038200
56 0.501562 0.630556 0.045313 0.066667
56 0.300781 0.950000 0.035937 0.100000
56 0.157031 0.938194 0.046875 0.115278
56 0.274609 0.913194 0.044531 0.093056
56 0.648438 0.941667 0.040625 0.069444
56 0.764063 0.842361 0.048437 0.070833
56 0.847266 0.854167 0.058594 0.080556
56 0.903125 0.819444 0.051562 0.094444
56 0.908203 0.702083 0.038281 0.056944
56 0.720703 0.704167 0.047656 0.088889
56 0.703125 0.765972 0.048437 0.095833
56 0.755859 0.770139 0.053906 0.090278
58 0.382031 0.565972 0.068750 0.270833
