56 0.534375 0.861589 0.044600 0.130300
25 0.426500 0.942900 0.137000 0.113500
25 0.331500 0.792000 0.122300 0.113500
25 0.315300 0.678300 0.115800 0.095500
25 0.495100 0.705100 0.121500 0.095100
25 0.276200 0.910100 0.132500 0.120400
0 0.645300 0.628600 0.040100 0.178800
0 0.961900 0.644900 0.045100 0.171900
0 0.603200 0.621400 0.044600 0.168900
0 0.914300 0.643900 0.038400 0.164800
0 0.973700 0.946800 0.047000 0.095100
56 0.523047 0.784028 0.038281 0.054167
56 0.462109 0.805556 0.042969 0.091667
56 0.706250 0.920833 0.042188 0.086111
56 0.712500 0.845833 0.037500 0.061111
56 0.769922 0.862500 0.035156 0.077778
56 0.746875 0.914583 0.051562 0.076389
56 0.754297 0.968056 0.042969 0.061111
56 0.827344 0.972222 0.037500 0.052778
56 0.878516 0.956944 0.038281 0.072222
56 0.852734 0.904167 0.038281 0.088889
56 0.880859 0.845833 0.025781 0.050000
56 0.918750 0.885417 0.032812 0.073611
0 0.357812 0.911806 0.026563 0.143056
8 0.700781 0.066667 0.598437 0.133333
58 0.422656 0.730556 0.054688 0.261111
