25 0.371900 0.858700 0.099100 0.080300
25 0.528100 0.886600 0.106000 0.088600
25 0.387000 0.949500 0.107900 0.090300
2 0.076300 0.101400 0.095500 0.080800
0 0.922900 0.830800 0.036600 0.164500
0 0.620900 0.807100 0.033000 0.156000
0 0.880700 0.830700 0.033900 0.143500
0 0.269000 0.107900 0.021300 0.078800
0 0.650300 0.808700 0.029800 0.147500
0 0.383800 0.028400 0.020000 0.061500
0 0.054300 0.303700 0.025100 0.103600
0 0.192100 0.179100 0.019800 0.055300
0 0.176200 0.194200 0.023900 0.055100
0 0.067500 0.597600 0.027400 0.060600
0 0.393700 0.027400 0.018300 0.055300
0 0.477000 0.007500 0.013200 0.013600
0 0.178800 0.224100 0.026300 0.091000
56 0.078906 0.656250 0.042188 0.065278
56 0.097656 0.602778 0.025000 0.066667
56 0.490625 0.953472 0.023438 0.037500
56 0.557031 0.954167 0.035937 0.047222
56 0.712891 0.982639 0.027344 0.031944
8 0.782422 0.320833 0.435156 0.180556
58 0.468359 0.900694 0.063281 0.195833
25 0.099219 0.471528 0.157813 0.093056
25 0.071875 0.393056 0.143750 0.094444
