56 0.549700 0.945600 0.045200 0.102400
25 0.347400 0.789800 0.110000 0.092900
25 0.365200 0.888000 0.120600 0.102800
25 0.513200 0.820100 0.118100 0.104000
25 0.318400 0.973100 0.151100 0.058700
0 0.650800 0.740300 0.033600 0.151600
0 0.613600 0.733900 0.035800 0.168300
0 0.931200 0.755400 0.036800 0.172900
0 0.889400 0.757900 0.034300 0.152700
0 0.127400 0.118500 0.023500 0.087000
0 0.182400 0.040800 0.021600 0.057300
0 0.020900 0.506400 0.030200 0.064900
0 0.008500 0.182400 0.015500 0.139000
0 0.200700 0.027700 0.026000 0.053800
56 0.051562 0.509028 0.023438 0.079167
56 0.034766 0.568056 0.044531 0.069444
56 0.479688 0.893056 0.026563 0.050000
56 0.541016 0.877778 0.028906 0.036111
56 0.705859 0.978472 0.033594 0.040278
56 0.716016 0.924306 0.025781 0.037500
56 0.770703 0.950694 0.027344 0.043056
56 0.744141 0.984722 0.021094 0.027778
56 0.837109 0.973611 0.025781 0.050000
56 0.866406 0.940972 0.031250 0.029167
56 0.896875 0.967361 0.029687 0.043056
8 0.748438 0.209722 0.503125 0.186111
58 0.446094 0.834028 0.060938 0.229167
25 0.077734 0.364583 0.155469 0.131944
