56 0.458800 0.388300 0.068800 0.158000
56 0.802300 0.417300 0.047000 0.150600
56 0.762200 0.665600 0.068900 0.145500
56 0.394800 0.676200 0.044400 0.166600
56 0.704300 0.849800 0.075900 0.134000
56 0.207400 0.709100 0.059100 0.149300
56 0.597700 0.793300 0.072700 0.107600
56 0.858700 0.649000 0.068900 0.140000
56 0.444700 0.293700 0.046400 0.110400
56 0.350600 0.302200 0.051800 0.112800
56 0.961300 0.369900 0.051100 0.053600
56 0.897700 0.479200 0.045000 0.177400
56 0.173900 0.639900 0.048000 0.124100
56 0.323000 0.770000 0.076900 0.213500
56 0.954200 0.513400 0.055700 0.147900
26 0.286100 0.942800 0.019600 0.043600
25 0.884300 0.838300 0.214800 0.247900
25 0.165700 0.269600 0.187400 0.173700
25 0.304700 0.519400 0.192800 0.210900
25 0.140200 0.110700 0.175000 0.144000
25 0.095900 0.446400 0.186300 0.168200
25 0.399600 0.206800 0.178200 0.257500
25 0.569600 0.912500 0.281500 0.179400
0 0.496900 0.571000 0.065100 0.284700
0 0.557700 0.075300 0.072100 0.155700
0 0.262900 0.932300 0.071600 0.129100
0 0.628800 0.076800 0.052100 0.158800
0 0.536600 0.525400 0.049800 0.276500
0 0.980800 0.089100 0.039900 0.178800
0 0.232700 0.642500 0.059000 0.128800
56 0.074609 0.773611 0.086719 0.183333
56 0.704687 0.456250 0.070312 0.148611
56 0.770312 0.470139 0.068750 0.145833
56 0.722656 0.370833 0.064062 0.141667
56 0.779297 0.568750 0.064844 0.129167
56 0.873438 0.571528 0.081250 0.148611
56 0.635156 0.697222 0.075000 0.158333
56 0.731641 0.731250 0.082031 0.179167
56 0.029297 0.655556 0.057031 0.172222
0 0.849219 0.972917 0.034375 0.054167
0 0.873438 0.690972 0.034375 0.073611
0 0.212500 0.454167 0.050000 0.194444
0 0.362500 0.673611 0.068750 0.208333
58 0.136328 0.700694 0.096094 0.337500
58 0.294922 0.190972 0.088281 0.343056
