58 0.172012 0.815744 0.122100 0.340200
56 0.487500 0.554900 0.061300 0.142300
56 0.850800 0.799600 0.064200 0.125000
56 0.425200 0.824800 0.047700 0.169600
56 0.607900 0.915100 0.067900 0.111800
56 0.795400 0.581400 0.035800 0.138000
56 0.267400 0.855500 0.052800 0.127200
56 0.761000 0.802700 0.058000 0.127500
56 0.645600 0.833700 0.040300 0.129900
56 0.890400 0.615000 0.038700 0.126300
56 0.771300 0.693800 0.029600 0.056500
56 0.931800 0.574700 0.055500 0.123700
56 0.079700 0.820300 0.049300 0.141400
56 0.923800 0.667100 0.045000 0.142000
56 0.391300 0.511600 0.053200 0.137900
25 0.156800 0.605600 0.189200 0.149800
25 0.204500 0.319400 0.167100 0.126100
25 0.350600 0.665400 0.167100 0.167000
25 0.882400 0.920800 0.223400 0.167800
25 0.225100 0.461500 0.177800 0.156600
25 0.440300 0.396100 0.166800 0.212400
25 0.580400 0.976800 0.246600 0.040100
0 0.632300 0.252300 0.037700 0.225600
0 0.575200 0.245300 0.052900 0.226000
0 0.965100 0.275000 0.042400 0.212700
0 0.511200 0.831200 0.059000 0.259300
0 0.288900 0.824300 0.067000 0.175400
0 0.711900 0.892100 0.050000 0.154600
0 0.524200 0.708600 0.043200 0.123800
0 0.977000 0.803500 0.044500 0.094200
0 0.977000 0.867500 0.045000 0.106500
56 0.142969 0.904167 0.048437 0.127778
56 0.228906 0.773611 0.043750 0.116667
56 0.367578 0.914583 0.060156 0.115278
56 0.478516 0.469444 0.052344 0.075000
56 0.701563 0.620139 0.050000 0.112500
56 0.766016 0.622222 0.052344 0.094444
56 0.718750 0.531250 0.042188 0.093056
56 0.976562 0.605556 0.043750 0.125000
56 0.862109 0.716667 0.055469 0.105556
56 0.744141 0.877083 0.039844 0.126389
56 0.917188 0.839583 0.028125 0.040278
0 0.700000 0.933333 0.050000 0.130556
0 0.269141 0.581944 0.042969 0.113889
0 0.399219 0.818750 0.059375 0.176389
58 0.341016 0.388194 0.069531 0.298611
