56 0.391800 0.109100 0.087900 0.203100
56 0.824800 0.135700 0.059600 0.180800
56 0.709500 0.671900 0.108000 0.191300
56 0.785600 0.426600 0.088800 0.214400
56 0.317000 0.479200 0.065600 0.249800
56 0.890700 0.420600 0.130900 0.244100
56 0.569300 0.583200 0.093900 0.197100
56 0.954800 0.208300 0.075300 0.256600
56 0.730300 0.551000 0.082100 0.232800
56 0.791700 0.234200 0.079900 0.197200
56 0.207800 0.545900 0.111200 0.333200
56 0.699700 0.198500 0.103500 0.216900
56 0.084900 0.513800 0.085300 0.256300
25 0.527600 0.791300 0.319200 0.362600
25 0.896100 0.662400 0.209100 0.347100
25 0.196400 0.237100 0.243000 0.213400
0 0.485900 0.102100 0.077500 0.205400
0 0.351900 0.806800 0.082600 0.341800
0 0.596800 0.087600 0.068600 0.185000
0 0.920000 0.932600 0.064700 0.120800
0 0.869900 0.916700 0.060900 0.164200
0 0.258500 0.394000 0.072500 0.129500
56 0.731250 0.091667 0.093750 0.177778
56 0.912109 0.342361 0.108594 0.201389
56 0.800000 0.352083 0.106250 0.204167
56 0.619141 0.507639 0.100781 0.223611
56 0.045703 0.413889 0.091406 0.277778
0 0.119141 0.474306 0.100781 0.262500
0 0.070703 0.199306 0.078906 0.276389
25 0.028516 0.175000 0.057031 0.236111
