56 0.859300 0.695300 0.068900 0.132100
56 0.800600 0.454100 0.042600 0.152300
56 0.762600 0.698400 0.061100 0.154400
56 0.397100 0.725100 0.051400 0.179700
56 0.598800 0.805100 0.071800 0.131100
56 0.239200 0.730100 0.087400 0.199600
56 0.704400 0.856700 0.087600 0.188900
56 0.454700 0.334600 0.048900 0.102900
56 0.363500 0.363900 0.058400 0.149500
56 0.895900 0.512400 0.043300 0.160800
56 0.949300 0.544600 0.053800 0.146300
56 0.953500 0.453900 0.064700 0.137300
56 0.635400 0.736600 0.044300 0.155500
26 0.552500 0.540300 0.024100 0.049600
25 0.179800 0.305400 0.188300 0.151800
25 0.109400 0.479700 0.193200 0.156900
25 0.887000 0.856100 0.208100 0.244500
25 0.315700 0.537300 0.191100 0.162700
25 0.410500 0.242900 0.169300 0.220000
25 0.155500 0.161800 0.173500 0.134800
25 0.573600 0.923700 0.270600 0.165600
0 0.980100 0.115200 0.041300 0.217900
0 0.566900 0.097400 0.071000 0.205600
0 0.494900 0.635100 0.069600 0.272200
0 0.621700 0.097200 0.051500 0.218900
0 0.535700 0.582400 0.050800 0.276000
0 0.256800 0.947200 0.067800 0.104800
0 0.238400 0.672200 0.054000 0.124400
56 0.043359 0.689583 0.058594 0.156944
56 0.092969 0.811806 0.073437 0.168056
56 0.177734 0.655556 0.046094 0.150000
56 0.332031 0.804167 0.081250 0.155556
56 0.701563 0.495833 0.048437 0.119444
56 0.767578 0.506944 0.057031 0.136111
56 0.718359 0.395139 0.049219 0.095833
56 0.991016 0.482639 0.017969 0.145833
56 0.870313 0.613194 0.070312 0.159722
56 0.777734 0.604167 0.074219 0.133333
56 0.733203 0.765972 0.060156 0.156944
0 0.828516 0.720833 0.039844 0.075000
0 0.225391 0.477778 0.053906 0.161111
0 0.369531 0.715972 0.070312 0.195833
58 0.137891 0.729861 0.100781 0.337500
58 0.301953 0.237500 0.097656 0.327778
