58 0.180450 0.842889 0.128800 0.312500
56 0.490400 0.603800 0.059500 0.140200
56 0.428100 0.862700 0.053300 0.169000
56 0.848400 0.830700 0.062000 0.124500
56 0.607800 0.943700 0.069200 0.103600
56 0.758400 0.835200 0.064300 0.125500
56 0.964075 0.655278 0.048500 0.145200
56 0.790200 0.630700 0.040900 0.136800
56 0.271800 0.888300 0.050900 0.141100
56 0.926100 0.582500 0.038900 0.043500
56 0.919900 0.706300 0.049600 0.150200
25 0.216100 0.362300 0.158300 0.109300
25 0.171100 0.653400 0.166600 0.154700
25 0.356400 0.717400 0.173000 0.176800
25 0.238900 0.493000 0.146200 0.125400
25 0.445300 0.453500 0.157600 0.232000
25 0.880700 0.942400 0.230900 0.127400
0 0.580600 0.294200 0.055100 0.212300
0 0.633500 0.298300 0.042500 0.210600
0 0.961000 0.326500 0.044100 0.194200
0 0.519900 0.888300 0.049200 0.240000
0 0.517200 0.765700 0.050800 0.113800
0 0.293600 0.858600 0.065500 0.171400
0 0.975000 0.898300 0.047300 0.110600
0 0.673400 0.953200 0.052100 0.095400
0 0.972900 0.834000 0.033700 0.071900
0 0.701700 0.926800 0.063400 0.140900
56 0.723047 0.588194 0.055469 0.115278
56 0.701172 0.656944 0.050781 0.127778
56 0.757812 0.663194 0.053125 0.104167
56 0.877344 0.647222 0.046875 0.119444
56 0.857813 0.759722 0.057813 0.111111
56 0.768359 0.751389 0.055469 0.108333
56 0.735156 0.910417 0.050000 0.131944
56 0.645312 0.863889 0.046875 0.108333
56 0.369531 0.931944 0.067188 0.133333
56 0.240625 0.802778 0.045313 0.105556
56 0.158203 0.934028 0.050781 0.120833
56 0.116797 0.836111 0.050781 0.127778
56 0.400000 0.526389 0.059375 0.116667
56 0.483984 0.505556 0.052344 0.086111
0 0.410547 0.850000 0.055469 0.183333
0 0.276953 0.624306 0.053906 0.106944
58 0.349219 0.430556 0.079687 0.302778
