25 0.346600 0.787000 0.113800 0.101100
25 0.362400 0.883100 0.120100 0.105200
25 0.514000 0.803900 0.113900 0.081800
25 0.307400 0.965000 0.140000 0.067900
25 0.447300 0.987000 0.115500 0.023700
0 0.650000 0.732800 0.035100 0.157100
0 0.612900 0.727100 0.036600 0.168900
0 0.932300 0.753200 0.039100 0.178300
0 0.891100 0.754000 0.037200 0.158200
0 0.120400 0.107000 0.022800 0.105100
0 0.008200 0.195000 0.015100 0.110600
0 0.018400 0.496300 0.030900 0.063800
0 0.183000 0.028200 0.024700 0.048800
0 0.196400 0.024700 0.026600 0.046000
0 0.213000 0.013600 0.016300 0.029000
56 0.028125 0.568750 0.035937 0.093056
56 0.044141 0.502083 0.027344 0.081944
56 0.478516 0.897222 0.028906 0.058333
56 0.548437 0.946528 0.043750 0.051389
56 0.539453 0.875000 0.028906 0.036111
56 0.707031 0.979167 0.023438 0.036111
56 0.715625 0.924306 0.023438 0.031944
56 0.771484 0.945833 0.027344 0.044444
56 0.748828 0.984722 0.038281 0.027778
56 0.838281 0.976389 0.023438 0.044444
56 0.871875 0.934028 0.028125 0.015278
56 0.903906 0.964583 0.028125 0.037500
8 0.747266 0.208333 0.505469 0.194444
58 0.439063 0.829861 0.048437 0.231944
25 0.075000 0.354861 0.150000 0.134722
