56 0.706300 0.673700 0.098700 0.200400
56 0.822500 0.167200 0.056700 0.173000
56 0.326000 0.489900 0.068400 0.230900
56 0.896900 0.453600 0.098700 0.201600
56 0.572100 0.612700 0.089000 0.173200
56 0.775300 0.457800 0.090300 0.201700
56 0.398100 0.143200 0.087700 0.206700
56 0.956600 0.238700 0.076400 0.249000
56 0.734500 0.580700 0.064000 0.149000
56 0.052500 0.450900 0.065800 0.143900
56 0.232700 0.575100 0.103900 0.324000
56 0.788600 0.261300 0.078300 0.197200
56 0.702900 0.203900 0.089300 0.241000
56 0.615700 0.540900 0.050100 0.199600
25 0.216000 0.271600 0.220500 0.215700
25 0.894600 0.677800 0.210700 0.290000
25 0.535900 0.783900 0.313100 0.366700
25 0.038000 0.200200 0.080200 0.225200
25 0.085200 0.042500 0.177700 0.082700
0 0.317700 0.836500 0.099900 0.333200
0 0.572100 0.121800 0.065700 0.242700
0 0.473800 0.131800 0.059300 0.291000
0 0.868600 0.918400 0.055900 0.158200
0 0.915600 0.941400 0.067700 0.118800
0 0.139200 0.484900 0.096200 0.237300
56 0.900781 0.368056 0.104687 0.194444
56 0.796875 0.362500 0.096875 0.177778
56 0.726172 0.115972 0.078906 0.165278
0 0.278906 0.493056 0.100000 0.227778
0 0.090234 0.229861 0.066406 0.256944
