56 0.547500 0.919900 0.040300 0.129000
26 0.943500 0.729300 0.018200 0.038400
25 0.340800 0.762600 0.115200 0.091400
25 0.357200 0.862700 0.113400 0.105000
25 0.509300 0.789400 0.119500 0.096000
25 0.302800 0.957800 0.131800 0.089000
25 0.448900 0.975900 0.146100 0.046200
0 0.649200 0.712900 0.035100 0.154700
0 0.611100 0.706500 0.039700 0.166200
0 0.933500 0.728100 0.041000 0.166700
0 0.898000 0.730500 0.031000 0.165000
56 0.028906 0.485417 0.040625 0.101389
56 0.471094 0.873611 0.031250 0.077778
56 0.539453 0.870139 0.033594 0.076389
56 0.705859 0.969444 0.030469 0.058333
56 0.715625 0.909028 0.031250 0.062500
56 0.771875 0.933333 0.034375 0.066667
56 0.750391 0.971528 0.046094 0.054167
56 0.842578 0.959722 0.028906 0.047222
56 0.869531 0.921528 0.023438 0.043056
56 0.903516 0.951389 0.032031 0.058333
0 0.384766 0.945139 0.041406 0.076389
8 0.735937 0.175694 0.528125 0.184722
0 0.102344 0.075000 0.023438 0.080556
58 0.446094 0.805556 0.071875 0.236111
25 0.072656 0.334028 0.145313 0.156944
