56 0.786400 0.423800 0.093400 0.213900
56 0.895300 0.422400 0.110700 0.215700
56 0.566900 0.584200 0.096800 0.181200
56 0.956400 0.204000 0.075100 0.261600
56 0.708500 0.671100 0.104900 0.192100
56 0.815900 0.138600 0.080500 0.220200
56 0.390100 0.102300 0.100900 0.193500
56 0.700600 0.174400 0.096900 0.233600
56 0.729600 0.548300 0.083200 0.237300
56 0.613200 0.510700 0.051000 0.209400
56 0.083300 0.486600 0.090800 0.271400
25 0.895300 0.659500 0.209200 0.345200
25 0.195100 0.233600 0.248800 0.229600
25 0.529900 0.789100 0.325000 0.349200
25 0.020300 0.138800 0.042300 0.187100
0 0.359500 0.801600 0.074200 0.347400
0 0.606300 0.075300 0.070500 0.143200
0 0.507600 0.085300 0.073900 0.166600
0 0.111800 0.457700 0.101100 0.257800
0 0.926625 0.933989 0.066200 0.125200
56 0.218750 0.593750 0.107813 0.234722
56 0.720703 0.081250 0.071094 0.159722
56 0.783594 0.201389 0.101562 0.169444
56 0.796094 0.336111 0.098438 0.191667
56 0.918750 0.338194 0.103125 0.195833
56 0.307813 0.458333 0.082813 0.233333
56 0.039062 0.422222 0.078125 0.288889
0 0.875000 0.903472 0.056250 0.187500
0 0.071875 0.192361 0.060938 0.298611
0 0.263281 0.456250 0.090625 0.240278
