56 0.707500 0.672100 0.099400 0.213200
56 0.574000 0.616000 0.089200 0.172300
56 0.333000 0.488700 0.055300 0.190600
56 0.821300 0.174100 0.057000 0.176000
56 0.893200 0.451100 0.107300 0.208500
56 0.396000 0.142900 0.085200 0.200500
56 0.776200 0.458800 0.089900 0.208800
56 0.733100 0.581800 0.068100 0.150400
56 0.055200 0.452400 0.061000 0.158700
56 0.956300 0.233100 0.058800 0.180400
56 0.232700 0.578200 0.102400 0.273800
56 0.697500 0.233000 0.101800 0.198300
56 0.979800 0.263800 0.034700 0.226500
25 0.892400 0.679000 0.211700 0.291100
25 0.537300 0.780600 0.313600 0.382900
25 0.217600 0.276300 0.220300 0.216900
25 0.037600 0.201000 0.079500 0.216500
25 0.087400 0.044700 0.182300 0.087600
0 0.570700 0.134300 0.065600 0.272500
0 0.471300 0.133100 0.059500 0.295000
0 0.318000 0.838300 0.106700 0.326700
0 0.868500 0.919000 0.052800 0.157500
0 0.915100 0.941600 0.065500 0.116100
56 0.113281 0.544444 0.095312 0.197222
56 0.722656 0.137500 0.079687 0.197222
56 0.791016 0.245833 0.091406 0.169444
56 0.795313 0.365972 0.085938 0.173611
56 0.900781 0.361806 0.106250 0.190278
56 0.621484 0.519444 0.082031 0.205556
0 0.283594 0.495139 0.087500 0.218056
0 0.144531 0.498611 0.103125 0.252778
0 0.100391 0.240278 0.063281 0.266667
