25 0.367700 0.848600 0.100400 0.090900
25 0.381900 0.943900 0.121100 0.106200
25 0.523600 0.884500 0.111100 0.117800
2 0.103100 0.054500 0.085700 0.082800
0 0.924400 0.816600 0.036300 0.167200
0 0.619500 0.791500 0.034500 0.163000
0 0.652500 0.796800 0.033300 0.146600
0 0.256800 0.088400 0.022700 0.073500
0 0.880300 0.816100 0.034200 0.139800
0 0.194100 0.145400 0.021600 0.056000
0 0.056300 0.581600 0.027500 0.063600
0 0.384100 0.017600 0.015400 0.043600
0 0.372200 0.018500 0.015800 0.041800
0 0.043000 0.276200 0.025600 0.085500
0 0.178700 0.164700 0.022600 0.054600
56 0.714063 0.978472 0.031250 0.040278
56 0.558594 0.982639 0.032812 0.031944
56 0.552344 0.937500 0.034375 0.052778
56 0.490234 0.940972 0.039844 0.051389
56 0.067188 0.637500 0.040625 0.061111
56 0.091016 0.588889 0.028906 0.105556
8 0.776563 0.300000 0.446875 0.177778
0 0.169141 0.207639 0.024219 0.087500
58 0.458594 0.895833 0.062500 0.208333
25 0.097266 0.452778 0.182031 0.108333
25 0.064062 0.366667 0.128125 0.086111
