58 0.191706 0.870278 0.120800 0.258300
56 0.492000 0.614200 0.061500 0.137300
56 0.605400 0.949400 0.066400 0.100800
56 0.793000 0.637100 0.037200 0.138400
56 0.955100 0.669100 0.049200 0.134000
56 0.759900 0.853600 0.058400 0.123100
56 0.289100 0.888400 0.064900 0.142900
56 0.427500 0.864600 0.050700 0.160500
56 0.849600 0.836000 0.061000 0.120200
56 0.647100 0.886000 0.040100 0.136200
56 0.241300 0.826700 0.046200 0.123800
56 0.106800 0.858500 0.045500 0.129500
25 0.173000 0.661200 0.172000 0.150800
25 0.221400 0.379900 0.156800 0.123100
25 0.359100 0.722300 0.171300 0.168600
25 0.445600 0.459800 0.152500 0.208300
25 0.242300 0.508000 0.143500 0.123300
25 0.863200 0.945900 0.249500 0.116100
0 0.580700 0.307300 0.048600 0.213100
0 0.635200 0.315100 0.041600 0.213700
0 0.957700 0.337400 0.046200 0.196300
0 0.518800 0.895300 0.053700 0.210200
0 0.512200 0.795500 0.048400 0.140200
0 0.295200 0.830700 0.056300 0.115700
0 0.985400 0.324600 0.025200 0.270700
0 0.972300 0.840100 0.035700 0.070200
0 0.974100 0.924100 0.045900 0.111000
0 0.994300 0.367100 0.011100 0.190500
0 0.673500 0.929700 0.058300 0.124300
56 0.704297 0.671528 0.055469 0.112500
56 0.761719 0.678472 0.064062 0.106944
56 0.717578 0.582639 0.049219 0.098611
56 0.923047 0.609722 0.047656 0.083333
56 0.885547 0.652778 0.055469 0.097222
56 0.919531 0.720139 0.051562 0.112500
56 0.855469 0.768056 0.060938 0.113889
56 0.769922 0.762500 0.057031 0.108333
56 0.730078 0.915278 0.060156 0.113889
56 0.714844 0.970139 0.048437 0.059722
56 0.376172 0.931944 0.063281 0.133333
56 0.166016 0.940972 0.058594 0.112500
56 0.401172 0.538889 0.044531 0.108333
56 0.483594 0.518750 0.048437 0.087500
0 0.664844 0.959028 0.039062 0.079167
0 0.280859 0.638194 0.047656 0.109722
0 0.410937 0.859722 0.060938 0.177778
58 0.354297 0.440972 0.067969 0.287500
