56 0.319000 0.480700 0.066700 0.242700
56 0.785900 0.425400 0.087900 0.221900
56 0.956700 0.207200 0.074900 0.271300
56 0.570300 0.583200 0.092600 0.203200
56 0.825300 0.141600 0.057100 0.179200
56 0.709300 0.671900 0.104600 0.192100
56 0.394600 0.112700 0.087300 0.212100
56 0.729600 0.550000 0.077900 0.236800
56 0.910500 0.421200 0.099700 0.235300
56 0.697700 0.201100 0.105600 0.213500
56 0.207000 0.547400 0.108500 0.354800
56 0.036700 0.421600 0.067100 0.144800
56 0.113400 0.485300 0.108800 0.268400
25 0.532800 0.793700 0.312700 0.360700
25 0.896900 0.660500 0.212000 0.339600
25 0.203900 0.263500 0.238600 0.218300
25 0.025800 0.144500 0.052800 0.206400
0 0.337000 0.818800 0.066700 0.344900
0 0.487600 0.116800 0.075000 0.223900
0 0.590700 0.097300 0.071500 0.191700
0 0.869900 0.915500 0.061800 0.164400
0 0.921300 0.932200 0.060200 0.121400
0 0.260600 0.394600 0.071600 0.127700
56 0.795313 0.213194 0.098438 0.195833
56 0.729297 0.095833 0.089844 0.175000
56 0.802734 0.347222 0.097656 0.197222
56 0.904688 0.351389 0.115625 0.194444
56 0.614844 0.502083 0.109375 0.209722
0 0.081250 0.206250 0.065625 0.268056
0 0.119531 0.476389 0.096875 0.244444
