58 0.188381 0.861244 0.123700 0.268100
56 0.492800 0.611200 0.062400 0.142000
56 0.792200 0.635400 0.038000 0.137700
56 0.608500 0.946300 0.068600 0.104700
56 0.428500 0.863500 0.051500 0.163400
56 0.962250 0.660856 0.046800 0.139200
56 0.287500 0.888400 0.062400 0.147300
56 0.851000 0.830500 0.060200 0.125100
56 0.760000 0.833300 0.058200 0.120400
56 0.919000 0.709800 0.046400 0.132200
56 0.106900 0.855300 0.047900 0.127400
56 0.398400 0.547800 0.042900 0.126900
25 0.444900 0.456900 0.153600 0.219900
25 0.358700 0.722000 0.171300 0.170400
25 0.221400 0.367700 0.158400 0.105800
25 0.240600 0.506500 0.145900 0.123000
25 0.867100 0.945000 0.241400 0.119800
0 0.579500 0.303300 0.053000 0.212300
0 0.633600 0.306800 0.044300 0.207100
0 0.957000 0.336100 0.045100 0.188200
0 0.519200 0.894500 0.051500 0.219300
0 0.513900 0.795600 0.048500 0.146500
0 0.295000 0.829600 0.055500 0.115300
0 0.972600 0.839100 0.035600 0.074300
0 0.973500 0.922600 0.046700 0.115800
0 0.984200 0.325000 0.024500 0.261800
56 0.166016 0.932639 0.055469 0.118056
56 0.245312 0.811111 0.037500 0.111111
56 0.378516 0.947917 0.061719 0.101389
56 0.484375 0.529861 0.053125 0.106944
56 0.705469 0.663194 0.054688 0.123611
56 0.768359 0.675000 0.049219 0.111111
56 0.721094 0.590278 0.048437 0.097222
56 0.882812 0.665278 0.046875 0.130556
56 0.920703 0.588889 0.042969 0.066667
56 0.857031 0.765972 0.057813 0.112500
56 0.772656 0.766667 0.062500 0.116667
56 0.728516 0.902778 0.060156 0.102778
56 0.645312 0.861806 0.056250 0.104167
56 0.712500 0.968750 0.045313 0.056944
0 0.669531 0.955556 0.045313 0.083333
0 0.679297 0.926389 0.035156 0.147222
0 0.408203 0.856250 0.063281 0.181944
0 0.280078 0.631250 0.058594 0.109722
58 0.352344 0.445139 0.079687 0.295833
