56 0.805600 0.322900 0.054600 0.184400
56 0.704000 0.773300 0.079200 0.139400
56 0.584100 0.710400 0.076800 0.134600
56 0.733100 0.675200 0.066400 0.147800
56 0.923300 0.360900 0.048900 0.163400
56 0.427300 0.181000 0.055700 0.114800
56 0.769600 0.572000 0.068100 0.158300
56 0.879500 0.573400 0.092800 0.177400
56 0.327700 0.201300 0.065100 0.142800
56 0.426100 0.290500 0.057900 0.157900
56 0.176000 0.642500 0.062600 0.156700
56 0.367000 0.608000 0.057300 0.186900
56 0.973000 0.389400 0.050900 0.198600
56 0.629100 0.638800 0.047800 0.183500
56 0.302700 0.731300 0.056100 0.157200
56 0.136100 0.548400 0.050600 0.117600
56 0.704200 0.361000 0.052700 0.144000
26 0.564100 0.321400 0.024400 0.047500
25 0.890300 0.763300 0.218700 0.258700
25 0.130700 0.151900 0.201600 0.168700
25 0.070700 0.333700 0.142400 0.171800
25 0.275100 0.411000 0.194600 0.188300
25 0.554800 0.868000 0.277600 0.240600
25 0.379600 0.096900 0.190300 0.181000
0 0.474000 0.411400 0.064300 0.325400
0 0.538300 0.382000 0.058400 0.293100
0 0.272900 0.898500 0.055100 0.222500
0 0.205600 0.606700 0.092000 0.221500
0 0.897200 0.972200 0.058600 0.055300
0 0.987300 0.628000 0.025300 0.055300
0 0.976300 0.960700 0.044100 0.072700
0 0.853700 0.950400 0.057100 0.097300
56 0.773438 0.377083 0.084375 0.148611
56 0.725781 0.268750 0.065625 0.176389
56 0.786719 0.486806 0.075000 0.173611
56 0.885547 0.483333 0.092969 0.150000
0 0.331250 0.605556 0.081250 0.202778
0 0.176953 0.367361 0.055469 0.229167
58 0.085547 0.620833 0.113281 0.386111
58 0.273438 0.139583 0.078125 0.276389
56 0.042578 0.710417 0.085156 0.198611
