56 0.465100 0.447900 0.073500 0.144700
56 0.860800 0.706700 0.067500 0.131000
56 0.601200 0.828600 0.076300 0.123200
56 0.800000 0.476700 0.042400 0.153900
56 0.397800 0.732300 0.049500 0.177300
56 0.239100 0.759500 0.060500 0.158900
56 0.762400 0.707100 0.059500 0.151300
56 0.704800 0.856600 0.088600 0.215200
56 0.949400 0.428300 0.040300 0.047600
56 0.456400 0.360100 0.052000 0.113000
56 0.197500 0.675000 0.048000 0.123500
56 0.360700 0.388500 0.055200 0.150600
56 0.728100 0.796800 0.058400 0.143700
56 0.982800 0.513900 0.032500 0.153800
26 0.551900 0.568800 0.024300 0.055700
25 0.317500 0.576400 0.174900 0.194200
25 0.190700 0.338600 0.171200 0.167500
25 0.117100 0.492600 0.195200 0.146800
25 0.880200 0.866500 0.212400 0.242500
25 0.161900 0.174800 0.187000 0.136400
25 0.412900 0.271700 0.172500 0.241300
25 0.575600 0.930100 0.250600 0.149000
0 0.627100 0.114300 0.044900 0.239200
0 0.566700 0.110400 0.066900 0.225900
0 0.979100 0.139000 0.043400 0.218300
0 0.497200 0.671500 0.060800 0.282900
0 0.537200 0.605300 0.046000 0.237400
0 0.805500 0.768600 0.044300 0.128700
0 0.263900 0.953500 0.095500 0.089700
0 0.255700 0.736900 0.089000 0.204000
56 0.700000 0.508333 0.062500 0.133333
56 0.771094 0.532639 0.060938 0.123611
56 0.722656 0.422222 0.060938 0.133333
56 0.899609 0.515972 0.046094 0.145833
56 0.941406 0.575000 0.054688 0.119444
56 0.783984 0.615972 0.053906 0.129167
56 0.867969 0.625694 0.054688 0.137500
56 0.646094 0.745833 0.053125 0.138889
56 0.335156 0.829861 0.075000 0.156944
56 0.105859 0.813889 0.075781 0.166667
56 0.054297 0.705556 0.069531 0.180556
0 0.789844 0.886111 0.050000 0.225000
0 0.232422 0.502083 0.050781 0.173611
0 0.370703 0.725000 0.066406 0.197222
0 0.986719 0.701389 0.026563 0.077778
0 0.987109 0.759028 0.025781 0.054167
58 0.151562 0.741667 0.103125 0.344444
58 0.308203 0.262500 0.089844 0.322222
