56 0.705800 0.703900 0.096800 0.199400
56 0.772100 0.508100 0.085900 0.203800
56 0.821300 0.231600 0.048700 0.175200
56 0.575400 0.648800 0.077500 0.141600
56 0.353200 0.539600 0.051400 0.201700
56 0.732400 0.613900 0.066400 0.151500
56 0.411500 0.104900 0.051000 0.159200
56 0.140800 0.576300 0.083700 0.218500
56 0.977000 0.298700 0.047800 0.223800
56 0.300600 0.103600 0.067000 0.143300
56 0.620400 0.574600 0.049900 0.189100
56 0.090400 0.483100 0.060600 0.147600
56 0.926000 0.296500 0.048800 0.197200
56 0.701600 0.267900 0.056100 0.155400
25 0.889700 0.717400 0.225600 0.326600
25 0.244900 0.329600 0.218900 0.213600
25 0.052100 0.258100 0.105200 0.197700
25 0.542800 0.831200 0.300100 0.308100
25 0.097200 0.083300 0.192700 0.167500
0 0.554500 0.226200 0.072200 0.309500
0 0.464900 0.246100 0.077600 0.315500
0 0.289800 0.863800 0.059800 0.274300
0 0.859500 0.924600 0.055300 0.149400
0 0.902100 0.950600 0.062000 0.094000
0 0.979600 0.944000 0.043200 0.104600
56 0.262500 0.647917 0.092188 0.201389
56 0.777734 0.290972 0.085156 0.162500
56 0.723828 0.208333 0.078906 0.205556
56 0.893359 0.518056 0.097656 0.166667
56 0.899609 0.413194 0.091406 0.193056
56 0.786328 0.411111 0.105469 0.197222
56 0.414844 0.206250 0.084375 0.165278
0 0.171875 0.536806 0.098438 0.245833
0 0.304297 0.536806 0.085156 0.220833
0 0.128516 0.279861 0.066406 0.229167
58 0.046875 0.563889 0.093750 0.372222
58 0.239844 0.101389 0.068750 0.136111
