56 0.607400 0.894600 0.070000 0.120900
56 0.483600 0.543600 0.059100 0.138400
56 0.422700 0.803900 0.048300 0.164100
56 0.852400 0.786700 0.062800 0.121700
56 0.761400 0.792600 0.060800 0.128500
56 0.269800 0.826500 0.054600 0.159900
56 0.797400 0.567600 0.039500 0.136400
56 0.387700 0.481000 0.054700 0.130200
56 0.890600 0.611800 0.045300 0.151500
56 0.771700 0.676900 0.028400 0.058600
56 0.643500 0.829100 0.040700 0.153400
56 0.975200 0.601200 0.037900 0.141100
56 0.934800 0.522500 0.038700 0.045700
56 0.357900 0.891000 0.083600 0.195400
56 0.076100 0.794000 0.044900 0.138200
25 0.148800 0.592800 0.179400 0.148200
25 0.194300 0.292700 0.167800 0.123300
25 0.344500 0.653500 0.173800 0.175600
25 0.883600 0.913700 0.230500 0.166800
25 0.215500 0.426000 0.178000 0.154700
25 0.432300 0.390000 0.176400 0.265800
25 0.604800 0.974600 0.240800 0.046800
0 0.629100 0.225600 0.040500 0.225100
0 0.573700 0.222400 0.052700 0.236300
0 0.511200 0.802200 0.057900 0.259100
0 0.966000 0.247400 0.042000 0.214100
0 0.526500 0.701400 0.045600 0.155700
0 0.979000 0.794800 0.042000 0.107600
0 0.274500 0.800900 0.054200 0.175000
0 0.977700 0.858700 0.043500 0.111000
56 0.469922 0.443056 0.060156 0.091667
56 0.719141 0.518750 0.052344 0.109722
56 0.701563 0.596528 0.050000 0.120833
56 0.759766 0.611806 0.061719 0.104167
56 0.928516 0.655556 0.052344 0.119444
56 0.862500 0.702083 0.059375 0.118056
56 0.921484 0.824306 0.032031 0.048611
56 0.133984 0.895833 0.050781 0.125000
56 0.223438 0.749306 0.043750 0.123611
56 0.704297 0.934722 0.066406 0.097222
0 0.712500 0.928472 0.032812 0.140278
0 0.728516 0.893056 0.033594 0.211111
0 0.262891 0.566667 0.047656 0.108333
0 0.394531 0.795139 0.060938 0.173611
58 0.173828 0.820833 0.091406 0.327778
58 0.338672 0.364583 0.080469 0.301389
