56 0.419100 0.771600 0.049500 0.169400
56 0.479700 0.491300 0.053900 0.140900
56 0.799300 0.518500 0.039400 0.142100
56 0.857100 0.741500 0.068900 0.145900
56 0.605700 0.858400 0.069400 0.121900
56 0.894400 0.553400 0.038200 0.130400
56 0.255100 0.795400 0.061300 0.164600
56 0.380100 0.422300 0.049600 0.110800
56 0.077300 0.761800 0.050300 0.132100
56 0.764000 0.734800 0.053000 0.122100
56 0.773500 0.635100 0.033600 0.057500
56 0.210000 0.734400 0.048300 0.144300
56 0.941900 0.477800 0.039600 0.051800
56 0.981000 0.550800 0.035700 0.154500
25 0.135100 0.545200 0.177500 0.160500
25 0.330500 0.606600 0.178000 0.165000
25 0.180700 0.238200 0.170200 0.132600
25 0.886400 0.899300 0.217700 0.193900
25 0.202500 0.393900 0.181800 0.178300
25 0.422100 0.332400 0.169600 0.250900
25 0.580500 0.955500 0.237800 0.087400
0 0.629300 0.171900 0.041000 0.236000
0 0.569100 0.164200 0.055500 0.232600
0 0.503700 0.742300 0.067400 0.269000
0 0.973000 0.197900 0.040300 0.209500
0 0.527200 0.642000 0.044500 0.167100
0 0.263000 0.735200 0.056200 0.127500
56 0.464453 0.397917 0.052344 0.081944
56 0.125000 0.850000 0.060938 0.138889
56 0.353906 0.852778 0.067188 0.161111
56 0.643750 0.788194 0.056250 0.148611
56 0.725000 0.806250 0.051562 0.118056
56 0.699219 0.899306 0.059375 0.095833
56 0.865625 0.669444 0.059375 0.138889
56 0.935156 0.624306 0.051562 0.131944
56 0.724219 0.477083 0.053125 0.098611
56 0.703516 0.552083 0.052344 0.120833
56 0.769922 0.565278 0.049219 0.122222
56 0.923828 0.791667 0.028906 0.038889
0 0.747656 0.904167 0.056250 0.188889
0 0.764453 0.812500 0.057031 0.133333
0 0.254687 0.966667 0.053125 0.063889
0 0.385547 0.758333 0.057031 0.194444
0 0.249609 0.529861 0.050781 0.134722
0 0.981250 0.737500 0.037500 0.083333
0 0.981250 0.800000 0.020312 0.061111
58 0.164062 0.778472 0.095312 0.340278
58 0.325391 0.319444 0.085156 0.325000
