56 0.706400 0.705600 0.098000 0.181200
56 0.773000 0.490100 0.086100 0.219700
56 0.575300 0.644000 0.082800 0.142600
56 0.888600 0.483200 0.097300 0.212000
56 0.819200 0.226900 0.048300 0.177800
56 0.355000 0.519200 0.044400 0.196200
56 0.145000 0.546800 0.092100 0.240600
56 0.620900 0.549100 0.052800 0.162700
56 0.977900 0.297200 0.046700 0.217700
56 0.734700 0.610400 0.061600 0.150100
56 0.087100 0.483900 0.060100 0.134000
56 0.295400 0.077200 0.060900 0.113400
25 0.049600 0.237600 0.097600 0.185600
25 0.892600 0.713800 0.226400 0.336900
25 0.239400 0.330100 0.217300 0.224300
25 0.097000 0.081000 0.189200 0.158000
25 0.544000 0.828600 0.295700 0.324400
0 0.464900 0.212700 0.081400 0.310700
0 0.558100 0.194400 0.070900 0.302700
0 0.290800 0.860100 0.060900 0.275600
0 0.861700 0.924200 0.056600 0.149000
0 0.902900 0.947500 0.062400 0.099500
0 0.164800 0.520900 0.089100 0.229800
56 0.408984 0.192361 0.085156 0.195833
56 0.397656 0.095139 0.075000 0.187500
56 0.263672 0.647222 0.092969 0.200000
56 0.895312 0.413194 0.092188 0.181944
56 0.792578 0.419444 0.085156 0.183333
56 0.780469 0.279167 0.085938 0.133333
56 0.705859 0.273611 0.086719 0.180556
56 0.725000 0.175000 0.087500 0.155556
56 0.939453 0.262500 0.071094 0.194444
0 0.304688 0.520833 0.093750 0.241667
0 0.981641 0.934028 0.036719 0.129167
0 0.121875 0.273611 0.064062 0.244444
58 0.044141 0.550000 0.085156 0.386111
58 0.232812 0.099306 0.076563 0.137500
