25 0.369900 0.850800 0.101100 0.086500
25 0.383100 0.944700 0.117300 0.100600
2 0.095900 0.067600 0.080000 0.081600
0 0.619100 0.797400 0.033600 0.159200
0 0.924600 0.818000 0.038200 0.167800
0 0.652700 0.800000 0.034100 0.143800
0 0.880300 0.819000 0.035800 0.142300
0 0.260100 0.091500 0.022800 0.075300
0 0.383100 0.019100 0.016100 0.045900
0 0.193800 0.153500 0.022100 0.054500
0 0.058300 0.585100 0.028500 0.061000
0 0.045700 0.289000 0.020700 0.104500
0 0.177300 0.177500 0.027900 0.052100
0 0.083300 0.572300 0.027600 0.053600
56 0.491016 0.950000 0.025781 0.055556
56 0.563672 0.979861 0.032031 0.037500
56 0.714063 0.979861 0.029687 0.037500
56 0.071875 0.641667 0.031250 0.061111
56 0.093750 0.596528 0.025000 0.059722
56 0.548437 0.938194 0.034375 0.048611
8 0.778516 0.306250 0.442969 0.181944
0 0.171484 0.212500 0.022656 0.075000
58 0.465234 0.894444 0.060156 0.205556
25 0.093750 0.456250 0.168750 0.109722
25 0.068750 0.377778 0.137500 0.094444
