56 0.705000 0.732000 0.090300 0.181900
56 0.364600 0.572400 0.053200 0.187500
56 0.808700 0.269900 0.057800 0.174600
56 0.769600 0.539400 0.084900 0.199900
56 0.580100 0.677000 0.080100 0.141800
56 0.882900 0.516300 0.087100 0.209100
56 0.174500 0.577800 0.088400 0.237400
56 0.731500 0.644600 0.065200 0.146400
56 0.924800 0.323900 0.053400 0.173000
56 0.975200 0.329300 0.051600 0.190500
56 0.115800 0.513900 0.057300 0.135200
56 0.317300 0.135600 0.063800 0.120000
56 0.419700 0.138100 0.055300 0.130900
56 0.422000 0.235600 0.060200 0.151900
56 0.620300 0.605000 0.045300 0.178800
26 0.567700 0.239500 0.023100 0.053500
25 0.888700 0.737800 0.216400 0.285600
25 0.107300 0.101900 0.196600 0.176700
25 0.257300 0.363700 0.197600 0.184800
25 0.065600 0.290700 0.123600 0.179200
25 0.546100 0.831500 0.292600 0.303700
0 0.475400 0.325100 0.068600 0.325000
0 0.542000 0.292300 0.062700 0.282400
0 0.277100 0.864400 0.066000 0.265600
0 0.138200 0.361400 0.050300 0.192400
56 0.776563 0.321528 0.073437 0.131944
56 0.789062 0.440972 0.082813 0.181944
56 0.887891 0.451389 0.089844 0.175000
56 0.711719 0.326389 0.093750 0.172222
56 0.724609 0.231250 0.088281 0.181944
56 0.280078 0.665278 0.088281 0.200000
0 0.321094 0.561111 0.082813 0.222222
0 0.857422 0.931944 0.042969 0.133333
0 0.903516 0.954167 0.049219 0.088889
0 0.980078 0.947222 0.039844 0.102778
0 0.188672 0.572222 0.085156 0.211111
58 0.064844 0.595139 0.100000 0.376389
58 0.255859 0.136806 0.069531 0.154167
56 0.028906 0.670833 0.057813 0.205556
25 0.369531 0.049306 0.190625 0.098611
