58 0.196562 0.872200 0.123900 0.253400
56 0.299700 0.920700 0.061600 0.144700
56 0.445500 0.910200 0.051000 0.154400
56 0.494200 0.648100 0.055200 0.144300
56 0.789200 0.676300 0.034000 0.133400
56 0.758400 0.889700 0.058200 0.129600
56 0.950600 0.706200 0.044100 0.141400
56 0.915600 0.761900 0.046600 0.128400
56 0.832000 0.881800 0.068500 0.115100
25 0.233900 0.428800 0.151800 0.112300
25 0.370300 0.771900 0.167400 0.184900
25 0.192500 0.705400 0.155100 0.147500
25 0.253100 0.551700 0.148300 0.124800
25 0.451200 0.517100 0.159000 0.235900
25 0.884300 0.959700 0.211200 0.080200
0 0.584400 0.358800 0.053400 0.199700
0 0.637400 0.364300 0.045700 0.190300
0 0.949200 0.394700 0.046300 0.177900
0 0.509400 0.864000 0.052200 0.156600
0 0.523000 0.921500 0.062200 0.152100
0 0.960100 0.879800 0.035900 0.073300
0 0.986300 0.386600 0.025900 0.229300
0 0.302500 0.894000 0.054900 0.144000
0 0.960900 0.944600 0.035400 0.064300
0 0.616600 0.358600 0.032200 0.189800
0 0.277725 0.725689 0.046900 0.175900
56 0.129297 0.876389 0.038281 0.116667
56 0.183203 0.955556 0.061719 0.086111
56 0.254687 0.852083 0.040625 0.098611
56 0.385938 0.956944 0.039062 0.086111
56 0.408594 0.578472 0.045313 0.106944
56 0.488672 0.566667 0.044531 0.088889
56 0.702344 0.706250 0.042188 0.095833
56 0.714063 0.618750 0.040625 0.081944
56 0.759375 0.705556 0.035937 0.083333
56 0.921094 0.638194 0.048437 0.054167
56 0.874609 0.695833 0.041406 0.108333
56 0.854688 0.801389 0.056250 0.097222
56 0.765234 0.800694 0.046094 0.098611
56 0.642578 0.900000 0.046094 0.105556
56 0.601953 0.964583 0.038281 0.068056
56 0.732813 0.944444 0.054688 0.108333
0 0.417578 0.895833 0.049219 0.155556
58 0.361719 0.491667 0.071875 0.286111
