56 0.703600 0.732400 0.094400 0.178400
56 0.579300 0.670900 0.082800 0.140600
56 0.771600 0.521000 0.082800 0.204400
56 0.817900 0.259600 0.048900 0.176200
56 0.884200 0.512800 0.084800 0.201800
56 0.732500 0.642400 0.065900 0.136900
56 0.417900 0.139600 0.057900 0.160300
56 0.362300 0.551300 0.051900 0.175600
56 0.927200 0.300200 0.050000 0.165600
56 0.926000 0.333000 0.079800 0.232500
56 0.151900 0.606500 0.064400 0.155200
56 0.419800 0.235000 0.059400 0.151700
56 0.307800 0.133500 0.062900 0.131800
56 0.977000 0.328900 0.047700 0.199700
56 0.622100 0.579300 0.048800 0.160800
56 0.290600 0.669700 0.063500 0.166600
56 0.112900 0.515500 0.054500 0.132700
26 0.568700 0.224300 0.023300 0.054700
25 0.891300 0.731400 0.211500 0.285800
25 0.104900 0.092300 0.197800 0.177700
25 0.254200 0.353300 0.206500 0.186700
25 0.547100 0.831400 0.294900 0.300200
25 0.059100 0.273300 0.122500 0.188100
25 0.363500 0.023600 0.227600 0.042200
0 0.475900 0.305700 0.076000 0.311600
0 0.545200 0.265800 0.063300 0.274400
0 0.278400 0.865000 0.059800 0.268000
0 0.898500 0.952900 0.062800 0.090600
0 0.174500 0.551200 0.086700 0.239200
56 0.886719 0.446528 0.096875 0.159722
56 0.792578 0.450000 0.083594 0.177778
56 0.779297 0.324306 0.102344 0.145833
56 0.705078 0.314583 0.072656 0.170833
56 0.725391 0.226389 0.071094 0.172222
0 0.145703 0.305556 0.060156 0.244444
0 0.321094 0.555556 0.081250 0.225000
0 0.861719 0.929861 0.043750 0.137500
0 0.980859 0.943750 0.038281 0.112500
58 0.065625 0.579861 0.095312 0.395833
58 0.254687 0.141667 0.073437 0.144444
