25 0.316800 0.694100 0.113600 0.101000
25 0.427600 0.950300 0.136900 0.101400
25 0.334000 0.799100 0.122100 0.109200
25 0.497100 0.725800 0.124900 0.113900
25 0.279600 0.915400 0.132400 0.117300
0 0.604200 0.633400 0.042000 0.170500
0 0.646600 0.640700 0.038100 0.166100
0 0.961000 0.660100 0.041000 0.174800
0 0.911200 0.659200 0.039100 0.163600
0 0.964200 0.952700 0.051400 0.091000
56 0.460938 0.815972 0.037500 0.093056
56 0.525000 0.802778 0.039062 0.075000
56 0.540234 0.874306 0.044531 0.090278
56 0.700781 0.925694 0.039062 0.081944
56 0.716016 0.845833 0.035156 0.063889
56 0.773828 0.876389 0.033594 0.063889
56 0.748828 0.925000 0.039844 0.066667
56 0.846875 0.905556 0.025000 0.069444
56 0.875391 0.947222 0.030469 0.063889
56 0.877734 0.863889 0.033594 0.055556
56 0.921094 0.907639 0.043750 0.081944
0 0.363281 0.920139 0.034375 0.134722
8 0.707812 0.078472 0.584375 0.156944
58 0.424609 0.740278 0.069531 0.250000
