25 0.366600 0.849000 0.101700 0.093600
25 0.381200 0.942900 0.124100 0.109100
25 0.523500 0.884100 0.111900 0.118000
2 0.104500 0.051300 0.088700 0.084000
0 0.619800 0.791800 0.034100 0.164000
0 0.924600 0.816200 0.037300 0.169700
0 0.652600 0.795800 0.034100 0.148300
0 0.256100 0.085200 0.022900 0.073100
0 0.881300 0.815900 0.036100 0.143100
0 0.193800 0.144300 0.023500 0.059400
0 0.055600 0.580900 0.028400 0.065000
0 0.382800 0.017600 0.017100 0.042400
0 0.372300 0.018000 0.016500 0.041400
0 0.042700 0.274600 0.023000 0.095200
56 0.067578 0.637500 0.032031 0.055556
56 0.084375 0.569444 0.025000 0.052778
56 0.490625 0.944444 0.035937 0.050000
56 0.548828 0.932639 0.027344 0.043056
56 0.557031 0.980556 0.026563 0.033333
56 0.715234 0.976389 0.027344 0.041667
8 0.773828 0.293056 0.452344 0.177778
0 0.166797 0.206944 0.022656 0.094444
0 0.178906 0.159722 0.021875 0.052778
58 0.459375 0.886806 0.059375 0.193056
25 0.094531 0.446528 0.187500 0.126389
25 0.071094 0.372222 0.142188 0.094444
