58 0.224100 0.892900 0.128700 0.205500
56 0.506500 0.726700 0.051300 0.138000
56 0.786000 0.740900 0.035500 0.120100
56 0.830300 0.926600 0.062300 0.120500
56 0.454300 0.940800 0.051600 0.111900
56 0.946000 0.768900 0.037500 0.125300
56 0.758500 0.944600 0.058700 0.096300
56 0.892100 0.825500 0.043800 0.130000
25 0.254900 0.506300 0.133700 0.111200
25 0.276100 0.631700 0.135500 0.124200
25 0.383100 0.827700 0.165900 0.173700
25 0.464600 0.537600 0.147200 0.116700
25 0.214400 0.765000 0.145300 0.129600
0 0.588400 0.439900 0.054800 0.207000
0 0.641500 0.443200 0.048000 0.186900
0 0.522300 0.941200 0.047100 0.112700
0 0.936100 0.473100 0.034000 0.183400
0 0.551600 0.958000 0.058200 0.083800
0 0.987500 0.473200 0.026800 0.208100
0 0.325000 0.932500 0.053600 0.124500
0 0.951000 0.945200 0.055000 0.089300
0 0.602200 0.983200 0.034000 0.029600
0 0.946700 0.981100 0.053600 0.038000
0 0.617500 0.982300 0.065300 0.036400
0 0.985200 0.891900 0.028500 0.216900
56 0.157422 0.931250 0.052344 0.109722
56 0.278906 0.922222 0.042188 0.097222
56 0.421484 0.641667 0.041406 0.069444
56 0.500000 0.637500 0.040625 0.080556
56 0.703516 0.776389 0.047656 0.105556
56 0.757031 0.775000 0.050000 0.094444
56 0.714453 0.691667 0.041406 0.072222
56 0.867969 0.762500 0.032812 0.102778
56 0.907422 0.708333 0.032031 0.061111
56 0.845312 0.868056 0.048437 0.102778
56 0.768750 0.861111 0.059375 0.086111
56 0.646875 0.948611 0.046875 0.075000
0 0.430078 0.932639 0.057031 0.131944
0 0.307031 0.780556 0.037500 0.161111
58 0.385156 0.568056 0.070312 0.272222
