25 0.321700 0.705700 0.114200 0.095500
25 0.431600 0.955100 0.135900 0.094900
25 0.283800 0.926400 0.132100 0.113300
25 0.338600 0.820400 0.120400 0.119500
25 0.497600 0.731600 0.119500 0.092100
0 0.605700 0.647300 0.043400 0.170500
0 0.952500 0.670200 0.036700 0.180500
0 0.646400 0.658500 0.037100 0.173500
0 0.908900 0.675800 0.034500 0.160600
0 0.966000 0.958600 0.038500 0.084400
56 0.461719 0.835417 0.029687 0.081944
56 0.537500 0.879861 0.046875 0.081944
56 0.530469 0.807639 0.039062 0.054167
56 0.703516 0.930556 0.042969 0.075000
56 0.715234 0.857639 0.024219 0.048611
56 0.754687 0.939583 0.039062 0.054167
56 0.771094 0.890972 0.040625 0.070833
56 0.848047 0.919444 0.039844 0.083333
56 0.879687 0.961806 0.039062 0.062500
56 0.880469 0.879167 0.043750 0.047222
56 0.913672 0.914583 0.032031 0.073611
0 0.365625 0.913889 0.039062 0.113889
8 0.715234 0.087500 0.569531 0.161111
58 0.427734 0.752083 0.074219 0.273611
