58 0.197888 0.879611 0.126900 0.235200
56 0.493800 0.645100 0.060300 0.138300
56 0.836700 0.861200 0.073100 0.126800
56 0.297200 0.918900 0.059400 0.138200
56 0.791100 0.670500 0.036700 0.138400
56 0.446100 0.890700 0.041700 0.151000
56 0.950600 0.699600 0.046200 0.134600
56 0.418000 0.604400 0.065900 0.130900
56 0.912900 0.757100 0.044700 0.123900
56 0.138100 0.890400 0.048700 0.140000
25 0.230500 0.417300 0.153400 0.116800
25 0.252000 0.542700 0.152900 0.126400
25 0.368200 0.768400 0.166600 0.196100
25 0.183300 0.691700 0.146800 0.135800
25 0.451600 0.513600 0.161300 0.242500
25 0.882700 0.957500 0.203200 0.084600
0 0.583900 0.346900 0.052700 0.209400
0 0.638400 0.349400 0.041000 0.196000
0 0.950700 0.379700 0.042600 0.181800
0 0.508100 0.852600 0.055000 0.160000
0 0.520800 0.917900 0.063100 0.159300
0 0.959700 0.870000 0.037500 0.072000
0 0.987700 0.364600 0.025400 0.231000
0 0.299900 0.861300 0.053300 0.113700
0 0.962200 0.945400 0.053400 0.093100
0 0.651500 0.946400 0.049100 0.109100
56 0.176953 0.955556 0.064844 0.083333
56 0.253516 0.836111 0.035156 0.108333
56 0.382031 0.955556 0.056250 0.088889
56 0.483984 0.559722 0.052344 0.091667
56 0.710156 0.693056 0.050000 0.113889
56 0.717578 0.613194 0.036719 0.087500
56 0.760547 0.697222 0.046094 0.091667
56 0.880859 0.690278 0.038281 0.111111
56 0.918750 0.634722 0.040625 0.083333
56 0.848828 0.795139 0.050781 0.095833
56 0.767187 0.786111 0.054688 0.091667
56 0.757812 0.859028 0.053125 0.104167
56 0.726562 0.936111 0.054688 0.105556
56 0.649219 0.877778 0.050000 0.075000
56 0.604688 0.958333 0.051562 0.083333
0 0.409375 0.888889 0.059375 0.166667
0 0.289844 0.681944 0.043750 0.119444
58 0.359375 0.484028 0.078125 0.293056
