58 0.223800 0.912500 0.126200 0.170100
56 0.515900 0.741600 0.041100 0.128000
56 0.942600 0.791000 0.041300 0.123500
56 0.784400 0.762900 0.032900 0.124200
56 0.503700 0.651200 0.035400 0.051400
56 0.830900 0.948100 0.058500 0.099700
56 0.426800 0.664500 0.033600 0.063200
25 0.260800 0.535900 0.138000 0.110700
25 0.284100 0.647000 0.135500 0.113200
25 0.221100 0.787300 0.147600 0.136000
25 0.390000 0.848600 0.154300 0.181300
25 0.466100 0.567800 0.143300 0.119400
0 0.642200 0.472100 0.048200 0.182900
0 0.589700 0.465600 0.050500 0.211100
0 0.526300 0.953300 0.053000 0.088800
0 0.934300 0.495400 0.029600 0.187100
0 0.984500 0.491600 0.032000 0.202700
0 0.945400 0.956700 0.038400 0.074700
0 0.328300 0.947200 0.054600 0.102600
0 0.983900 0.895200 0.033100 0.186900
0 0.555400 0.974400 0.033600 0.048300
56 0.464063 0.950694 0.050000 0.095833
56 0.283203 0.931250 0.042969 0.109722
56 0.649219 0.953472 0.042188 0.065278
56 0.757031 0.947222 0.053125 0.102778
56 0.764063 0.873611 0.043750 0.066667
56 0.843359 0.879861 0.049219 0.095833
56 0.901953 0.838194 0.044531 0.095833
56 0.869922 0.797222 0.042969 0.122222
56 0.900781 0.725694 0.040625 0.056944
56 0.700781 0.796528 0.048437 0.109722
56 0.758594 0.800000 0.053125 0.086111
56 0.717578 0.711806 0.044531 0.079167
0 0.432422 0.940972 0.053906 0.109722
0 0.316406 0.784722 0.034375 0.133333
58 0.384766 0.590972 0.067969 0.268056
