56 0.522400 0.800800 0.044800 0.130700
56 0.863444 0.859233 0.059100 0.148600
25 0.287400 0.607000 0.127700 0.105400
25 0.306300 0.724900 0.125700 0.121700
25 0.246800 0.848600 0.134500 0.127200
25 0.408500 0.888600 0.152200 0.125300
25 0.483000 0.637400 0.132100 0.105600
0 0.598900 0.546300 0.046900 0.186600
0 0.640500 0.551300 0.042100 0.179100
0 0.976300 0.573700 0.037000 0.176200
0 0.926800 0.568600 0.030100 0.185500
0 0.979300 0.919900 0.040500 0.151200
0 0.929300 0.983000 0.059700 0.034600
56 0.510156 0.728472 0.045313 0.084722
56 0.445703 0.737500 0.047656 0.086111
56 0.704687 0.847917 0.043750 0.095833
56 0.715625 0.772917 0.048437 0.068056
56 0.761328 0.863889 0.049219 0.077778
56 0.780859 0.814583 0.047656 0.101389
56 0.887891 0.892361 0.039844 0.106944
56 0.928125 0.845139 0.045313 0.115278
56 0.894141 0.790278 0.039844 0.055556
56 0.839063 0.936111 0.048437 0.100000
56 0.760156 0.914583 0.054688 0.081944
56 0.756641 0.969444 0.058594 0.058333
0 0.351562 0.975694 0.048437 0.043056
0 0.439063 0.970139 0.064062 0.059722
0 0.335547 0.856250 0.041406 0.140278
58 0.249609 0.951389 0.107031 0.097222
58 0.401172 0.668056 0.052344 0.247222
