56 0.547600 0.921800 0.040800 0.124500
26 0.944100 0.728500 0.018900 0.037200
25 0.340200 0.761800 0.114700 0.095300
25 0.357300 0.860900 0.113300 0.104500
25 0.508500 0.789300 0.120100 0.097000
25 0.301700 0.957200 0.129800 0.089200
25 0.448400 0.975800 0.145600 0.046200
0 0.649500 0.711500 0.034700 0.153300
0 0.610800 0.704100 0.038700 0.166700
0 0.933500 0.726400 0.039400 0.170900
0 0.897900 0.728200 0.030200 0.163400
0 0.960400 0.979900 0.062100 0.042600
56 0.025000 0.488889 0.045313 0.116667
56 0.473828 0.873611 0.033594 0.075000
56 0.537109 0.858333 0.038281 0.058333
56 0.702734 0.964583 0.039844 0.068056
56 0.716406 0.907639 0.037500 0.054167
56 0.771094 0.930556 0.032812 0.061111
56 0.753125 0.974306 0.053125 0.048611
56 0.842188 0.955556 0.031250 0.055556
56 0.868359 0.985417 0.041406 0.026389
56 0.871875 0.916667 0.039062 0.047222
56 0.901172 0.950694 0.036719 0.062500
0 0.384766 0.947222 0.044531 0.075000
8 0.735937 0.171528 0.528125 0.190278
0 0.102344 0.075000 0.023438 0.091667
58 0.439063 0.794444 0.060938 0.247222
25 0.066016 0.326389 0.132031 0.150000
