56 0.516300 0.791800 0.046700 0.134400
25 0.302300 0.703300 0.128100 0.117800
25 0.241700 0.832100 0.142400 0.120200
25 0.478600 0.613900 0.134300 0.100000
25 0.402300 0.869100 0.150700 0.120100
25 0.284000 0.584000 0.129700 0.101200
0 0.640400 0.527800 0.046800 0.171300
0 0.596800 0.524300 0.043600 0.187700
0 0.978500 0.552400 0.034900 0.186500
0 0.931900 0.549900 0.029500 0.185300
0 0.982100 0.911600 0.038100 0.171000
0 0.932600 0.979400 0.053800 0.044800
0 0.348400 0.967100 0.037600 0.065400
56 0.472656 0.965278 0.037500 0.066667
56 0.305469 0.959722 0.045313 0.075000
56 0.651172 0.980556 0.038281 0.036111
56 0.512109 0.711806 0.041406 0.076389
56 0.439844 0.725694 0.045313 0.084722
56 0.705078 0.838889 0.049219 0.100000
56 0.715625 0.759028 0.042188 0.068056
56 0.777734 0.793056 0.050781 0.100000
56 0.752344 0.840972 0.050000 0.090278
56 0.754687 0.907639 0.037500 0.068056
56 0.751562 0.965972 0.048437 0.062500
56 0.835156 0.972222 0.060938 0.052778
56 0.834766 0.920833 0.041406 0.077778
56 0.863672 0.825000 0.038281 0.102778
56 0.898047 0.890278 0.049219 0.100000
56 0.928906 0.828472 0.043750 0.109722
56 0.892969 0.774306 0.040625 0.054167
0 0.550781 0.979861 0.029687 0.040278
0 0.441406 0.965278 0.051562 0.066667
0 0.331250 0.839583 0.042188 0.137500
58 0.245312 0.934722 0.079687 0.127778
58 0.397656 0.640278 0.064062 0.263889
