56 0.542200 0.913100 0.043400 0.129900
25 0.332100 0.735900 0.113900 0.093400
25 0.347900 0.850500 0.124100 0.119700
25 0.293500 0.947300 0.129800 0.104700
25 0.432500 0.964900 0.147600 0.072000
25 0.506100 0.761400 0.117000 0.091300
0 0.608500 0.678400 0.042000 0.168900
0 0.647000 0.684300 0.036300 0.161100
0 0.943000 0.705400 0.037000 0.167600
0 0.904200 0.703200 0.030000 0.165600
0 0.958900 0.971800 0.039800 0.054100
56 0.016406 0.447917 0.032812 0.109722
56 0.467187 0.856250 0.035937 0.079167
56 0.533594 0.841667 0.035937 0.063889
56 0.703516 0.956250 0.038281 0.054167
56 0.716016 0.886806 0.028906 0.051389
56 0.771484 0.910417 0.033594 0.062500
56 0.750391 0.968056 0.042969 0.061111
56 0.845312 0.938194 0.031250 0.059722
56 0.869531 0.975000 0.034375 0.047222
56 0.876172 0.898611 0.033594 0.041667
56 0.908203 0.929861 0.033594 0.051389
0 0.375391 0.921528 0.033594 0.068056
8 0.724609 0.136111 0.550781 0.177778
0 0.088281 0.047222 0.025000 0.086111
58 0.436719 0.786111 0.068750 0.261111
25 0.067578 0.293056 0.135156 0.130556
