56 0.524000 0.833600 0.044500 0.139900
25 0.416500 0.923000 0.139500 0.119000
25 0.491300 0.676900 0.129300 0.098600
25 0.320000 0.762400 0.124700 0.113500
25 0.261200 0.883200 0.137000 0.118100
25 0.302400 0.647500 0.125000 0.091900
0 0.643300 0.597400 0.040400 0.179000
0 0.602100 0.588500 0.043900 0.178400
0 0.965500 0.616600 0.047200 0.178100
0 0.920000 0.611500 0.037900 0.171700
56 0.455078 0.789583 0.046094 0.095833
56 0.525000 0.762500 0.053125 0.066667
56 0.703906 0.889583 0.054688 0.090278
56 0.717969 0.819444 0.035937 0.069444
56 0.755078 0.893750 0.049219 0.070833
56 0.778125 0.842361 0.039062 0.090278
56 0.753906 0.948611 0.043750 0.058333
56 0.829687 0.961806 0.045313 0.073611
56 0.851172 0.894444 0.033594 0.100000
56 0.880859 0.935417 0.042969 0.079167
56 0.919141 0.884028 0.038281 0.104167
56 0.884375 0.828472 0.035937 0.051389
0 0.977734 0.936111 0.044531 0.127778
0 0.347656 0.897917 0.034375 0.159722
8 0.683203 0.037500 0.607031 0.069444
58 0.266406 0.954167 0.093750 0.088889
58 0.413281 0.697222 0.059375 0.266667
