56 0.768000 0.538600 0.085000 0.196400
56 0.808400 0.269500 0.058000 0.177600
56 0.363300 0.571700 0.054100 0.187600
56 0.704300 0.732100 0.090100 0.180700
56 0.581200 0.675000 0.080300 0.141400
56 0.883000 0.516900 0.085800 0.203300
56 0.924300 0.322900 0.052400 0.173000
56 0.731700 0.644500 0.065400 0.144300
56 0.975400 0.329500 0.051600 0.197100
56 0.113400 0.514300 0.058300 0.142500
56 0.421600 0.202900 0.077500 0.229400
56 0.418800 0.120400 0.054100 0.102100
56 0.161100 0.610700 0.066900 0.155900
56 0.290600 0.671300 0.075100 0.239900
56 0.621500 0.582500 0.049000 0.160700
56 0.317500 0.135300 0.065200 0.122900
26 0.567400 0.229700 0.024300 0.062600
25 0.888800 0.735300 0.214900 0.290500
25 0.257700 0.362600 0.203700 0.189000
25 0.105500 0.099000 0.197100 0.168200
25 0.547600 0.831400 0.291200 0.303100
25 0.065600 0.289500 0.123600 0.177100
0 0.476700 0.321800 0.070300 0.323400
0 0.541800 0.288000 0.060500 0.283700
0 0.277300 0.864600 0.063400 0.264600
0 0.179900 0.552600 0.084700 0.227100
0 0.138600 0.361000 0.049100 0.201000
0 0.897400 0.953400 0.061300 0.091100
56 0.889453 0.447222 0.078906 0.163889
56 0.792188 0.454861 0.082813 0.193056
56 0.777734 0.327083 0.088281 0.134722
56 0.706250 0.314583 0.084375 0.156944
56 0.720703 0.218750 0.074219 0.156944
0 0.319922 0.558333 0.083594 0.205556
0 0.979297 0.944444 0.041406 0.108333
0 0.860937 0.930556 0.051562 0.136111
58 0.066016 0.590278 0.100781 0.388889
58 0.256250 0.145833 0.078125 0.161111
56 0.025391 0.677083 0.047656 0.212500
25 0.368359 0.043750 0.189844 0.087500
