56 0.582800 0.696800 0.080900 0.124200
56 0.808000 0.293100 0.061100 0.182300
56 0.366100 0.580700 0.056800 0.188200
56 0.884900 0.552100 0.068100 0.158700
56 0.768700 0.544600 0.066100 0.166600
56 0.705900 0.740000 0.088200 0.205600
56 0.924900 0.331600 0.045300 0.164000
56 0.318800 0.165900 0.060000 0.132600
56 0.423700 0.150000 0.055300 0.115700
56 0.627500 0.608600 0.047600 0.190300
56 0.975200 0.328900 0.052300 0.198700
56 0.121200 0.544200 0.055700 0.144600
56 0.733900 0.646000 0.058700 0.163700
56 0.173200 0.605000 0.086400 0.226700
56 0.460000 0.211200 0.020000 0.076700
56 0.422500 0.261000 0.053900 0.147500
25 0.887500 0.742200 0.214900 0.287000
25 0.115300 0.116400 0.192600 0.168700
25 0.266200 0.391700 0.205400 0.193300
25 0.065800 0.303600 0.127100 0.174300
25 0.550200 0.835400 0.292900 0.289000
25 0.363800 0.089500 0.198100 0.163400
0 0.473800 0.350500 0.065200 0.305600
0 0.540600 0.336600 0.058900 0.294200
0 0.273800 0.883400 0.075500 0.223600
56 0.285156 0.688194 0.098438 0.198611
56 0.707812 0.336806 0.079687 0.162500
56 0.721875 0.242361 0.062500 0.162500
56 0.779297 0.353472 0.067969 0.134722
56 0.969922 0.268750 0.060156 0.137500
56 0.887500 0.461111 0.096875 0.158333
56 0.789844 0.465972 0.084375 0.156944
0 0.169531 0.341667 0.062500 0.236111
0 0.195312 0.580556 0.087500 0.227778
0 0.320312 0.575694 0.092188 0.212500
0 0.856250 0.936806 0.043750 0.123611
0 0.900000 0.962500 0.045313 0.075000
0 0.977344 0.949306 0.045313 0.098611
58 0.074219 0.597222 0.092188 0.388889
58 0.259766 0.118750 0.067969 0.229167
56 0.041406 0.699306 0.082813 0.220833
