56 0.538800 0.865200 0.035700 0.129800
25 0.315300 0.692500 0.120100 0.111500
25 0.426700 0.947500 0.134900 0.104100
25 0.332900 0.797600 0.123100 0.113100
25 0.278100 0.912600 0.131000 0.118000
25 0.496700 0.712600 0.123000 0.094100
0 0.645700 0.636600 0.039100 0.169800
0 0.604700 0.629500 0.040000 0.172100
0 0.914700 0.650700 0.038000 0.164200
0 0.960900 0.651600 0.042500 0.171800
0 0.964200 0.951400 0.052800 0.092000
56 0.460938 0.804167 0.034375 0.072222
56 0.523828 0.795139 0.042969 0.068056
56 0.703125 0.919444 0.040625 0.091667
56 0.717578 0.849306 0.039844 0.070833
56 0.776563 0.885417 0.039062 0.087500
56 0.757422 0.919444 0.041406 0.086111
56 0.753906 0.971528 0.042188 0.054167
56 0.830469 0.974306 0.062500 0.048611
56 0.876562 0.950694 0.037500 0.079167
56 0.851562 0.910417 0.037500 0.087500
56 0.883203 0.874306 0.041406 0.076389
56 0.915625 0.907639 0.040625 0.090278
0 0.361719 0.914583 0.034375 0.131944
8 0.704687 0.073611 0.590625 0.147222
58 0.428125 0.730556 0.062500 0.261111
