56 0.524200 0.831600 0.044200 0.139900
25 0.415800 0.918300 0.137400 0.120900
25 0.318000 0.757700 0.125500 0.117300
25 0.300300 0.643100 0.124600 0.097200
25 0.489100 0.673200 0.129400 0.101600
25 0.258900 0.879800 0.138000 0.118300
0 0.602000 0.584900 0.045000 0.176700
0 0.966500 0.610200 0.045100 0.178300
0 0.642700 0.589900 0.039600 0.169100
0 0.920600 0.607900 0.037100 0.171000
0 0.977400 0.930700 0.041600 0.119900
56 0.456641 0.780556 0.047656 0.088889
56 0.517969 0.759028 0.042188 0.065278
56 0.710156 0.875694 0.043750 0.095833
56 0.720312 0.801389 0.039062 0.063889
56 0.755859 0.888889 0.044531 0.088889
56 0.781250 0.845139 0.053125 0.104167
56 0.857422 0.875000 0.038281 0.086111
56 0.889063 0.832639 0.035937 0.068056
56 0.926172 0.868056 0.047656 0.108333
56 0.887109 0.924306 0.038281 0.079167
56 0.835156 0.956250 0.046875 0.073611
56 0.758203 0.950000 0.033594 0.063889
0 0.347656 0.897222 0.040625 0.155556
8 0.678906 0.033333 0.603125 0.063889
58 0.263281 0.963889 0.096875 0.069444
58 0.410547 0.693750 0.055469 0.248611
