56 0.704200 0.834600 0.078200 0.141200
56 0.457300 0.366200 0.063400 0.160600
56 0.590000 0.769600 0.067100 0.131000
56 0.765100 0.640100 0.067100 0.150500
56 0.802800 0.398600 0.047500 0.155600
56 0.391900 0.667600 0.046200 0.166300
56 0.207500 0.703200 0.063000 0.167400
56 0.730500 0.738700 0.064000 0.142200
56 0.859300 0.640200 0.062300 0.132200
56 0.350200 0.291200 0.058800 0.127300
56 0.445500 0.294800 0.050000 0.140800
56 0.962800 0.351200 0.041300 0.053900
56 0.631500 0.701500 0.044200 0.176300
56 0.326400 0.768700 0.059100 0.182600
56 0.171900 0.639200 0.047800 0.120600
25 0.884800 0.830500 0.227500 0.255000
25 0.156500 0.258100 0.191000 0.185800
25 0.130300 0.088800 0.178400 0.132000
25 0.091800 0.424000 0.178700 0.171300
25 0.298500 0.479400 0.194900 0.174600
25 0.395800 0.202100 0.173900 0.280000
25 0.567600 0.903000 0.286500 0.192900
0 0.557800 0.066000 0.077600 0.136600
0 0.493900 0.548300 0.067800 0.306600
0 0.263700 0.924800 0.069800 0.148100
0 0.621200 0.065600 0.049700 0.141500
0 0.535000 0.490800 0.050400 0.269500
0 0.977700 0.083200 0.043100 0.166500
0 0.229100 0.639700 0.060800 0.146900
0 0.896600 0.676800 0.035200 0.064200
56 0.767187 0.459722 0.075000 0.138889
56 0.703516 0.434722 0.063281 0.138889
56 0.721875 0.352778 0.059375 0.133333
56 0.914844 0.436806 0.054688 0.159722
56 0.950391 0.497917 0.063281 0.159722
56 0.869922 0.552778 0.067969 0.141667
56 0.786328 0.561111 0.069531 0.136111
56 0.066797 0.759722 0.077344 0.180556
0 0.848828 0.968056 0.033594 0.061111
0 0.353516 0.665972 0.074219 0.198611
0 0.204688 0.445139 0.050000 0.220833
58 0.118750 0.686806 0.104687 0.345833
58 0.289062 0.187500 0.082813 0.322222
