56 0.545500 0.920500 0.045300 0.127100
25 0.336600 0.754600 0.113900 0.101200
25 0.352500 0.855400 0.116200 0.107400
25 0.298900 0.953900 0.124900 0.094400
25 0.508700 0.772000 0.119300 0.081800
25 0.444200 0.973300 0.150400 0.055600
0 0.650300 0.702500 0.034800 0.161800
0 0.610400 0.694800 0.035400 0.169600
0 0.901300 0.714600 0.027800 0.172600
0 0.940600 0.724200 0.036300 0.151800
0 0.960900 0.976500 0.058300 0.047400
0 0.096600 0.059100 0.020200 0.090000
56 0.023828 0.471528 0.036719 0.101389
56 0.473437 0.866667 0.040625 0.072222
56 0.535156 0.850694 0.037500 0.045833
56 0.707812 0.961111 0.035937 0.072222
56 0.713281 0.900694 0.026563 0.048611
56 0.769922 0.922222 0.033594 0.061111
56 0.750000 0.970139 0.042188 0.056944
56 0.842969 0.952083 0.032812 0.059722
56 0.869922 0.979167 0.033594 0.038889
56 0.872266 0.909722 0.032031 0.036111
56 0.908984 0.941667 0.030469 0.058333
0 0.384766 0.932639 0.041406 0.073611
8 0.731250 0.158333 0.537500 0.186111
58 0.441406 0.795139 0.065625 0.248611
25 0.067188 0.313889 0.134375 0.144444
