56 0.548200 0.920900 0.042500 0.127000
56 0.840200 0.964700 0.026300 0.071700
26 0.941600 0.725800 0.024500 0.051700
25 0.341100 0.763800 0.115300 0.090400
25 0.357100 0.863400 0.113600 0.101200
25 0.509700 0.789400 0.119700 0.093000
25 0.303000 0.959000 0.131100 0.085800
25 0.449900 0.976100 0.144000 0.046500
0 0.648800 0.714300 0.035400 0.158100
0 0.610900 0.710000 0.041200 0.168200
0 0.933100 0.729800 0.041600 0.166800
0 0.897700 0.731300 0.031200 0.162900
56 0.536719 0.861806 0.039062 0.062500
56 0.474219 0.879861 0.034375 0.068056
56 0.704297 0.966667 0.035156 0.066667
56 0.714844 0.910417 0.035937 0.056944
56 0.764453 0.930556 0.044531 0.050000
56 0.749609 0.973611 0.052344 0.050000
56 0.906641 0.956944 0.028906 0.066667
56 0.873047 0.922917 0.035156 0.043056
56 0.029687 0.486806 0.048437 0.112500
0 0.388672 0.950694 0.039844 0.073611
8 0.739062 0.175694 0.521875 0.184722
0 0.107813 0.079861 0.029687 0.095833
58 0.439844 0.806944 0.068750 0.238889
25 0.067578 0.325694 0.135156 0.137500
