58 0.264200 0.163900 0.180400 0.341300
58 0.287400 0.288100 0.064400 0.134700
56 0.803200 0.382100 0.051000 0.165400
56 0.707600 0.824000 0.076500 0.134200
56 0.768200 0.614800 0.070800 0.149500
56 0.590200 0.761500 0.068900 0.117600
56 0.453900 0.352000 0.061700 0.152900
56 0.391200 0.642900 0.043600 0.166400
56 0.205300 0.673000 0.062300 0.167100
56 0.732300 0.728400 0.062000 0.145300
56 0.165100 0.608600 0.046100 0.128200
56 0.700900 0.422400 0.054300 0.156700
56 0.629600 0.672800 0.045100 0.161900
56 0.347800 0.261000 0.055500 0.121900
26 0.554100 0.427000 0.023700 0.052000
25 0.885800 0.804400 0.226100 0.271600
25 0.087600 0.401000 0.167500 0.163800
25 0.294100 0.466700 0.186700 0.181300
25 0.151900 0.225500 0.194800 0.160900
25 0.558400 0.890300 0.279000 0.214200
25 0.394900 0.168700 0.183600 0.281000
25 0.130100 0.076900 0.182400 0.135000
0 0.487900 0.514000 0.069400 0.298400
0 0.264100 0.916200 0.069000 0.159300
0 0.555000 0.056000 0.074100 0.111300
0 0.619300 0.055100 0.056200 0.106800
0 0.535000 0.459200 0.052800 0.262100
0 0.981300 0.073300 0.036200 0.149100
0 0.918100 0.665800 0.028200 0.063500
0 0.226600 0.665100 0.087200 0.204000
56 0.309766 0.746528 0.080469 0.165278
56 0.062109 0.740972 0.080469 0.179167
56 0.440234 0.249306 0.064844 0.120833
56 0.723047 0.336806 0.058594 0.115278
56 0.772266 0.425000 0.066406 0.108333
56 0.918359 0.422222 0.053906 0.155556
56 0.960547 0.483333 0.057031 0.147222
56 0.962891 0.339583 0.046094 0.070833
56 0.873828 0.626389 0.083594 0.155556
56 0.878516 0.543056 0.083594 0.158333
56 0.783984 0.540972 0.086719 0.143056
0 0.849219 0.963194 0.035937 0.070833
0 0.965234 0.973611 0.044531 0.050000
0 0.197266 0.422917 0.049219 0.201389
0 0.349219 0.652083 0.078125 0.195833
58 0.115234 0.665972 0.103906 0.365278
