58 0.199087 0.875767 0.128500 0.251900
56 0.302000 0.920200 0.059900 0.147500
56 0.447900 0.910800 0.049400 0.148600
56 0.506600 0.648000 0.041900 0.133800
56 0.955988 0.705722 0.043300 0.143800
56 0.788200 0.680600 0.034300 0.130100
56 0.412800 0.609300 0.052800 0.125300
56 0.758200 0.890600 0.056600 0.142800
25 0.190600 0.701300 0.158600 0.130800
25 0.236900 0.429500 0.148500 0.108100
25 0.370400 0.776900 0.172700 0.186700
25 0.255300 0.554500 0.143800 0.120200
25 0.451500 0.517400 0.162200 0.227100
25 0.884400 0.961000 0.213600 0.079100
0 0.584600 0.363800 0.050700 0.205700
0 0.636800 0.367900 0.045700 0.192500
0 0.949300 0.396900 0.048100 0.175800
0 0.512500 0.888300 0.053800 0.178700
0 0.986600 0.388300 0.025500 0.227100
0 0.959600 0.883500 0.036600 0.074500
0 0.305000 0.895500 0.053000 0.145900
0 0.535300 0.923700 0.057700 0.145700
0 0.960000 0.946300 0.035100 0.063100
0 0.993600 0.415300 0.012600 0.172500
0 0.280669 0.728667 0.048800 0.170500
0 0.640800 0.950400 0.051000 0.098100
56 0.491016 0.570833 0.049219 0.091667
56 0.383594 0.966667 0.057813 0.066667
56 0.261328 0.852778 0.046094 0.138889
56 0.133203 0.876389 0.049219 0.136111
56 0.181641 0.959028 0.063281 0.079167
56 0.646094 0.887500 0.045313 0.072222
56 0.605078 0.968056 0.046094 0.061111
56 0.726172 0.944444 0.041406 0.094444
56 0.843750 0.880556 0.060938 0.086111
56 0.853125 0.804861 0.045313 0.098611
56 0.767187 0.802083 0.054688 0.101389
56 0.760938 0.722917 0.046875 0.084722
56 0.703516 0.708333 0.041406 0.097222
56 0.718359 0.637500 0.041406 0.077778
56 0.877344 0.702083 0.039062 0.106944
56 0.915234 0.761111 0.049219 0.105556
56 0.913281 0.643750 0.040625 0.051389
0 0.418359 0.897917 0.063281 0.162500
58 0.364062 0.490278 0.078125 0.302778
