56 0.853300 0.771600 0.065100 0.120500
56 0.483600 0.524100 0.054200 0.138400
56 0.421900 0.794300 0.043700 0.164100
56 0.607300 0.886500 0.070500 0.119000
56 0.796800 0.548000 0.038200 0.139500
56 0.260400 0.825800 0.061000 0.132700
56 0.382900 0.456100 0.049700 0.117000
56 0.764000 0.764300 0.051900 0.105800
56 0.892700 0.584900 0.040300 0.130800
56 0.935900 0.507600 0.037200 0.044700
56 0.353700 0.883000 0.080400 0.197500
56 0.978600 0.579600 0.038200 0.144200
56 0.472600 0.416800 0.036700 0.055500
56 0.078000 0.769300 0.047600 0.139300
56 0.768800 0.614200 0.047500 0.137800
56 0.928700 0.637200 0.043300 0.143600
25 0.145100 0.576900 0.176000 0.157500
25 0.342300 0.643400 0.177000 0.184900
25 0.213200 0.419100 0.183200 0.160900
25 0.881600 0.906000 0.227000 0.177800
25 0.190300 0.273900 0.170300 0.117900
25 0.428200 0.347200 0.176400 0.188600
25 0.594300 0.960100 0.301800 0.090700
0 0.628900 0.210000 0.040900 0.219300
0 0.572700 0.203000 0.055000 0.214500
0 0.966900 0.233100 0.039600 0.210400
0 0.507000 0.790300 0.056500 0.266900
0 0.524100 0.671800 0.048000 0.150600
0 0.270700 0.767000 0.058500 0.137700
0 0.981000 0.770900 0.035400 0.076300
56 0.701953 0.580556 0.050781 0.113889
56 0.716016 0.484722 0.039844 0.072222
56 0.867969 0.694444 0.054688 0.125000
56 0.769531 0.677778 0.057813 0.097222
56 0.700391 0.929167 0.055469 0.108333
56 0.645312 0.809028 0.054688 0.145833
56 0.218359 0.750000 0.050781 0.141667
56 0.133203 0.877778 0.060156 0.136111
56 0.921094 0.814583 0.029687 0.048611
0 0.724609 0.919444 0.044531 0.158333
0 0.738672 0.886111 0.035156 0.225000
0 0.388281 0.789583 0.057813 0.190278
0 0.258203 0.557639 0.049219 0.112500
0 0.977734 0.830556 0.038281 0.066667
58 0.171094 0.810417 0.101562 0.315278
58 0.332812 0.341667 0.079687 0.330556
