56 0.422600 0.798800 0.047400 0.162800
56 0.487300 0.524400 0.054500 0.142000
56 0.853900 0.773300 0.066800 0.125700
56 0.608900 0.888000 0.071300 0.121700
56 0.796500 0.551600 0.039000 0.134000
56 0.761700 0.769100 0.058200 0.122500
56 0.264500 0.826800 0.058300 0.149000
56 0.387000 0.479200 0.051800 0.137800
56 0.076500 0.792100 0.050100 0.133500
56 0.768500 0.614756 0.049500 0.131400
56 0.892700 0.607400 0.044400 0.151200
56 0.935700 0.513300 0.037900 0.046000
56 0.771900 0.666800 0.033200 0.058300
56 0.977700 0.583200 0.036500 0.144100
56 0.472900 0.452900 0.044300 0.108600
25 0.148300 0.586900 0.174600 0.156100
25 0.190800 0.285100 0.176500 0.130000
25 0.883400 0.910400 0.228300 0.173500
25 0.342500 0.652200 0.178100 0.193300
25 0.211500 0.423900 0.181900 0.161300
25 0.430000 0.390700 0.170000 0.271500
25 0.590800 0.956300 0.308200 0.094000
0 0.574100 0.211800 0.053600 0.224100
0 0.628700 0.215200 0.040000 0.224900
0 0.966400 0.241400 0.042100 0.212100
0 0.508900 0.793900 0.056400 0.263300
0 0.526500 0.703300 0.045400 0.177400
0 0.269400 0.765800 0.054800 0.120000
56 0.138672 0.868750 0.060156 0.137500
56 0.358984 0.882639 0.061719 0.131944
56 0.217969 0.743750 0.043750 0.120833
56 0.702344 0.581250 0.057813 0.120833
56 0.722266 0.501389 0.046094 0.086111
56 0.927344 0.639583 0.050000 0.106944
56 0.857031 0.695833 0.068750 0.113889
56 0.644922 0.795833 0.066406 0.116667
56 0.918750 0.815278 0.037500 0.044444
56 0.693750 0.932639 0.035937 0.109722
0 0.721484 0.923611 0.038281 0.152778
0 0.737109 0.890278 0.041406 0.219444
0 0.259375 0.562500 0.051562 0.119444
0 0.394141 0.793750 0.058594 0.193056
0 0.978906 0.765278 0.042188 0.063889
0 0.977734 0.827778 0.032031 0.077778
58 0.175391 0.816667 0.096094 0.319444
58 0.333984 0.354861 0.092969 0.304167
