56 0.784900 0.426700 0.090300 0.213400
56 0.824800 0.134200 0.059300 0.182200
56 0.889300 0.419600 0.132400 0.244200
56 0.955000 0.207900 0.075400 0.255600
56 0.317200 0.478600 0.065200 0.251200
56 0.708800 0.669900 0.107600 0.195500
56 0.568900 0.582800 0.093100 0.196100
56 0.392200 0.108200 0.089800 0.201400
56 0.729800 0.550800 0.080500 0.241800
56 0.701300 0.173500 0.093800 0.234100
56 0.790900 0.233700 0.078900 0.196800
56 0.205700 0.546400 0.110300 0.326500
25 0.897400 0.662500 0.207500 0.348900
25 0.526600 0.789400 0.321500 0.366400
25 0.195700 0.237200 0.242600 0.213700
0 0.488900 0.102900 0.072600 0.210600
0 0.597900 0.084800 0.069800 0.176600
0 0.350200 0.806600 0.075900 0.340400
0 0.921600 0.932000 0.064300 0.121900
0 0.116500 0.458600 0.098700 0.245900
0 0.870000 0.916400 0.060200 0.164400
56 0.728125 0.088889 0.081250 0.169444
56 0.913281 0.349306 0.106250 0.195833
56 0.801172 0.348611 0.111719 0.202778
56 0.621094 0.506944 0.096875 0.233333
56 0.045703 0.425000 0.091406 0.283333
0 0.070703 0.193056 0.074219 0.269444
0 0.269141 0.470833 0.088281 0.252778
56 0.089453 0.527083 0.091406 0.173611
25 0.027734 0.170833 0.055469 0.227778
