25 0.379800 0.928700 0.110000 0.091400
25 0.362700 0.835900 0.102900 0.080500
25 0.521500 0.858000 0.109500 0.083700
2 0.121800 0.029500 0.094200 0.057400
0 0.651400 0.784900 0.034300 0.157300
0 0.925900 0.804300 0.033400 0.165600
0 0.617900 0.778800 0.034700 0.160400
0 0.882000 0.805400 0.032700 0.141800
0 0.247400 0.067300 0.021800 0.074900
0 0.051000 0.566900 0.030900 0.063200
0 0.181200 0.136900 0.023400 0.052100
0 0.368700 0.009600 0.015500 0.020100
0 0.035900 0.260700 0.022400 0.109100
0 0.197700 0.120600 0.021500 0.053200
0 0.379600 0.008600 0.014600 0.017300
56 0.712500 0.963889 0.023438 0.038889
56 0.487500 0.936111 0.025000 0.055556
56 0.548828 0.925000 0.027344 0.044444
56 0.551953 0.975694 0.035156 0.045833
56 0.055859 0.625000 0.038281 0.058333
56 0.075000 0.559028 0.028125 0.056944
8 0.771875 0.281944 0.456250 0.186111
58 0.459766 0.880556 0.058594 0.202778
25 0.057422 0.352778 0.114844 0.088889
25 0.089844 0.442361 0.179688 0.112500
