58 0.257400 0.949000 0.121100 0.100800
56 0.522000 0.827200 0.045600 0.127700
25 0.294700 0.633100 0.125800 0.108700
25 0.410900 0.912000 0.145900 0.128700
25 0.254900 0.865200 0.139800 0.118400
25 0.485500 0.662200 0.130600 0.111100
25 0.314500 0.737300 0.127400 0.109000
0 0.642300 0.573300 0.040400 0.177600
0 0.599100 0.570000 0.044700 0.181700
0 0.922800 0.590800 0.034400 0.173000
0 0.972500 0.600700 0.041000 0.177600
0 0.977600 0.927200 0.042800 0.137900
56 0.520312 0.745833 0.043750 0.066667
56 0.446484 0.749306 0.042969 0.068056
56 0.701172 0.867361 0.039844 0.079167
56 0.716406 0.797222 0.032812 0.063889
56 0.755078 0.881250 0.046094 0.073611
56 0.777734 0.829167 0.042969 0.075000
56 0.753516 0.931944 0.044531 0.050000
56 0.832422 0.936111 0.042969 0.063889
56 0.853125 0.861111 0.029687 0.077778
56 0.890234 0.813889 0.041406 0.052778
56 0.920313 0.854167 0.051562 0.097222
56 0.889453 0.913889 0.042969 0.091667
0 0.352734 0.979167 0.027344 0.038889
0 0.344531 0.870833 0.035937 0.125000
56 0.745313 0.981944 0.040625 0.036111
8 0.663281 0.029167 0.598437 0.058333
58 0.405078 0.688889 0.050781 0.244444
