58 0.226100 0.917200 0.116700 0.156100
56 0.513200 0.766600 0.051800 0.125200
56 0.447500 0.772600 0.069500 0.112400
25 0.271200 0.550900 0.132600 0.102500
25 0.396600 0.849500 0.154300 0.131300
25 0.474300 0.582200 0.134500 0.108600
25 0.288500 0.670800 0.133800 0.114500
25 0.229600 0.803900 0.142700 0.122600
0 0.589600 0.493300 0.053900 0.184500
0 0.640200 0.493400 0.049000 0.179900
0 0.981800 0.518300 0.037500 0.184500
0 0.933900 0.512200 0.029500 0.183300
0 0.538300 0.965900 0.039300 0.069000
0 0.939600 0.965600 0.039400 0.064100
0 0.982200 0.895000 0.035200 0.191500
0 0.333400 0.955400 0.054100 0.086600
0 0.570400 0.986900 0.027000 0.025900
56 0.291797 0.944444 0.036719 0.102778
56 0.648438 0.969444 0.040625 0.058333
56 0.432813 0.683333 0.046875 0.083333
56 0.507031 0.679167 0.043750 0.069444
56 0.753125 0.953472 0.046875 0.090278
56 0.828125 0.959722 0.051562 0.077778
56 0.842578 0.902083 0.042969 0.106944
56 0.867969 0.801389 0.045313 0.116667
56 0.895312 0.857639 0.043750 0.098611
56 0.935938 0.801389 0.039062 0.116667
56 0.900781 0.746528 0.035937 0.054167
56 0.782812 0.772222 0.051562 0.097222
56 0.721484 0.737500 0.052344 0.086111
56 0.701953 0.811806 0.052344 0.104167
56 0.755859 0.820833 0.052344 0.080556
56 0.760938 0.880556 0.056250 0.086111
56 0.470703 0.958333 0.041406 0.080556
0 0.433594 0.946528 0.056250 0.093056
0 0.320312 0.813194 0.031250 0.145833
58 0.392578 0.608333 0.066406 0.263889
