56 0.489100 0.602300 0.061500 0.140500
56 0.848700 0.829500 0.062000 0.116000
56 0.962494 0.646200 0.054600 0.140900
56 0.792500 0.616900 0.036000 0.139300
56 0.429300 0.858500 0.048600 0.161900
56 0.758300 0.832800 0.061300 0.124300
56 0.607300 0.942000 0.066500 0.105400
56 0.271300 0.887000 0.052800 0.136100
56 0.919100 0.708200 0.047800 0.140500
56 0.107800 0.832800 0.047300 0.142500
56 0.647800 0.862300 0.040600 0.118900
56 0.480900 0.493400 0.034800 0.057300
25 0.214000 0.360000 0.155400 0.119700
25 0.169200 0.648100 0.166600 0.159400
25 0.238700 0.488700 0.145800 0.124200
25 0.354600 0.714800 0.175400 0.186900
25 0.444800 0.451800 0.161100 0.236600
25 0.884100 0.929900 0.213500 0.145700
0 0.633900 0.291800 0.042900 0.213200
0 0.580100 0.289100 0.058200 0.217700
0 0.961200 0.322200 0.042500 0.196000
0 0.518800 0.885600 0.050400 0.244200
0 0.515600 0.761600 0.048100 0.122800
0 0.293100 0.856900 0.064700 0.171400
0 0.974500 0.898100 0.047900 0.106600
0 0.675800 0.953300 0.052200 0.094000
0 0.973000 0.824900 0.035600 0.069000
0 0.701100 0.924200 0.060200 0.142900
56 0.400000 0.526389 0.053125 0.108333
56 0.699609 0.647222 0.042969 0.091667
56 0.764844 0.665278 0.057813 0.086111
56 0.716016 0.568056 0.041406 0.086111
56 0.922656 0.577083 0.050000 0.054167
56 0.885156 0.640972 0.050000 0.104167
56 0.863281 0.754167 0.057813 0.113889
56 0.767578 0.750694 0.066406 0.112500
56 0.736328 0.904167 0.050781 0.122222
56 0.372266 0.935417 0.069531 0.126389
56 0.157031 0.936111 0.060938 0.125000
56 0.241797 0.813889 0.046094 0.136111
0 0.407422 0.846528 0.061719 0.179167
0 0.275391 0.618056 0.047656 0.113889
58 0.185547 0.856944 0.108594 0.283333
58 0.355078 0.422917 0.092969 0.318056
