56 0.542300 0.895000 0.038800 0.140100
25 0.328600 0.725500 0.111600 0.101800
25 0.287800 0.941500 0.128900 0.112400
25 0.434700 0.960200 0.133600 0.085600
25 0.345800 0.827500 0.115200 0.104900
25 0.502300 0.756000 0.123800 0.106100
0 0.606700 0.665000 0.039500 0.170600
0 0.648100 0.671500 0.037700 0.165800
0 0.948500 0.692100 0.037200 0.166500
0 0.909100 0.691000 0.037400 0.160900
0 0.960400 0.964900 0.040700 0.068600
56 0.011719 0.437500 0.023438 0.102778
56 0.530078 0.821528 0.032031 0.051389
56 0.467187 0.830556 0.034375 0.052778
56 0.708203 0.945139 0.044531 0.073611
56 0.721094 0.876389 0.034375 0.041667
56 0.755469 0.951389 0.031250 0.052778
56 0.774219 0.903472 0.028125 0.059722
56 0.848437 0.933333 0.031250 0.069444
56 0.873438 0.972917 0.034375 0.045833
56 0.910937 0.930556 0.028125 0.063889
56 0.880078 0.888194 0.027344 0.029167
0 0.377734 0.916667 0.038281 0.077778
8 0.721094 0.104167 0.557813 0.166667
58 0.432031 0.775694 0.068750 0.248611
