56 0.320400 0.483800 0.070000 0.234900
56 0.708500 0.673500 0.106800 0.191600
56 0.394300 0.115700 0.093600 0.203400
56 0.572400 0.604800 0.095300 0.171200
56 0.775600 0.447500 0.090000 0.216500
56 0.815400 0.170400 0.072600 0.221900
56 0.957100 0.231500 0.071900 0.256800
56 0.910800 0.421900 0.090900 0.241100
56 0.730700 0.553300 0.075400 0.228300
56 0.700500 0.204700 0.104600 0.213100
56 0.107400 0.513300 0.087900 0.253800
0 0.116600 0.484700 0.087900 0.268100
25 0.894300 0.663100 0.212000 0.339000
25 0.533200 0.785300 0.315200 0.374200
25 0.208000 0.266500 0.235300 0.217400
25 0.028300 0.166700 0.058900 0.204400
25 0.078200 0.024700 0.166900 0.048000
0 0.327800 0.826600 0.071000 0.331700
0 0.586000 0.108500 0.069100 0.223000
0 0.487700 0.129300 0.068700 0.252900
0 0.917400 0.933000 0.063000 0.121600
0 0.879500 0.916000 0.057700 0.158600
56 0.790234 0.220139 0.097656 0.201389
56 0.728516 0.102778 0.094531 0.191667
56 0.907031 0.354167 0.107813 0.205556
56 0.797266 0.350000 0.116406 0.197222
56 0.623828 0.500694 0.105469 0.223611
56 0.229297 0.599306 0.103906 0.234722
56 0.047266 0.437500 0.094531 0.283333
0 0.086328 0.203472 0.072656 0.262500
0 0.270312 0.477083 0.093750 0.226389
