56 0.786300 0.422800 0.091300 0.207500
56 0.894100 0.424100 0.116100 0.211200
56 0.954900 0.204800 0.077200 0.262800
56 0.816800 0.138200 0.078400 0.221400
56 0.566900 0.584800 0.096200 0.181300
56 0.709000 0.671300 0.104800 0.192700
56 0.391000 0.101700 0.098600 0.193200
56 0.729200 0.548800 0.082800 0.240500
56 0.701300 0.174100 0.095000 0.236600
56 0.613100 0.511300 0.050300 0.210300
56 0.083900 0.485100 0.086500 0.266100
25 0.894500 0.659400 0.210200 0.342100
25 0.529000 0.788800 0.328000 0.350200
25 0.194200 0.232700 0.247600 0.224200
0 0.358500 0.803300 0.072500 0.345000
0 0.605300 0.077900 0.068100 0.146800
0 0.505700 0.086200 0.074600 0.170100
0 0.111800 0.456800 0.097300 0.256500
0 0.923000 0.932200 0.068300 0.125200
56 0.216016 0.589583 0.119531 0.243056
56 0.725781 0.081250 0.081250 0.162500
56 0.788281 0.206944 0.103125 0.186111
56 0.918750 0.334028 0.101562 0.195833
56 0.797266 0.332639 0.107031 0.195833
56 0.307031 0.463194 0.095312 0.254167
56 0.042188 0.417361 0.084375 0.276389
0 0.873828 0.904861 0.060156 0.190278
0 0.258203 0.454861 0.091406 0.251389
0 0.066406 0.186111 0.071875 0.269444
25 0.025391 0.162500 0.050781 0.219444
