56 0.818800 0.206700 0.059200 0.177500
56 0.705700 0.700700 0.099800 0.184700
56 0.576100 0.637000 0.093800 0.160500
56 0.773800 0.482300 0.088600 0.205000
56 0.886900 0.483900 0.099200 0.192600
56 0.733400 0.607200 0.067000 0.143000
56 0.333600 0.519400 0.076600 0.229700
56 0.618800 0.544800 0.052200 0.175800
56 0.081200 0.483700 0.061300 0.145700
56 0.149200 0.515600 0.085200 0.244100
56 0.979900 0.295600 0.038600 0.228500
56 0.948800 0.292000 0.083600 0.258800
56 0.395600 0.174500 0.067600 0.147600
56 0.292900 0.072300 0.065900 0.132200
25 0.893000 0.708300 0.223600 0.340500
25 0.232700 0.325500 0.210700 0.223200
25 0.045500 0.230700 0.094500 0.203900
25 0.540700 0.826700 0.289800 0.335900
25 0.101300 0.079700 0.186500 0.149000
0 0.465400 0.194100 0.068000 0.307500
0 0.564300 0.172900 0.061400 0.316300
0 0.293800 0.854000 0.060900 0.286700
0 0.863000 0.923600 0.057300 0.149200
0 0.162700 0.515900 0.092500 0.235300
0 0.911800 0.946400 0.059600 0.103500
0 0.117000 0.200300 0.050500 0.128300
56 0.703516 0.259028 0.074219 0.181944
56 0.779297 0.278472 0.080469 0.170833
56 0.728906 0.168056 0.079687 0.186111
56 0.792188 0.400000 0.089062 0.186111
56 0.899609 0.401389 0.091406 0.194444
56 0.256641 0.642361 0.114844 0.204167
56 0.398438 0.097222 0.068750 0.194444
0 0.293359 0.521528 0.096094 0.226389
0 0.986719 0.931944 0.026563 0.133333
58 0.228125 0.090972 0.067188 0.109722
58 0.042188 0.543056 0.084375 0.380556
