56 0.549800 0.946500 0.045300 0.101400
25 0.347400 0.790400 0.111400 0.092300
25 0.364800 0.889300 0.121000 0.104100
25 0.513900 0.819800 0.117100 0.101000
25 0.318600 0.973100 0.146900 0.056600
0 0.649700 0.741300 0.035800 0.150200
0 0.613100 0.734700 0.037900 0.166200
0 0.930700 0.757500 0.038800 0.177700
0 0.890000 0.759400 0.035300 0.153200
0 0.127500 0.120300 0.023300 0.086300
0 0.013100 0.201500 0.027200 0.147000
0 0.182700 0.041600 0.022600 0.057300
0 0.199100 0.035400 0.025500 0.055900
0 0.022300 0.508000 0.029700 0.063800
0 0.206900 0.027200 0.025900 0.051400
56 0.838281 0.977083 0.028125 0.043056
56 0.866797 0.950000 0.022656 0.041667
56 0.898047 0.967361 0.024219 0.045833
56 0.748047 0.988889 0.025781 0.019444
56 0.703516 0.981250 0.021094 0.034722
56 0.713672 0.926389 0.021094 0.036111
56 0.766406 0.956250 0.021875 0.059722
56 0.476562 0.905556 0.026563 0.058333
56 0.540625 0.882639 0.035937 0.040278
56 0.033203 0.565278 0.027344 0.055556
56 0.054688 0.513194 0.026563 0.068056
8 0.749609 0.217361 0.500781 0.193056
58 0.444922 0.828472 0.055469 0.229167
25 0.078125 0.370139 0.156250 0.134722
