56 0.536900 0.857300 0.037000 0.124600
56 0.523500 0.776300 0.031600 0.051700
26 0.976600 0.644100 0.023000 0.035200
25 0.309100 0.672800 0.124300 0.099400
25 0.425100 0.932800 0.133400 0.108700
25 0.494200 0.698800 0.127700 0.105400
25 0.274200 0.896600 0.137500 0.109600
25 0.326200 0.786900 0.128000 0.118600
0 0.963700 0.638900 0.045800 0.179800
0 0.603200 0.609900 0.043200 0.175400
0 0.914400 0.636500 0.038400 0.166100
0 0.645500 0.618600 0.037600 0.164900
0 0.973400 0.943100 0.045300 0.098300
56 0.458203 0.795139 0.036719 0.076389
56 0.714063 0.916667 0.043750 0.080556
56 0.717578 0.832639 0.036719 0.054167
56 0.783203 0.860417 0.033594 0.054167
56 0.754687 0.913194 0.046875 0.068056
56 0.761719 0.966667 0.040625 0.047222
56 0.833984 0.974306 0.046094 0.048611
56 0.879297 0.943056 0.035156 0.063889
56 0.851562 0.887500 0.026563 0.063889
56 0.887109 0.843056 0.033594 0.038889
56 0.923828 0.890972 0.032031 0.087500
0 0.355469 0.911806 0.035937 0.140278
8 0.700000 0.060417 0.596875 0.120833
58 0.418750 0.718056 0.053125 0.261111
