58 0.240000 0.931900 0.119000 0.126800
56 0.517500 0.793800 0.044200 0.131800
25 0.243200 0.832900 0.142500 0.119300
25 0.284200 0.587500 0.127300 0.098900
25 0.302500 0.705500 0.130200 0.116400
25 0.478300 0.616500 0.134800 0.098300
25 0.401900 0.879800 0.146300 0.128200
0 0.641200 0.534400 0.044300 0.179800
0 0.978100 0.555600 0.035900 0.186000
0 0.598000 0.526600 0.039200 0.184000
0 0.930500 0.554500 0.028600 0.186700
0 0.981400 0.913400 0.037500 0.165300
0 0.931800 0.980100 0.054600 0.043200
0 0.351100 0.970800 0.058800 0.059600
56 0.438281 0.721528 0.037500 0.076389
56 0.515625 0.697917 0.043750 0.059722
56 0.477344 0.970833 0.031250 0.055556
56 0.655469 0.977778 0.042188 0.041667
56 0.746094 0.966667 0.037500 0.063889
56 0.704687 0.838194 0.043750 0.081944
56 0.714063 0.762500 0.039062 0.063889
56 0.755469 0.843056 0.045313 0.066667
56 0.776172 0.787500 0.042969 0.075000
56 0.760547 0.913194 0.041406 0.070833
56 0.830078 0.971528 0.050781 0.054167
56 0.835938 0.911111 0.046875 0.069444
56 0.859375 0.825000 0.035937 0.091667
56 0.894922 0.887500 0.050781 0.094444
56 0.928516 0.830556 0.044531 0.094444
56 0.891797 0.777083 0.039844 0.043056
56 0.305469 0.963194 0.025000 0.068056
0 0.435547 0.969444 0.063281 0.058333
0 0.554297 0.984028 0.032031 0.029167
0 0.331641 0.838889 0.041406 0.130556
58 0.396484 0.643750 0.055469 0.259722
