56 0.708000 0.671800 0.103600 0.203900
56 0.324100 0.488100 0.066200 0.234600
56 0.895900 0.453300 0.101600 0.195400
56 0.820000 0.164700 0.061500 0.181800
56 0.396600 0.140600 0.090700 0.230600
56 0.775600 0.453500 0.090200 0.200300
56 0.571900 0.610800 0.090100 0.178400
56 0.955600 0.236600 0.077500 0.261000
56 0.229800 0.573000 0.095100 0.330600
56 0.111600 0.514400 0.088600 0.243300
56 0.734100 0.577100 0.067000 0.142300
56 0.703400 0.204200 0.087600 0.238000
25 0.894100 0.676200 0.211700 0.296700
25 0.534300 0.789800 0.313600 0.355300
25 0.211600 0.268100 0.224100 0.209000
25 0.084400 0.041700 0.168700 0.080600
25 0.028900 0.178000 0.059700 0.202800
0 0.318800 0.835400 0.092900 0.334500
0 0.575500 0.117300 0.065400 0.233100
0 0.478300 0.132300 0.063000 0.286600
0 0.868500 0.919200 0.056800 0.156900
0 0.916300 0.931200 0.064900 0.127100
56 0.621094 0.515972 0.095312 0.223611
56 0.060547 0.439583 0.097656 0.270833
56 0.723047 0.121528 0.075781 0.181944
56 0.782031 0.224306 0.089062 0.176389
56 0.792578 0.347222 0.078906 0.197222
56 0.905078 0.356944 0.100781 0.188889
0 0.276172 0.484028 0.094531 0.226389
0 0.093359 0.221528 0.066406 0.265278
0 0.139062 0.491667 0.103125 0.252778
