56 0.483200 0.521900 0.054500 0.137600
56 0.852600 0.770500 0.064200 0.118100
56 0.421200 0.792500 0.044200 0.161500
56 0.607500 0.885900 0.072100 0.118800
56 0.258800 0.824300 0.059700 0.135200
56 0.798500 0.544000 0.036800 0.134300
56 0.381300 0.452900 0.048600 0.115500
56 0.927400 0.637400 0.046600 0.143500
56 0.356100 0.882100 0.081400 0.190900
56 0.892700 0.584300 0.038200 0.134900
56 0.767800 0.595856 0.051800 0.139300
56 0.078800 0.768800 0.048900 0.150700
56 0.978800 0.577700 0.035800 0.150900
56 0.472000 0.415700 0.038600 0.057900
56 0.764400 0.761700 0.051200 0.109800
25 0.145300 0.575800 0.182600 0.159900
25 0.341300 0.643500 0.175800 0.188100
25 0.212100 0.417400 0.179900 0.158900
25 0.190000 0.271600 0.170400 0.118000
25 0.881800 0.906400 0.228500 0.178500
25 0.428800 0.347000 0.171800 0.190300
25 0.581600 0.965100 0.246200 0.068000
0 0.629300 0.207300 0.041900 0.219700
0 0.572800 0.199500 0.054600 0.226800
0 0.967000 0.229400 0.039000 0.219300
0 0.507200 0.774800 0.057700 0.254500
0 0.523400 0.671300 0.048300 0.153000
0 0.981200 0.769300 0.036200 0.077600
0 0.268800 0.766800 0.057700 0.136800
56 0.135156 0.870139 0.056250 0.151389
56 0.214453 0.743056 0.047656 0.133333
56 0.707422 0.577778 0.049219 0.113889
56 0.716406 0.479861 0.039062 0.062500
56 0.931250 0.509028 0.037500 0.056944
56 0.862891 0.677778 0.047656 0.086111
56 0.921094 0.809722 0.029687 0.052778
56 0.765625 0.680556 0.045313 0.088889
56 0.637500 0.784028 0.048437 0.098611
56 0.697266 0.919444 0.047656 0.091667
0 0.726172 0.919444 0.038281 0.161111
0 0.740625 0.884722 0.034375 0.227778
0 0.389453 0.780556 0.063281 0.188889
0 0.258984 0.557639 0.050781 0.129167
0 0.975391 0.828472 0.039844 0.065278
58 0.165625 0.804861 0.115625 0.331944
58 0.329297 0.329861 0.074219 0.337500
