56 0.541500 0.915700 0.043000 0.129700
25 0.349200 0.851900 0.124400 0.117700
25 0.295000 0.950200 0.129100 0.100400
25 0.333400 0.738700 0.118100 0.087600
25 0.506400 0.763800 0.114200 0.089000
25 0.432600 0.965200 0.152300 0.070400
0 0.649300 0.691000 0.032600 0.169700
0 0.609800 0.683300 0.040300 0.166200
0 0.941700 0.707100 0.036800 0.167200
0 0.903000 0.710000 0.028400 0.167000
0 0.958800 0.972500 0.039200 0.053300
0 0.923900 0.705200 0.031100 0.164100
56 0.472266 0.856250 0.033594 0.084722
56 0.536328 0.843056 0.035156 0.058333
56 0.713281 0.890972 0.026563 0.054167
56 0.771094 0.915972 0.037500 0.070833
56 0.707422 0.959028 0.036719 0.070833
56 0.759766 0.965278 0.035156 0.055556
56 0.844531 0.943750 0.025000 0.048611
56 0.876562 0.980556 0.029687 0.036111
56 0.874219 0.905556 0.029687 0.036111
56 0.908984 0.941667 0.035156 0.066667
56 0.018359 0.454861 0.035156 0.090278
0 0.379297 0.918750 0.030469 0.076389
8 0.728516 0.143056 0.542969 0.186111
0 0.089453 0.048611 0.022656 0.086111
58 0.437500 0.785417 0.067188 0.251389
25 0.060547 0.293750 0.121094 0.126389
