56 0.546100 0.920300 0.043600 0.129000
25 0.338100 0.755700 0.114800 0.099000
25 0.353300 0.857800 0.114200 0.107600
25 0.299200 0.954100 0.124800 0.092700
25 0.509400 0.773000 0.117900 0.081600
25 0.445100 0.973400 0.149800 0.053800
0 0.650200 0.703600 0.034600 0.158600
0 0.610500 0.695600 0.035400 0.168000
0 0.900100 0.722300 0.028100 0.159300
0 0.940300 0.725400 0.034700 0.150400
0 0.961400 0.977000 0.059700 0.046400
0 0.096700 0.059700 0.019200 0.091400
56 0.023047 0.467361 0.033594 0.093056
56 0.474219 0.876389 0.039062 0.086111
56 0.534766 0.859722 0.036719 0.061111
56 0.705078 0.963889 0.044531 0.069444
56 0.750000 0.967361 0.040625 0.062500
56 0.769922 0.922917 0.024219 0.065278
56 0.718750 0.900000 0.037500 0.058333
56 0.839844 0.959722 0.029687 0.066667
56 0.866406 0.977778 0.035937 0.041667
56 0.871094 0.913194 0.035937 0.040278
56 0.903125 0.951389 0.031250 0.075000
0 0.385156 0.935417 0.040625 0.084722
8 0.733594 0.157639 0.532812 0.170833
58 0.444141 0.793750 0.069531 0.254167
25 0.067578 0.311111 0.135156 0.147222
