58 0.208100 0.893200 0.114600 0.205500
56 0.509600 0.706300 0.046500 0.132000
56 0.454200 0.931600 0.052100 0.118900
56 0.832800 0.919200 0.066600 0.115800
56 0.756100 0.924700 0.061900 0.118400
56 0.785800 0.736200 0.032700 0.135900
56 0.420700 0.670100 0.046600 0.134500
56 0.947200 0.759800 0.044600 0.132700
25 0.253800 0.490400 0.141800 0.104800
25 0.272700 0.614700 0.136700 0.122600
25 0.463500 0.524000 0.153900 0.111500
25 0.210800 0.754700 0.152300 0.131400
25 0.382100 0.797200 0.154900 0.133600
0 0.588800 0.428500 0.051500 0.203600
0 0.638400 0.429900 0.045900 0.189800
0 0.521700 0.930200 0.047600 0.134600
0 0.941800 0.459100 0.039900 0.164400
0 0.548200 0.952800 0.055000 0.092500
0 0.986600 0.452300 0.026400 0.216600
0 0.322100 0.929800 0.055900 0.125600
0 0.616600 0.979800 0.059600 0.043600
0 0.954600 0.933200 0.051800 0.093900
56 0.154297 0.923611 0.042969 0.113889
56 0.274609 0.902083 0.033594 0.084722
56 0.495313 0.629861 0.042188 0.073611
56 0.703516 0.761111 0.046094 0.091667
56 0.761719 0.771528 0.056250 0.090278
56 0.718359 0.675000 0.042969 0.066667
56 0.911328 0.703472 0.049219 0.068056
56 0.906250 0.807639 0.042188 0.093056
56 0.874219 0.755556 0.040625 0.080556
56 0.845703 0.857639 0.044531 0.093056
56 0.764063 0.847222 0.040625 0.077778
56 0.645703 0.940278 0.047656 0.069444
56 0.722266 0.965278 0.038281 0.069444
0 0.428125 0.927778 0.051562 0.144444
0 0.305469 0.770833 0.040625 0.166667
0 0.950781 0.978472 0.032812 0.040278
58 0.380078 0.556944 0.055469 0.283333
