56 0.706500 0.675400 0.097000 0.212300
56 0.891300 0.453300 0.108100 0.222100
56 0.328000 0.509000 0.073200 0.232000
56 0.818600 0.177700 0.061100 0.174000
56 0.574300 0.636600 0.084100 0.126900
56 0.775400 0.458500 0.091600 0.212500
56 0.732700 0.582100 0.067900 0.151600
56 0.979700 0.264900 0.037500 0.222300
56 0.396800 0.143400 0.082400 0.215200
56 0.616600 0.540400 0.050900 0.194600
56 0.953900 0.236200 0.059300 0.180700
56 0.230600 0.578700 0.103900 0.297400
56 0.067400 0.450600 0.057000 0.134300
56 0.115800 0.515600 0.061200 0.157800
56 0.699000 0.235300 0.103700 0.209700
56 0.723100 0.140300 0.054600 0.152600
25 0.537100 0.787200 0.312600 0.373700
25 0.891700 0.681000 0.212100 0.293800
25 0.039800 0.204800 0.083600 0.206300
25 0.221400 0.282000 0.216900 0.210200
25 0.089000 0.047300 0.186200 0.090800
0 0.567600 0.139900 0.059400 0.299400
0 0.464600 0.147300 0.069700 0.320800
0 0.307700 0.847600 0.092400 0.300500
0 0.137694 0.501900 0.090600 0.226100
0 0.912700 0.942300 0.067900 0.114100
0 0.866100 0.920100 0.052800 0.154300
56 0.784766 0.243056 0.099219 0.155556
56 0.787500 0.367361 0.093750 0.176389
56 0.898438 0.375000 0.100000 0.180556
0 0.290625 0.502083 0.081250 0.237500
0 0.099609 0.248611 0.069531 0.277778
58 0.035937 0.536806 0.071875 0.395833
