56 0.704000 0.773400 0.078500 0.137100
56 0.583600 0.710300 0.076600 0.131100
56 0.805600 0.322400 0.055500 0.181100
56 0.769700 0.572300 0.082500 0.196600
56 0.327200 0.202600 0.065400 0.147900
56 0.883200 0.573900 0.071600 0.149200
56 0.922900 0.360300 0.046200 0.166200
56 0.732400 0.674600 0.066300 0.149900
56 0.426100 0.199900 0.059600 0.154900
56 0.368200 0.606800 0.058200 0.183700
56 0.176700 0.643800 0.062900 0.147000
56 0.972100 0.390600 0.051500 0.183700
56 0.427600 0.269100 0.060700 0.154500
56 0.629700 0.638800 0.047500 0.180900
56 0.137200 0.549500 0.047000 0.114200
56 0.976900 0.261900 0.041100 0.054000
56 0.293000 0.704600 0.072300 0.240900
26 0.565100 0.320600 0.018800 0.043700
25 0.891200 0.762500 0.219800 0.258100
25 0.069900 0.333000 0.142900 0.174400
25 0.130800 0.151700 0.202500 0.169600
25 0.554700 0.867500 0.275700 0.242700
25 0.274800 0.409100 0.197000 0.188700
25 0.379200 0.095200 0.189600 0.174000
0 0.474300 0.400700 0.064900 0.300600
0 0.538500 0.380500 0.060800 0.296400
0 0.273100 0.899400 0.054000 0.221200
0 0.204700 0.584700 0.086000 0.213600
0 0.897300 0.972100 0.059200 0.057200
0 0.977000 0.960300 0.042800 0.074500
0 0.988500 0.620400 0.021300 0.059500
56 0.892187 0.488889 0.065625 0.155556
56 0.789062 0.492361 0.071875 0.159722
56 0.776172 0.377778 0.072656 0.141667
56 0.710156 0.357639 0.081250 0.173611
56 0.724219 0.270833 0.076563 0.172222
0 0.855469 0.945139 0.042188 0.106944
0 0.332812 0.603472 0.079687 0.201389
0 0.174609 0.365278 0.067969 0.222222
58 0.088672 0.611111 0.113281 0.397222
58 0.268359 0.135417 0.083594 0.268056
56 0.046484 0.722222 0.092969 0.208333
