56 0.421100 0.790400 0.045500 0.161800
56 0.481000 0.522300 0.058800 0.138900
56 0.605900 0.882800 0.071600 0.119500
56 0.853300 0.768500 0.064900 0.117600
56 0.270500 0.795700 0.084200 0.196900
56 0.799300 0.542000 0.036400 0.134600
56 0.893081 0.575444 0.040800 0.144100
56 0.381000 0.448100 0.048900 0.113800
56 0.077500 0.768500 0.048900 0.150900
56 0.353800 0.865100 0.080900 0.213700
56 0.772700 0.757300 0.034100 0.065500
25 0.146200 0.572000 0.185900 0.152800
25 0.340300 0.640200 0.178800 0.188700
25 0.212000 0.413600 0.182900 0.156600
25 0.881900 0.906800 0.223200 0.179100
25 0.184000 0.266900 0.163100 0.116800
25 0.428700 0.345900 0.172400 0.199700
25 0.581100 0.964300 0.258100 0.071400
0 0.629500 0.201600 0.040500 0.223700
0 0.571300 0.194100 0.054300 0.225700
0 0.506000 0.774900 0.058600 0.257300
0 0.967500 0.223100 0.040100 0.217000
0 0.525300 0.668800 0.048300 0.156400
0 0.980800 0.762200 0.032100 0.074800
56 0.464844 0.428472 0.060938 0.101389
56 0.219141 0.740972 0.053906 0.154167
56 0.132812 0.875000 0.062500 0.138889
56 0.696484 0.916667 0.044531 0.080556
56 0.636719 0.786806 0.053125 0.098611
56 0.766797 0.595833 0.053906 0.097222
56 0.707422 0.583333 0.052344 0.130556
56 0.719141 0.497917 0.050781 0.109722
56 0.932031 0.638194 0.053125 0.131944
56 0.974219 0.567361 0.051562 0.134722
56 0.932422 0.509028 0.041406 0.062500
56 0.863672 0.686806 0.066406 0.126389
56 0.778125 0.688194 0.060938 0.129167
56 0.723047 0.809722 0.055469 0.136111
56 0.921484 0.813194 0.032031 0.059722
0 0.730859 0.915278 0.041406 0.166667
0 0.744141 0.885417 0.036719 0.223611
0 0.254687 0.552778 0.048437 0.127778
0 0.279297 0.789583 0.069531 0.181944
0 0.391797 0.779861 0.055469 0.184722
0 0.978906 0.818750 0.042188 0.062500
58 0.172266 0.796528 0.097656 0.326389
58 0.327734 0.343056 0.082031 0.319444
