56 0.803700 0.352000 0.053700 0.168900
56 0.705100 0.799900 0.077700 0.136600
56 0.769300 0.602900 0.068800 0.156600
56 0.588000 0.736000 0.069600 0.126200
56 0.386700 0.632300 0.036800 0.188400
56 0.446100 0.320200 0.064200 0.155500
56 0.732500 0.705100 0.058500 0.142600
56 0.209100 0.638800 0.086800 0.218800
56 0.882000 0.601700 0.058700 0.145600
56 0.433400 0.213000 0.053900 0.102800
56 0.957100 0.456200 0.056500 0.155900
56 0.336800 0.229900 0.057600 0.118300
56 0.918900 0.391200 0.045300 0.162300
56 0.965500 0.356900 0.058500 0.135300
25 0.886900 0.791800 0.213800 0.265300
25 0.555800 0.881500 0.296500 0.235900
25 0.142200 0.202200 0.206300 0.191100
25 0.285300 0.455100 0.188700 0.204700
25 0.111000 0.050300 0.184100 0.103800
25 0.082000 0.367900 0.157700 0.164600
25 0.389100 0.141000 0.174000 0.256700
0 0.483800 0.457400 0.063300 0.286800
0 0.264500 0.903700 0.062700 0.182300
0 0.537400 0.423800 0.056100 0.266300
0 0.552900 0.038400 0.090500 0.072800
0 0.955000 0.646000 0.032200 0.055900
0 0.211900 0.616600 0.082600 0.212300
0 0.990400 0.052400 0.017800 0.113300
0 0.972400 0.973200 0.055400 0.053800
56 0.307031 0.735417 0.082813 0.170833
56 0.149609 0.600000 0.066406 0.191667
56 0.705859 0.388194 0.063281 0.131944
56 0.771094 0.402083 0.079687 0.148611
56 0.724219 0.299306 0.062500 0.123611
56 0.882812 0.513889 0.075000 0.155556
56 0.784766 0.522222 0.082031 0.169444
56 0.635547 0.655556 0.074219 0.163889
0 0.848828 0.954167 0.042969 0.091667
0 0.189453 0.347917 0.060156 0.134722
0 0.341016 0.620833 0.088281 0.208333
58 0.103516 0.637500 0.100781 0.380556
58 0.276953 0.158333 0.092969 0.313889
56 0.054688 0.739583 0.081250 0.206944
