56 0.706700 0.705400 0.100100 0.181100
56 0.575300 0.641800 0.085900 0.140100
56 0.821000 0.212200 0.050600 0.175600
56 0.771700 0.488000 0.084800 0.217300
56 0.890600 0.483100 0.096200 0.202100
56 0.352500 0.517400 0.045400 0.199400
56 0.620200 0.545700 0.053400 0.164000
56 0.978900 0.295900 0.042500 0.222300
56 0.295700 0.074800 0.059000 0.123900
56 0.141300 0.545400 0.085900 0.243100
56 0.734600 0.610300 0.065400 0.144800
56 0.082900 0.483300 0.060700 0.147100
56 0.265400 0.634800 0.082600 0.250400
56 0.400400 0.076300 0.060000 0.138800
56 0.723700 0.172100 0.056300 0.145800
25 0.891800 0.710700 0.222900 0.339700
25 0.049200 0.234800 0.098500 0.189400
25 0.237700 0.328500 0.213300 0.227200
25 0.543300 0.827000 0.294200 0.329600
25 0.098000 0.079600 0.191600 0.157800
0 0.465200 0.204900 0.075700 0.310300
0 0.558600 0.179600 0.071000 0.297500
0 0.290900 0.859800 0.060600 0.274800
0 0.145800 0.484500 0.057100 0.158300
0 0.861200 0.923500 0.057200 0.151300
56 0.937891 0.264583 0.088281 0.209722
56 0.413281 0.194444 0.087500 0.191667
56 0.782422 0.283333 0.078906 0.161111
56 0.707031 0.266667 0.081250 0.175000
56 0.896484 0.408333 0.097656 0.177778
56 0.792969 0.410417 0.098438 0.190278
0 0.298047 0.515972 0.091406 0.231944
0 0.911328 0.943056 0.050781 0.111111
0 0.984375 0.934028 0.031250 0.131944
0 0.124609 0.265972 0.066406 0.254167
58 0.042188 0.538889 0.084375 0.402778
58 0.231250 0.096528 0.078125 0.137500
