56 0.461500 0.397400 0.069200 0.158200
56 0.763000 0.668500 0.068400 0.157700
56 0.392500 0.696300 0.052000 0.179800
56 0.802100 0.425600 0.044000 0.151200
56 0.598600 0.795700 0.076500 0.121300
56 0.704800 0.851800 0.075200 0.133400
56 0.858600 0.668000 0.065100 0.130400
56 0.356200 0.327600 0.061900 0.139200
56 0.213900 0.732600 0.055900 0.154500
56 0.329500 0.791300 0.060000 0.173800
56 0.956100 0.379900 0.042600 0.049000
56 0.448300 0.303600 0.046500 0.107700
56 0.729700 0.762900 0.059600 0.146900
56 0.176400 0.640200 0.050700 0.129100
56 0.950700 0.514900 0.057600 0.142300
56 0.897400 0.482700 0.044200 0.164600
26 0.283800 0.950900 0.020000 0.044000
25 0.889300 0.842700 0.197400 0.244500
25 0.169200 0.281500 0.190100 0.157700
25 0.099500 0.449700 0.186800 0.166900
25 0.306700 0.527000 0.191700 0.193400
25 0.141700 0.118400 0.175100 0.142600
25 0.569300 0.916100 0.288800 0.171300
25 0.402200 0.210300 0.172900 0.232200
0 0.496500 0.582900 0.066300 0.274400
0 0.559400 0.080100 0.066600 0.168700
0 0.260500 0.933900 0.070400 0.124800
0 0.980100 0.099800 0.040500 0.179900
0 0.621700 0.084000 0.045700 0.171800
0 0.536500 0.544200 0.051200 0.293800
0 0.212700 0.426100 0.042200 0.106000
56 0.705078 0.470139 0.060156 0.115278
56 0.720703 0.375000 0.053906 0.102778
56 0.767969 0.472917 0.056250 0.112500
56 0.870703 0.575694 0.067969 0.109722
56 0.782812 0.577083 0.065625 0.123611
56 0.643750 0.711806 0.073437 0.154167
56 0.080078 0.771528 0.064844 0.170833
56 0.034375 0.668056 0.057813 0.136111
0 0.243750 0.687500 0.081250 0.208333
0 0.360156 0.686806 0.073437 0.204167
0 0.860937 0.697917 0.035937 0.056944
58 0.130078 0.707639 0.092969 0.348611
58 0.308203 0.197222 0.094531 0.336111
