25 0.379500 0.927200 0.110600 0.090300
25 0.361900 0.834100 0.106600 0.083800
25 0.522300 0.856000 0.108300 0.081600
2 0.127900 0.027600 0.102100 0.054600
0 0.925700 0.801800 0.034600 0.168600
0 0.618400 0.778400 0.035300 0.161400
0 0.652200 0.784400 0.033900 0.156700
0 0.881000 0.804700 0.031900 0.142100
0 0.247100 0.065300 0.023400 0.075400
0 0.050800 0.566000 0.033300 0.064900
0 0.180800 0.134800 0.023600 0.054000
0 0.197800 0.119600 0.023000 0.053600
0 0.368300 0.008300 0.016400 0.018700
0 0.036300 0.259600 0.024600 0.107400
56 0.062109 0.627083 0.042969 0.059722
56 0.075000 0.547917 0.026563 0.048611
56 0.490234 0.936806 0.032031 0.056944
56 0.549609 0.922222 0.030469 0.050000
56 0.550781 0.977778 0.039062 0.041667
56 0.714844 0.962500 0.029687 0.038889
56 0.857031 0.976389 0.025000 0.033333
8 0.771875 0.278472 0.456250 0.179167
0 0.157813 0.181944 0.026563 0.083333
58 0.457422 0.880556 0.057031 0.211111
25 0.063281 0.350000 0.126563 0.113889
25 0.087891 0.435417 0.175781 0.120833
