56 0.598900 0.798700 0.078300 0.121700
56 0.395700 0.698100 0.055600 0.175700
56 0.763800 0.670700 0.064700 0.156400
56 0.461500 0.399400 0.067000 0.153800
56 0.800400 0.432700 0.047200 0.154900
56 0.703400 0.828000 0.089100 0.222900
56 0.860300 0.674600 0.067100 0.140400
56 0.359800 0.329800 0.060100 0.133500
56 0.224100 0.733900 0.059500 0.169800
56 0.023200 0.675200 0.040200 0.178600
56 0.895500 0.484000 0.043700 0.164000
56 0.177800 0.641800 0.054000 0.127900
56 0.955000 0.388300 0.043800 0.049500
56 0.727900 0.766100 0.058000 0.141700
25 0.887100 0.842900 0.203800 0.236900
25 0.171700 0.289200 0.192800 0.153900
25 0.103400 0.460200 0.188600 0.163400
25 0.308200 0.525700 0.196000 0.183700
25 0.408300 0.215100 0.180100 0.212700
25 0.570900 0.920700 0.286800 0.163600
25 0.141900 0.139800 0.173700 0.143400
0 0.495300 0.600100 0.065300 0.294400
0 0.559600 0.086400 0.065000 0.180400
0 0.980300 0.103200 0.039800 0.190700
0 0.621400 0.087500 0.047500 0.185300
0 0.536600 0.554500 0.050100 0.276600
0 0.259100 0.942000 0.066200 0.118500
0 0.233500 0.670300 0.057800 0.147300
56 0.086719 0.783333 0.062500 0.144444
56 0.327734 0.793750 0.072656 0.126389
56 0.447656 0.324306 0.059375 0.140278
56 0.707422 0.466667 0.066406 0.127778
56 0.769922 0.495833 0.060156 0.105556
56 0.720312 0.370833 0.059375 0.111111
56 0.945312 0.526389 0.050000 0.122222
56 0.873047 0.581944 0.060156 0.105556
56 0.778125 0.589583 0.065625 0.120833
56 0.642969 0.720139 0.071875 0.156944
0 0.850000 0.706944 0.037500 0.072222
0 0.366016 0.693056 0.069531 0.194444
0 0.219141 0.454167 0.053906 0.155556
58 0.136328 0.716667 0.094531 0.344444
58 0.298438 0.211111 0.079687 0.347222
