56 0.542800 0.920600 0.045900 0.133200
26 0.945300 0.715000 0.021700 0.038000
25 0.351800 0.853500 0.117400 0.112500
25 0.334300 0.743700 0.115200 0.085500
25 0.298400 0.952800 0.123200 0.096500
25 0.506900 0.768600 0.117500 0.085600
25 0.443400 0.972700 0.156500 0.058600
0 0.650100 0.696400 0.033100 0.166600
0 0.609700 0.691900 0.037900 0.173800
0 0.901900 0.713800 0.027000 0.174200
0 0.940600 0.712100 0.034400 0.170500
0 0.959900 0.975200 0.054300 0.049400
0 0.096600 0.054600 0.023500 0.088400
56 0.022266 0.468056 0.044531 0.111111
56 0.471094 0.864583 0.039062 0.079167
56 0.533594 0.856944 0.034375 0.066667
56 0.707422 0.968056 0.033594 0.061111
56 0.711328 0.902083 0.028906 0.062500
56 0.751562 0.968056 0.037500 0.061111
56 0.767578 0.925000 0.038281 0.077778
56 0.847266 0.944444 0.042969 0.061111
56 0.873438 0.977778 0.046875 0.041667
56 0.907031 0.945139 0.032812 0.073611
56 0.872266 0.911806 0.035156 0.037500
0 0.379297 0.932639 0.035156 0.081944
8 0.732031 0.152083 0.535937 0.190278
58 0.436719 0.785417 0.062500 0.245833
25 0.067188 0.308333 0.134375 0.136111
