25 0.371100 0.915600 0.117300 0.114600
25 0.355700 0.817500 0.114900 0.098900
25 0.516400 0.834300 0.110100 0.087600
25 0.325500 0.979100 0.148200 0.044700
0 0.651400 0.762700 0.034200 0.157500
0 0.615700 0.758900 0.036200 0.164900
0 0.886400 0.785400 0.035000 0.148300
0 0.929000 0.784900 0.036000 0.168900
0 0.232000 0.033500 0.022800 0.077000
0 0.199400 0.074500 0.025300 0.055500
0 0.020200 0.226300 0.025600 0.115100
0 0.143500 0.152000 0.022900 0.086000
0 0.181400 0.089000 0.024400 0.057000
0 0.036400 0.536700 0.029300 0.063900
56 0.716016 0.943750 0.027344 0.040278
56 0.766406 0.968750 0.028125 0.040278
56 0.862500 0.965972 0.031250 0.043056
56 0.044922 0.597222 0.036719 0.055556
56 0.067969 0.531250 0.026563 0.059722
56 0.480859 0.912500 0.024219 0.050000
56 0.546094 0.906250 0.042188 0.048611
56 0.550781 0.965972 0.034375 0.045833
8 0.760156 0.252083 0.479688 0.193056
58 0.457422 0.858333 0.072656 0.247222
25 0.059766 0.311806 0.119531 0.129167
25 0.079297 0.402778 0.158594 0.138889
