26 0.941900 0.746700 0.018100 0.038500
25 0.345900 0.785800 0.120800 0.106800
25 0.361200 0.882000 0.119100 0.105300
25 0.513700 0.802100 0.112400 0.083600
25 0.307100 0.964500 0.142100 0.069100
25 0.447300 0.981500 0.107100 0.035300
0 0.650300 0.729600 0.034500 0.160000
0 0.613300 0.725700 0.039300 0.168600
0 0.893800 0.746900 0.035900 0.160600
0 0.930700 0.745500 0.036200 0.162500
0 0.118700 0.104300 0.026000 0.089100
0 0.008400 0.196800 0.015700 0.119300
0 0.018500 0.492400 0.033000 0.065800
56 0.042578 0.509028 0.032031 0.079167
56 0.545703 0.943056 0.041406 0.058333
56 0.539062 0.877778 0.031250 0.047222
56 0.478516 0.884028 0.030469 0.045833
56 0.703906 0.977083 0.039062 0.034722
56 0.717188 0.922222 0.031250 0.038889
56 0.769141 0.945833 0.025781 0.041667
56 0.750781 0.988194 0.035937 0.020833
56 0.840234 0.976389 0.021094 0.044444
56 0.869922 0.943750 0.030469 0.034722
56 0.899219 0.961111 0.021875 0.038889
56 0.034766 0.558333 0.036719 0.069444
8 0.744141 0.203472 0.511719 0.187500
58 0.442187 0.826389 0.060938 0.233333
25 0.070312 0.357639 0.140625 0.134722
