56 0.488300 0.576000 0.060500 0.140300
56 0.426300 0.835700 0.054000 0.164900
56 0.608200 0.921400 0.065700 0.114900
56 0.852000 0.806600 0.063000 0.120700
56 0.269100 0.859600 0.053900 0.145800
56 0.106900 0.823100 0.056200 0.139100
56 0.761200 0.804200 0.058900 0.127300
56 0.796400 0.601400 0.036800 0.136300
56 0.772500 0.707000 0.027500 0.056600
56 0.931600 0.554200 0.038300 0.046900
56 0.648500 0.855600 0.041000 0.149100
56 0.919500 0.676200 0.050300 0.141600
56 0.150300 0.895000 0.066200 0.150800
56 0.396000 0.516300 0.049000 0.132000
25 0.210000 0.330000 0.159600 0.111000
25 0.161000 0.634600 0.180200 0.165100
25 0.227800 0.470800 0.177100 0.150600
25 0.349700 0.673600 0.172600 0.147700
25 0.441300 0.418500 0.163900 0.228800
25 0.882200 0.928600 0.218500 0.148000
0 0.576400 0.260400 0.055900 0.214900
0 0.632200 0.266900 0.042000 0.211900
0 0.965200 0.292800 0.041100 0.200800
0 0.516600 0.856100 0.050300 0.260000
0 0.520300 0.731100 0.045700 0.133100
0 0.974700 0.823800 0.045200 0.106300
0 0.290700 0.829400 0.063400 0.168200
0 0.978000 0.885200 0.034700 0.081700
0 0.262300 0.605500 0.042100 0.101500
56 0.478125 0.483333 0.053125 0.097222
56 0.703906 0.633333 0.054688 0.113889
56 0.719141 0.547222 0.044531 0.088889
56 0.760938 0.628472 0.054688 0.098611
56 0.969922 0.621528 0.052344 0.123611
56 0.888281 0.620833 0.043750 0.111111
56 0.854297 0.726389 0.055469 0.102778
56 0.914062 0.850000 0.031250 0.041667
56 0.737500 0.886806 0.050000 0.123611
56 0.367969 0.922222 0.064062 0.138889
56 0.235156 0.783333 0.048437 0.133333
0 0.689062 0.940972 0.046875 0.115278
0 0.705859 0.905556 0.036719 0.186111
0 0.401172 0.831250 0.064844 0.179167
58 0.183203 0.843056 0.103906 0.308333
58 0.342969 0.397917 0.084375 0.301389
