56 0.452400 0.920700 0.050100 0.138700
56 0.832400 0.895900 0.071000 0.124400
56 0.505900 0.677700 0.044600 0.135700
56 0.785900 0.705500 0.037800 0.132100
56 0.302900 0.946600 0.054000 0.099200
56 0.951400 0.735400 0.048600 0.138700
56 0.647900 0.912000 0.034300 0.060600
56 0.141200 0.920700 0.046600 0.135800
56 0.758200 0.914000 0.053800 0.126300
56 0.915400 0.665900 0.037000 0.046600
56 0.201900 0.946500 0.059700 0.099100
25 0.198900 0.726200 0.155500 0.134400
25 0.244700 0.457200 0.147300 0.106500
25 0.459500 0.492700 0.151800 0.112500
25 0.264500 0.584300 0.138700 0.121500
25 0.378900 0.787600 0.160200 0.153000
25 0.882100 0.965800 0.194300 0.069300
0 0.586600 0.392000 0.053100 0.198500
0 0.945900 0.423300 0.044500 0.174600
0 0.637900 0.398200 0.046700 0.186500
0 0.515000 0.899600 0.050100 0.152300
0 0.986700 0.418400 0.025600 0.219200
0 0.319800 0.917400 0.062300 0.155600
0 0.542100 0.940900 0.059100 0.117300
0 0.956000 0.901800 0.038100 0.073700
0 0.958700 0.964900 0.037100 0.059800
0 0.618700 0.972400 0.064900 0.052900
0 0.610400 0.391100 0.032600 0.192000
0 0.290644 0.745856 0.043000 0.174300
56 0.414062 0.608333 0.051562 0.088889
56 0.492188 0.593750 0.051562 0.081944
56 0.705469 0.732639 0.045313 0.109722
56 0.714453 0.643750 0.041406 0.070833
56 0.755859 0.738194 0.049219 0.087500
56 0.912891 0.783333 0.044531 0.105556
56 0.874609 0.726389 0.042969 0.116667
56 0.848047 0.829167 0.049219 0.105556
56 0.765625 0.826389 0.053125 0.094444
56 0.721484 0.950000 0.044531 0.097222
56 0.267188 0.893056 0.043750 0.127778
0 0.420703 0.911806 0.053906 0.151389
58 0.211328 0.890278 0.089844 0.219444
58 0.371094 0.526389 0.062500 0.283333
