58 0.226200 0.915400 0.117100 0.154300
56 0.513100 0.765300 0.049500 0.128700
25 0.270300 0.550700 0.133600 0.104500
25 0.228100 0.803100 0.143600 0.123300
25 0.395500 0.849300 0.154500 0.131000
25 0.288500 0.669100 0.132500 0.114000
25 0.474100 0.579900 0.136400 0.108400
0 0.589800 0.489200 0.049900 0.189000
0 0.639800 0.491300 0.048100 0.180600
0 0.981800 0.516200 0.037700 0.182600
0 0.933900 0.510100 0.028500 0.181800
0 0.537900 0.965300 0.039200 0.071600
0 0.333800 0.954300 0.053100 0.088700
0 0.939600 0.965000 0.039100 0.062900
0 0.983200 0.894700 0.033500 0.193900
56 0.432422 0.690972 0.044531 0.087500
56 0.505078 0.679167 0.044531 0.075000
56 0.468750 0.961111 0.035937 0.075000
56 0.289062 0.940972 0.042188 0.087500
56 0.707812 0.810417 0.046875 0.098611
56 0.716797 0.731250 0.038281 0.062500
56 0.760547 0.817361 0.050781 0.081944
56 0.780078 0.765972 0.039844 0.079167
56 0.862891 0.798611 0.035156 0.097222
56 0.895312 0.860417 0.046875 0.098611
56 0.896484 0.747222 0.035156 0.052778
56 0.934766 0.795139 0.044531 0.098611
56 0.833984 0.958333 0.055469 0.077778
56 0.838672 0.896528 0.042969 0.093056
56 0.760547 0.888889 0.049219 0.075000
56 0.752344 0.953472 0.054688 0.090278
56 0.650000 0.968056 0.037500 0.061111
0 0.433594 0.948611 0.053125 0.102778
0 0.321484 0.802778 0.042969 0.127778
58 0.391406 0.606250 0.064062 0.268056
