56 0.542300 0.918200 0.045800 0.133000
26 0.946700 0.711800 0.021200 0.039700
25 0.333100 0.742500 0.116100 0.087600
25 0.350300 0.851500 0.120200 0.113700
25 0.296400 0.951100 0.124600 0.098600
25 0.506900 0.765700 0.116600 0.087800
25 0.432800 0.965100 0.151500 0.070800
0 0.650000 0.692700 0.032300 0.163800
0 0.610100 0.690500 0.043000 0.172900
0 0.940900 0.710500 0.035600 0.167800
0 0.902700 0.712300 0.027000 0.172000
0 0.959900 0.973800 0.054000 0.052200
0 0.927100 0.706700 0.029200 0.170100
0 0.019600 0.444400 0.033200 0.069100
56 0.023047 0.468750 0.027344 0.095833
56 0.470313 0.857639 0.028125 0.065278
56 0.535156 0.840278 0.031250 0.044444
56 0.705078 0.962500 0.035156 0.072222
56 0.716797 0.893056 0.028906 0.052778
56 0.770312 0.915972 0.032812 0.062500
56 0.749219 0.966667 0.039062 0.063889
56 0.840625 0.947917 0.028125 0.062500
56 0.871094 0.979861 0.034375 0.037500
56 0.874609 0.905556 0.032031 0.038889
56 0.910547 0.943750 0.033594 0.076389
0 0.380078 0.927778 0.038281 0.072222
8 0.731250 0.147222 0.537500 0.186111
0 0.092578 0.052083 0.014844 0.081944
58 0.436719 0.784722 0.064062 0.241667
25 0.063672 0.297222 0.127344 0.163889
