58 0.238400 0.945800 0.118600 0.110200
56 0.517500 0.793800 0.045700 0.131100
56 0.786700 0.817900 0.026500 0.095100
25 0.283700 0.597900 0.134200 0.118800
25 0.244800 0.835100 0.143200 0.119800
25 0.302200 0.706400 0.130200 0.114600
25 0.402400 0.880300 0.145000 0.129300
25 0.478600 0.619300 0.131500 0.091500
0 0.641400 0.537100 0.042200 0.176500
0 0.978300 0.556700 0.036600 0.179500
0 0.930300 0.556700 0.030300 0.183400
0 0.590100 0.534500 0.035300 0.187600
0 0.980700 0.914000 0.038500 0.165600
0 0.930000 0.981000 0.057600 0.040700
0 0.558100 0.987500 0.029300 0.024700
0 0.348900 0.971400 0.039500 0.058900
56 0.437891 0.723611 0.039844 0.094444
56 0.510938 0.705556 0.043750 0.066667
56 0.480469 0.966667 0.042188 0.063889
56 0.707031 0.846528 0.040625 0.081944
56 0.721875 0.767361 0.040625 0.073611
56 0.758203 0.856944 0.047656 0.066667
56 0.758594 0.907639 0.037500 0.068056
56 0.749609 0.970833 0.057031 0.058333
56 0.828125 0.979167 0.054688 0.038889
56 0.839844 0.931944 0.045313 0.077778
56 0.866406 0.829861 0.035937 0.076389
56 0.891016 0.881944 0.050781 0.083333
56 0.935547 0.826389 0.050781 0.088889
56 0.894141 0.781944 0.041406 0.047222
56 0.312109 0.970139 0.028906 0.056944
0 0.441797 0.965278 0.060156 0.066667
0 0.333984 0.847222 0.038281 0.138889
58 0.401953 0.656250 0.047656 0.248611
