56 0.464700 0.452900 0.074400 0.156100
56 0.861300 0.708700 0.068500 0.127200
56 0.600200 0.830100 0.074200 0.119600
56 0.399600 0.735700 0.054800 0.180200
56 0.239800 0.764700 0.060600 0.161000
56 0.800900 0.479800 0.040400 0.150000
56 0.897700 0.518000 0.038700 0.155000
56 0.949600 0.433000 0.040400 0.047500
56 0.761700 0.707300 0.059700 0.142600
56 0.364100 0.389500 0.046800 0.149100
56 0.198700 0.700400 0.049300 0.132400
56 0.458800 0.337500 0.039000 0.061600
56 0.727500 0.798400 0.053900 0.127600
56 0.701700 0.515200 0.051100 0.146400
56 0.336812 0.808600 0.102500 0.207500
56 0.931900 0.759000 0.026500 0.044200
26 0.551300 0.572300 0.022100 0.056400
25 0.318800 0.577700 0.176300 0.192000
25 0.191900 0.339600 0.176100 0.160600
25 0.880400 0.868000 0.206800 0.243600
25 0.117300 0.512800 0.195100 0.170300
25 0.163700 0.177800 0.181600 0.142400
25 0.576300 0.931100 0.247200 0.145000
25 0.414900 0.229300 0.195400 0.125300
0 0.566500 0.114400 0.065900 0.232700
0 0.978400 0.144900 0.044200 0.213600
0 0.627800 0.118400 0.041500 0.241100
0 0.497000 0.674100 0.062800 0.282200
0 0.536400 0.609100 0.046200 0.249600
0 0.803200 0.773900 0.045700 0.132300
0 0.257600 0.738000 0.086500 0.208500
56 0.720703 0.433333 0.058594 0.125000
56 0.769141 0.532639 0.060156 0.109722
56 0.944531 0.576389 0.048437 0.108333
56 0.979688 0.509722 0.040625 0.141667
56 0.872266 0.642361 0.067969 0.156944
56 0.785156 0.630556 0.065625 0.136111
56 0.644922 0.746528 0.063281 0.129167
56 0.710156 0.884028 0.075000 0.126389
56 0.107031 0.820833 0.070312 0.155556
56 0.057422 0.706944 0.075781 0.175000
0 0.791016 0.886111 0.047656 0.225000
0 0.236719 0.512500 0.048437 0.191667
0 0.373828 0.725000 0.075781 0.197222
0 0.255469 0.952083 0.068750 0.093056
0 0.987109 0.702083 0.025781 0.084722
0 0.987500 0.766667 0.025000 0.058333
58 0.151953 0.759028 0.091406 0.315278
58 0.312109 0.256250 0.091406 0.312500
