56 0.705300 0.834100 0.077600 0.139900
56 0.456700 0.364800 0.064800 0.160700
56 0.803000 0.397300 0.047300 0.160200
56 0.590100 0.768100 0.066700 0.129900
56 0.391900 0.668800 0.046700 0.174700
56 0.764800 0.641200 0.067500 0.147600
56 0.205600 0.701300 0.060800 0.158300
56 0.860700 0.639700 0.068100 0.128000
56 0.729300 0.738700 0.063500 0.143000
56 0.351200 0.292700 0.060400 0.133000
56 0.444600 0.294200 0.052000 0.137600
56 0.168000 0.610500 0.048300 0.114200
56 0.963000 0.347900 0.041700 0.050900
56 0.702100 0.423000 0.049700 0.157900
56 0.631700 0.702000 0.044700 0.177700
26 0.553100 0.447600 0.023100 0.056700
25 0.885100 0.831100 0.224900 0.257000
25 0.157200 0.241300 0.197400 0.158900
25 0.129800 0.086800 0.176600 0.132300
25 0.397600 0.178900 0.176000 0.240200
25 0.090800 0.421900 0.175800 0.171300
25 0.296500 0.476600 0.196700 0.174000
25 0.567800 0.901300 0.279100 0.200900
0 0.493700 0.546900 0.069500 0.302700
0 0.264300 0.924200 0.070500 0.151200
0 0.557800 0.065400 0.073600 0.134500
0 0.536300 0.486100 0.048100 0.248700
0 0.620400 0.065100 0.052800 0.142300
0 0.977800 0.082800 0.043000 0.167000
0 0.229200 0.639900 0.062700 0.152000
0 0.897400 0.676800 0.036000 0.064100
56 0.721484 0.355556 0.057031 0.138889
56 0.770312 0.456250 0.071875 0.129167
56 0.785156 0.558333 0.073437 0.161111
56 0.877344 0.559722 0.070312 0.141667
56 0.912500 0.438194 0.053125 0.184722
56 0.955078 0.500000 0.057031 0.152778
56 0.317578 0.770139 0.077344 0.162500
56 0.066797 0.759028 0.078906 0.187500
0 0.849609 0.968750 0.035156 0.059722
0 0.201562 0.438889 0.051562 0.211111
0 0.354688 0.660417 0.073437 0.204167
58 0.116406 0.681944 0.100000 0.350000
58 0.284766 0.178472 0.097656 0.337500
