56 0.494200 0.636500 0.059100 0.135400
56 0.294700 0.920800 0.060200 0.124400
56 0.443400 0.887100 0.043300 0.160300
56 0.836400 0.861100 0.069100 0.113600
56 0.758800 0.864100 0.058400 0.121000
56 0.792100 0.663700 0.037400 0.132600
56 0.954987 0.679689 0.049000 0.136100
56 0.920300 0.618300 0.035300 0.044100
56 0.605300 0.955100 0.059900 0.087000
56 0.916000 0.736300 0.046800 0.130800
56 0.644800 0.890300 0.038200 0.111800
56 0.383700 0.947300 0.060600 0.100000
56 0.116700 0.883100 0.044300 0.126300
25 0.227600 0.399400 0.145700 0.110600
25 0.364500 0.735300 0.167300 0.153300
25 0.182200 0.677600 0.153600 0.128800
25 0.447700 0.442300 0.161100 0.126300
25 0.244900 0.547800 0.142300 0.165600
25 0.867300 0.952500 0.236500 0.105500
0 0.583500 0.331700 0.051600 0.200000
0 0.635600 0.335800 0.043900 0.198200
0 0.951800 0.364600 0.045000 0.178900
0 0.521400 0.911300 0.060700 0.177700
0 0.507600 0.830200 0.049700 0.148600
0 0.988200 0.354500 0.025100 0.238600
0 0.302100 0.859500 0.059800 0.123500
0 0.964700 0.862500 0.035400 0.074400
0 0.663300 0.943800 0.056700 0.108000
0 0.974800 0.927300 0.045700 0.116500
56 0.170703 0.942361 0.055469 0.112500
56 0.404297 0.551389 0.041406 0.088889
56 0.485156 0.549306 0.050000 0.093056
56 0.707031 0.690972 0.048437 0.106944
56 0.720703 0.606250 0.044531 0.087500
56 0.762891 0.693750 0.041406 0.090278
56 0.766016 0.766667 0.036719 0.077778
56 0.855859 0.781250 0.046094 0.093056
56 0.881250 0.675694 0.045313 0.123611
56 0.730078 0.921528 0.053906 0.095833
56 0.702734 0.984722 0.047656 0.027778
56 0.253125 0.844444 0.046875 0.111111
0 0.410156 0.875694 0.064062 0.181944
0 0.282813 0.657639 0.040625 0.101389
58 0.205469 0.865278 0.109375 0.269444
58 0.357031 0.474306 0.075000 0.276389
