56 0.518600 0.771900 0.048900 0.135100
56 0.861900 0.830500 0.046600 0.132200
56 0.787500 0.801400 0.027300 0.092600
25 0.278100 0.577600 0.135800 0.106300
25 0.298500 0.695500 0.131900 0.116200
25 0.238200 0.822300 0.145200 0.123400
25 0.400700 0.866000 0.150700 0.130400
25 0.477400 0.606700 0.143000 0.106500
0 0.638700 0.517500 0.050200 0.177300
0 0.591500 0.514500 0.047200 0.189700
0 0.977900 0.542600 0.038800 0.186600
0 0.931700 0.538600 0.030700 0.187500
0 0.981600 0.899900 0.037600 0.184300
0 0.934900 0.974700 0.036200 0.048700
0 0.555900 0.980300 0.058400 0.042300
0 0.338400 0.965200 0.041500 0.072800
56 0.302734 0.952778 0.042969 0.083333
56 0.468359 0.968056 0.038281 0.061111
56 0.650391 0.979167 0.041406 0.038889
56 0.436719 0.711111 0.053125 0.102778
56 0.509375 0.709722 0.053125 0.102778
56 0.699219 0.834028 0.050000 0.115278
56 0.720703 0.756250 0.042969 0.090278
56 0.757422 0.834722 0.047656 0.069444
56 0.760938 0.899306 0.032812 0.056944
56 0.753516 0.962500 0.044531 0.072222
56 0.828906 0.972917 0.054688 0.051389
56 0.842969 0.920833 0.043750 0.080556
56 0.895312 0.761806 0.037500 0.051389
56 0.931250 0.815278 0.045313 0.108333
56 0.896094 0.868056 0.045313 0.091667
0 0.440234 0.959028 0.053906 0.079167
0 0.331250 0.842361 0.040625 0.154167
58 0.239844 0.929167 0.090625 0.141667
58 0.398047 0.630556 0.067969 0.269444
