56 0.703100 0.732200 0.090200 0.190800
56 0.364900 0.573000 0.052900 0.187600
56 0.581300 0.679900 0.080900 0.141800
56 0.771300 0.540400 0.082900 0.194900
56 0.731800 0.645000 0.064800 0.140900
56 0.880800 0.539200 0.093500 0.179400
56 0.807600 0.272700 0.053800 0.169100
56 0.926100 0.324600 0.051400 0.172100
56 0.177300 0.578500 0.087100 0.238100
56 0.423900 0.236400 0.059300 0.147300
56 0.975600 0.329100 0.050700 0.193500
56 0.115800 0.515500 0.061000 0.132200
56 0.621600 0.583300 0.049900 0.149800
56 0.702000 0.299400 0.054200 0.150600
26 0.567400 0.243000 0.023800 0.054000
25 0.886800 0.740900 0.218900 0.288600
25 0.256800 0.365600 0.198300 0.178700
25 0.109900 0.104900 0.197800 0.170800
25 0.065700 0.293500 0.125200 0.170600
25 0.546600 0.833100 0.296800 0.297200
0 0.475600 0.330600 0.069500 0.321700
0 0.542300 0.304300 0.063100 0.285400
0 0.276300 0.879500 0.069100 0.241200
0 0.139500 0.361800 0.049600 0.195200
56 0.283984 0.668056 0.094531 0.202778
56 0.309766 0.156944 0.074219 0.202778
56 0.417969 0.162500 0.078125 0.194444
56 0.716797 0.218750 0.063281 0.151389
56 0.776563 0.332639 0.078125 0.148611
56 0.892187 0.445833 0.090625 0.186111
56 0.789062 0.450694 0.090625 0.156944
0 0.320703 0.559028 0.082031 0.209722
0 0.858203 0.934028 0.044531 0.131944
0 0.903516 0.959028 0.052344 0.081944
0 0.979688 0.944444 0.040625 0.108333
0 0.192188 0.575694 0.089062 0.229167
58 0.061328 0.594444 0.103906 0.363889
58 0.256641 0.152778 0.086719 0.158333
56 0.028125 0.676389 0.056250 0.205556
25 0.369531 0.052778 0.192188 0.105556
