58 0.224600 0.896000 0.121800 0.190000
56 0.514100 0.739400 0.045300 0.134400
56 0.942600 0.788900 0.039000 0.122700
56 0.784800 0.762900 0.030800 0.126400
56 0.454900 0.947700 0.052700 0.095100
56 0.830900 0.946400 0.057900 0.102800
56 0.426200 0.699500 0.042900 0.131800
25 0.264300 0.525200 0.131300 0.097200
25 0.221200 0.787000 0.146900 0.136600
25 0.389400 0.828000 0.152200 0.130700
25 0.284000 0.645400 0.135200 0.114500
25 0.465500 0.567100 0.144900 0.120300
0 0.590000 0.465000 0.050800 0.204100
0 0.640000 0.465800 0.048100 0.182200
0 0.527000 0.952600 0.052200 0.090200
0 0.984800 0.491300 0.031600 0.197800
0 0.934500 0.492300 0.028500 0.190400
0 0.327400 0.947100 0.054700 0.102500
0 0.946500 0.956100 0.038700 0.073800
0 0.983700 0.894000 0.033400 0.188600
0 0.555300 0.973400 0.033900 0.048900
56 0.503125 0.656250 0.043750 0.087500
56 0.162891 0.946528 0.042969 0.095833
56 0.284375 0.933333 0.039062 0.111111
56 0.649609 0.953472 0.039844 0.065278
56 0.755469 0.943056 0.051562 0.094444
56 0.760938 0.870139 0.037500 0.081944
56 0.841406 0.877083 0.048437 0.084722
56 0.702344 0.795833 0.045313 0.116667
56 0.716406 0.722222 0.039062 0.094444
56 0.751562 0.794444 0.048437 0.097222
56 0.867969 0.794444 0.046875 0.111111
56 0.903516 0.842361 0.041406 0.098611
56 0.901172 0.722222 0.042969 0.061111
0 0.435156 0.943056 0.059375 0.111111
0 0.317578 0.783333 0.038281 0.130556
58 0.385156 0.590972 0.053125 0.287500
