56 0.464400 0.461100 0.070500 0.146700
56 0.600200 0.834300 0.075200 0.125800
56 0.238600 0.767000 0.056300 0.170200
56 0.799100 0.489600 0.042200 0.145600
56 0.414300 0.742000 0.040500 0.175100
56 0.859600 0.709800 0.069500 0.140900
56 0.369900 0.386300 0.045500 0.119000
56 0.760200 0.730400 0.062200 0.148900
56 0.982000 0.521900 0.037200 0.153300
56 0.704000 0.896800 0.073500 0.139800
56 0.897900 0.521500 0.039000 0.131600
56 0.460800 0.353500 0.037700 0.064700
56 0.947200 0.446100 0.039700 0.050400
25 0.322900 0.583300 0.177100 0.185500
25 0.128100 0.522400 0.171000 0.169500
25 0.195000 0.353200 0.187100 0.165300
25 0.880600 0.867800 0.218200 0.241500
25 0.170400 0.196900 0.178000 0.114300
25 0.413800 0.279200 0.184500 0.205600
25 0.575000 0.943600 0.273100 0.123500
0 0.627900 0.132700 0.045400 0.242500
0 0.977600 0.159700 0.042800 0.224600
0 0.567600 0.127700 0.059400 0.243000
0 0.496800 0.695700 0.064400 0.288100
0 0.534900 0.616300 0.046100 0.226100
0 0.790400 0.789700 0.055600 0.128500
0 0.261900 0.740600 0.083800 0.206700
56 0.346484 0.847917 0.064844 0.148611
56 0.114063 0.839583 0.076563 0.156944
56 0.055469 0.716667 0.054688 0.155556
56 0.643359 0.762500 0.063281 0.166667
56 0.728516 0.798611 0.061719 0.144444
56 0.778516 0.647222 0.060156 0.147222
56 0.868359 0.650000 0.083594 0.152778
56 0.942969 0.589583 0.062500 0.134722
56 0.707812 0.518750 0.059375 0.131944
56 0.767578 0.540972 0.066406 0.109722
56 0.726953 0.438889 0.058594 0.111111
56 0.201953 0.704167 0.063281 0.169444
0 0.775781 0.889583 0.060938 0.218056
0 0.253906 0.958333 0.073437 0.083333
0 0.236328 0.522917 0.049219 0.170833
0 0.376953 0.742361 0.064844 0.193056
0 0.984766 0.713194 0.030469 0.084722
0 0.987500 0.778472 0.025000 0.054167
58 0.149609 0.765972 0.102344 0.320833
58 0.314844 0.280556 0.095312 0.325000
