56 0.524300 0.833400 0.044100 0.137000
25 0.416100 0.918500 0.137200 0.121700
25 0.300300 0.644200 0.123600 0.095100
25 0.258500 0.880500 0.135000 0.120000
25 0.318500 0.758400 0.124200 0.112200
25 0.489200 0.674200 0.130000 0.101000
0 0.600100 0.586700 0.045700 0.180000
0 0.966400 0.611400 0.046200 0.176700
0 0.642500 0.596100 0.038700 0.176700
0 0.918900 0.610100 0.037400 0.166700
0 0.977500 0.931400 0.041600 0.121200
56 0.522656 0.771528 0.051562 0.084722
56 0.449219 0.757639 0.046875 0.054167
56 0.702344 0.885417 0.040625 0.104167
56 0.720312 0.810417 0.037500 0.073611
56 0.753516 0.894444 0.052344 0.072222
56 0.780469 0.847222 0.048437 0.088889
56 0.757812 0.952083 0.040625 0.065278
56 0.828516 0.961111 0.039844 0.075000
56 0.853516 0.876389 0.033594 0.080556
56 0.881641 0.923611 0.046094 0.077778
56 0.887891 0.827083 0.036719 0.048611
56 0.918359 0.870139 0.035156 0.090278
0 0.346484 0.888889 0.039844 0.147222
8 0.676562 0.036111 0.600000 0.069444
58 0.263281 0.964583 0.092188 0.068056
58 0.412891 0.700000 0.060156 0.238889
