58 0.179294 0.837489 0.125400 0.285700
56 0.489700 0.583700 0.061300 0.150100
56 0.607600 0.930800 0.063100 0.113800
56 0.423500 0.851400 0.052100 0.164200
56 0.849000 0.820700 0.060600 0.115400
56 0.793300 0.607500 0.038100 0.142800
56 0.958200 0.641500 0.054500 0.140600
56 0.105600 0.831000 0.055600 0.137400
56 0.269800 0.865400 0.053000 0.136700
56 0.760800 0.825700 0.060900 0.127800
56 0.648600 0.855200 0.040700 0.134500
56 0.923450 0.702989 0.066000 0.141900
25 0.165400 0.638800 0.174000 0.161600
25 0.212900 0.337100 0.155600 0.107400
25 0.353600 0.712100 0.180600 0.211800
25 0.231100 0.482200 0.177600 0.146900
25 0.883100 0.929000 0.215500 0.146200
25 0.440500 0.380100 0.161100 0.127800
0 0.578200 0.273900 0.054300 0.220100
0 0.632500 0.277300 0.043500 0.220700
0 0.963200 0.306000 0.044000 0.199000
0 0.515800 0.867800 0.049900 0.223100
0 0.518200 0.760400 0.052500 0.149900
0 0.293100 0.831200 0.064600 0.157400
0 0.705200 0.914900 0.057400 0.168200
0 0.974600 0.820500 0.035200 0.075300
0 0.975000 0.894500 0.046500 0.102300
0 0.680900 0.948800 0.052600 0.103900
56 0.394531 0.506944 0.050000 0.102778
56 0.477734 0.486806 0.053906 0.084722
56 0.705078 0.641667 0.049219 0.119444
56 0.763672 0.650694 0.049219 0.095833
56 0.722266 0.551389 0.050781 0.075000
56 0.923437 0.569444 0.040625 0.055556
56 0.889844 0.636806 0.053125 0.118056
56 0.858203 0.740972 0.060156 0.115278
56 0.772656 0.738889 0.059375 0.102778
56 0.739844 0.897917 0.054688 0.131944
56 0.912109 0.860417 0.024219 0.037500
56 0.153516 0.923611 0.063281 0.122222
56 0.237500 0.809028 0.043750 0.109722
56 0.370313 0.938889 0.060938 0.119444
0 0.273438 0.609028 0.042188 0.106944
0 0.405469 0.837500 0.057813 0.177778
58 0.345313 0.413889 0.085938 0.300000
