58 0.207600 0.891000 0.110100 0.211200
56 0.452800 0.929700 0.049000 0.125500
56 0.508700 0.699000 0.046500 0.133300
56 0.304500 0.949400 0.052800 0.101100
56 0.834500 0.916500 0.063800 0.111800
56 0.757100 0.920900 0.061000 0.125500
56 0.786300 0.727500 0.036000 0.130800
56 0.420900 0.647200 0.050700 0.125200
56 0.142100 0.926800 0.046100 0.129900
25 0.246600 0.479600 0.143900 0.111300
25 0.461600 0.510000 0.147300 0.116200
25 0.268500 0.604200 0.138200 0.124000
25 0.207800 0.741300 0.150700 0.125400
25 0.379600 0.800300 0.165000 0.150500
25 0.861600 0.978100 0.239400 0.043800
0 0.588300 0.414500 0.051800 0.200500
0 0.639800 0.416500 0.043000 0.184200
0 0.519100 0.922800 0.046700 0.145600
0 0.943300 0.443100 0.040900 0.168500
0 0.548000 0.947300 0.057600 0.105000
0 0.987900 0.444300 0.024000 0.229600
0 0.320100 0.925500 0.057600 0.134600
0 0.618200 0.976500 0.062100 0.048700
0 0.955400 0.916800 0.035700 0.071900
0 0.295169 0.760578 0.048700 0.164500
56 0.493750 0.614583 0.053125 0.087500
56 0.270703 0.899306 0.046094 0.090278
56 0.646875 0.925000 0.042188 0.077778
56 0.725000 0.963889 0.042188 0.069444
56 0.765234 0.828472 0.044531 0.081944
56 0.758594 0.756250 0.056250 0.079167
56 0.872656 0.748611 0.042188 0.102778
56 0.906641 0.797917 0.047656 0.095833
56 0.845312 0.838889 0.053125 0.091667
56 0.946875 0.736806 0.050000 0.106944
56 0.906250 0.686111 0.040625 0.066667
56 0.700000 0.747917 0.042188 0.101389
56 0.716406 0.663194 0.034375 0.062500
0 0.426562 0.922917 0.046875 0.148611
0 0.955859 0.977083 0.041406 0.045833
58 0.373047 0.544444 0.071094 0.277778
