56 0.804200 0.334800 0.053400 0.166600
56 0.587800 0.727900 0.076700 0.120000
56 0.704500 0.770100 0.087900 0.192200
56 0.881100 0.585200 0.071100 0.154700
56 0.383300 0.613200 0.039100 0.193700
56 0.769400 0.577500 0.077400 0.212400
56 0.431100 0.201300 0.053800 0.116700
56 0.963400 0.424400 0.056300 0.181200
56 0.922000 0.385500 0.050800 0.161400
56 0.628400 0.640000 0.047500 0.176900
56 0.177900 0.641600 0.056100 0.168100
56 0.302900 0.730400 0.049100 0.190200
56 0.429200 0.297200 0.061200 0.149400
56 0.733600 0.675700 0.059200 0.161400
56 0.329400 0.231800 0.056000 0.153700
56 0.145300 0.576800 0.052400 0.138800
56 0.972600 0.278900 0.042500 0.053800
26 0.461600 0.402200 0.022600 0.096900
25 0.889400 0.775500 0.213000 0.260800
25 0.072700 0.357200 0.148200 0.181200
25 0.279000 0.422300 0.202900 0.172800
25 0.136700 0.170300 0.207800 0.174900
25 0.553200 0.851800 0.301800 0.284100
25 0.383100 0.097000 0.192100 0.183700
25 0.108000 0.040500 0.194100 0.095800
0 0.480600 0.431600 0.061300 0.296000
0 0.539600 0.394800 0.058900 0.280200
0 0.266800 0.900600 0.059700 0.202400
0 0.179000 0.332800 0.048300 0.106200
0 0.966200 0.633100 0.053100 0.053400
56 0.722656 0.293056 0.065625 0.133333
56 0.702734 0.371528 0.063281 0.165278
56 0.773828 0.389583 0.064844 0.131944
56 0.882422 0.502778 0.089844 0.166667
56 0.791016 0.502778 0.071094 0.163889
0 0.333594 0.610417 0.081250 0.212500
0 0.217187 0.618750 0.096875 0.218056
0 0.852734 0.949306 0.038281 0.095833
0 0.975391 0.963889 0.049219 0.069444
0 0.896094 0.973611 0.048437 0.050000
58 0.093750 0.629167 0.107813 0.380556
58 0.269531 0.144444 0.078125 0.286111
56 0.044141 0.711806 0.082031 0.198611
