58 0.232100 0.922200 0.118100 0.147900
56 0.516700 0.768900 0.050600 0.137600
56 0.650700 0.977100 0.035400 0.040600
56 0.861100 0.831300 0.043000 0.130500
25 0.275600 0.571600 0.132200 0.115200
25 0.399600 0.859100 0.147500 0.126800
25 0.232200 0.818300 0.142900 0.128300
25 0.295300 0.681500 0.129200 0.109100
25 0.475800 0.601400 0.137000 0.111700
0 0.641600 0.507200 0.048000 0.177800
0 0.590600 0.504300 0.049400 0.185400
0 0.980400 0.536100 0.036600 0.187500
0 0.932600 0.527400 0.030200 0.174300
0 0.982600 0.898300 0.036600 0.183000
0 0.934700 0.972600 0.038200 0.051900
0 0.338500 0.961400 0.043400 0.077800
0 0.538700 0.974800 0.060200 0.050000
56 0.755859 0.959028 0.052344 0.079167
56 0.823828 0.965972 0.042969 0.065278
56 0.840234 0.916667 0.047656 0.102778
56 0.758594 0.891667 0.042188 0.075000
56 0.705469 0.826389 0.046875 0.108333
56 0.717969 0.752778 0.042188 0.086111
56 0.433594 0.706944 0.039062 0.094444
56 0.507031 0.686806 0.051562 0.087500
56 0.777734 0.772917 0.042969 0.098611
56 0.755859 0.819444 0.052344 0.086111
56 0.894531 0.752778 0.039062 0.058333
56 0.931250 0.807639 0.050000 0.109722
56 0.893750 0.868750 0.048437 0.093056
56 0.472656 0.954861 0.042188 0.090278
56 0.300391 0.948611 0.039844 0.097222
0 0.431250 0.955556 0.059375 0.088889
0 0.324219 0.834028 0.040625 0.162500
58 0.392578 0.627778 0.064844 0.283333
