56 0.805300 0.328600 0.052400 0.167400
56 0.701900 0.768300 0.086100 0.187500
56 0.583700 0.712500 0.073000 0.128400
56 0.768700 0.576700 0.080100 0.209900
56 0.880600 0.550100 0.076000 0.224000
56 0.735400 0.674000 0.058900 0.164400
56 0.922600 0.365500 0.045200 0.154500
56 0.428800 0.197600 0.057700 0.131700
56 0.431100 0.295100 0.067200 0.155600
56 0.974300 0.275700 0.042700 0.054600
56 0.359400 0.613500 0.074800 0.228900
56 0.140400 0.550500 0.059300 0.133200
56 0.963800 0.421200 0.053800 0.183600
56 0.304500 0.730700 0.049900 0.180300
56 0.331800 0.204600 0.057700 0.127000
56 0.178000 0.640200 0.057500 0.158600
26 0.564300 0.338500 0.017600 0.042400
25 0.887900 0.768100 0.219700 0.257700
25 0.071000 0.350700 0.145400 0.183500
25 0.275900 0.417000 0.198400 0.176400
25 0.134100 0.162400 0.210800 0.170300
25 0.553200 0.869600 0.276100 0.242800
25 0.381400 0.097100 0.191600 0.187100
0 0.476900 0.426800 0.060400 0.306700
0 0.539600 0.385500 0.059800 0.277400
0 0.268800 0.899900 0.058100 0.212600
0 0.174700 0.326100 0.051000 0.113000
0 0.976500 0.963000 0.045200 0.071000
0 0.896000 0.974700 0.057200 0.050800
56 0.724609 0.290278 0.071094 0.152778
56 0.706250 0.368056 0.067188 0.155556
56 0.773438 0.391667 0.075000 0.130556
56 0.789062 0.490278 0.070312 0.144444
56 0.878906 0.579167 0.096875 0.147222
56 0.636328 0.626389 0.072656 0.172222
0 0.335156 0.612500 0.079687 0.222222
0 0.852734 0.948611 0.046094 0.102778
0 0.215625 0.613889 0.090625 0.216667
0 0.982422 0.626389 0.035156 0.058333
58 0.084375 0.629861 0.115625 0.370833
58 0.269531 0.138194 0.081250 0.273611
56 0.040234 0.716667 0.080469 0.225000
