58 0.062181 0.541556 0.094600 0.467000
56 0.579500 0.665900 0.084200 0.138500
56 0.703900 0.730000 0.096200 0.183000
56 0.771300 0.517800 0.083900 0.198800
56 0.360700 0.549700 0.051000 0.185200
56 0.926100 0.299300 0.045100 0.171100
56 0.818500 0.255500 0.045300 0.172700
56 0.413600 0.113500 0.056300 0.125900
56 0.307000 0.113000 0.063600 0.117800
56 0.732700 0.638400 0.068000 0.134200
56 0.976800 0.326600 0.049700 0.195700
56 0.145700 0.576700 0.083400 0.243600
56 0.787600 0.334500 0.060900 0.174200
56 0.105000 0.487800 0.056900 0.139600
26 0.569700 0.210700 0.022500 0.057100
25 0.888300 0.723800 0.223400 0.322300
25 0.102100 0.090500 0.198500 0.180100
25 0.547500 0.833800 0.296400 0.295000
25 0.057700 0.268900 0.117800 0.182400
25 0.253700 0.341700 0.207600 0.184000
25 0.362600 0.019800 0.231300 0.034500
0 0.472500 0.296500 0.071300 0.325800
0 0.544800 0.260400 0.067000 0.296900
0 0.286100 0.865500 0.063300 0.282100
0 0.899500 0.953300 0.061600 0.091300
0 0.979000 0.946100 0.045600 0.103300
56 0.416016 0.215278 0.082031 0.188889
56 0.272656 0.656944 0.092188 0.197222
56 0.625781 0.584028 0.076563 0.181944
56 0.892578 0.531944 0.092969 0.175000
56 0.898047 0.434028 0.085156 0.168056
56 0.792188 0.438194 0.106250 0.173611
56 0.705859 0.313194 0.080469 0.168056
56 0.719141 0.203472 0.082031 0.173611
0 0.141406 0.288889 0.065625 0.219444
0 0.316016 0.542361 0.083594 0.218056
0 0.860156 0.929861 0.048437 0.137500
0 0.184375 0.552083 0.089062 0.234722
58 0.250000 0.134028 0.076563 0.131944
