56 0.800400 0.411300 0.050300 0.173800
56 0.704100 0.835900 0.076300 0.148900
56 0.457000 0.366600 0.065600 0.165400
56 0.391300 0.672100 0.052100 0.170500
56 0.765700 0.641300 0.062800 0.159000
56 0.597900 0.770200 0.075800 0.132000
56 0.857500 0.645800 0.063000 0.131200
56 0.208600 0.704100 0.061200 0.154900
56 0.350100 0.290600 0.057300 0.121200
56 0.731500 0.737800 0.061300 0.154800
56 0.445500 0.295300 0.051900 0.137100
56 0.962400 0.355700 0.042400 0.053100
56 0.631400 0.702000 0.044400 0.171900
56 0.953300 0.479900 0.082300 0.235700
56 0.172400 0.639800 0.046300 0.121900
26 0.552600 0.461100 0.023700 0.055000
25 0.885000 0.836300 0.220300 0.251800
25 0.157900 0.258500 0.194200 0.177800
25 0.093700 0.425200 0.184000 0.174000
25 0.133700 0.093200 0.179600 0.137600
25 0.299000 0.483000 0.200800 0.171500
25 0.397300 0.201100 0.172400 0.273300
25 0.568300 0.901700 0.287900 0.196300
0 0.495100 0.552600 0.067100 0.286300
0 0.556900 0.068300 0.078000 0.139100
0 0.264000 0.925800 0.070100 0.143700
0 0.619900 0.068200 0.053000 0.145100
0 0.977600 0.084800 0.043600 0.171300
0 0.535300 0.488900 0.046200 0.235700
0 0.230200 0.640300 0.062200 0.140000
56 0.708203 0.451389 0.060156 0.133333
56 0.721094 0.350694 0.054688 0.115278
56 0.769531 0.456250 0.068750 0.120833
56 0.916016 0.440972 0.050781 0.145833
56 0.880469 0.553472 0.071875 0.145833
56 0.780469 0.555556 0.084375 0.144444
56 0.323438 0.772917 0.079687 0.165278
56 0.075781 0.768056 0.085938 0.161111
0 0.848437 0.971528 0.034375 0.054167
0 0.889844 0.678472 0.037500 0.059722
0 0.206250 0.447222 0.051562 0.208333
0 0.357812 0.667361 0.068750 0.212500
58 0.118750 0.681944 0.090625 0.338889
58 0.285547 0.188889 0.082031 0.325000
