58 0.264900 0.162400 0.190100 0.341000
58 0.279300 0.275100 0.057600 0.101600
56 0.705200 0.820100 0.076000 0.135200
56 0.800700 0.381000 0.051000 0.173800
56 0.767200 0.611400 0.065500 0.160600
56 0.590200 0.759600 0.069500 0.113200
56 0.391000 0.642600 0.043300 0.177400
56 0.447800 0.350400 0.061900 0.156500
56 0.439600 0.242600 0.043200 0.107900
56 0.202900 0.675100 0.057400 0.158700
56 0.322300 0.738300 0.076400 0.217100
56 0.734200 0.709000 0.054600 0.158200
56 0.347400 0.245500 0.055700 0.102500
56 0.964700 0.356900 0.062700 0.119100
56 0.966400 0.323800 0.040600 0.050100
56 0.630000 0.672600 0.044000 0.170200
56 0.701100 0.419200 0.057900 0.152900
56 0.916600 0.420300 0.054800 0.165000
56 0.774300 0.455300 0.057200 0.146200
25 0.886300 0.803200 0.224600 0.267200
25 0.290900 0.463500 0.193400 0.190500
25 0.087500 0.394200 0.164400 0.170400
25 0.557600 0.887300 0.285500 0.219200
25 0.149600 0.216700 0.194300 0.163800
25 0.394000 0.171100 0.178100 0.284300
25 0.119800 0.059000 0.199700 0.105500
0 0.486000 0.494800 0.070000 0.294200
0 0.266300 0.913400 0.066900 0.166400
0 0.556000 0.050000 0.072700 0.097400
0 0.535200 0.456300 0.052600 0.274400
0 0.618400 0.050700 0.055000 0.099500
0 0.928700 0.664300 0.028800 0.062800
0 0.984500 0.074300 0.031000 0.160100
0 0.209100 0.608400 0.054200 0.131000
56 0.722656 0.329167 0.064062 0.144444
56 0.960938 0.478472 0.062500 0.154167
56 0.869141 0.625000 0.077344 0.138889
56 0.877734 0.540278 0.088281 0.152778
56 0.788672 0.540278 0.075781 0.158333
56 0.152344 0.608333 0.068750 0.194444
56 0.057813 0.731250 0.084375 0.193056
0 0.850781 0.962500 0.037500 0.072222
0 0.964844 0.971528 0.037500 0.056944
0 0.346094 0.639583 0.073437 0.206944
0 0.201172 0.371528 0.052344 0.131944
58 0.112109 0.652083 0.097656 0.373611
