56 0.509100 0.730600 0.045500 0.131700
56 0.454900 0.941500 0.051800 0.107900
56 0.865800 0.799800 0.047600 0.141700
56 0.828300 0.924300 0.065000 0.129900
56 0.143900 0.947000 0.056700 0.101300
25 0.258000 0.512400 0.136800 0.106500
25 0.215300 0.770700 0.146300 0.128200
25 0.277100 0.634800 0.131800 0.120600
25 0.384700 0.817400 0.159500 0.131100
25 0.465300 0.541800 0.149200 0.109700
0 0.589300 0.449600 0.056100 0.198500
0 0.640100 0.451700 0.048800 0.180100
0 0.523100 0.943700 0.049400 0.105400
0 0.987000 0.477800 0.026900 0.202800
0 0.935800 0.476500 0.031200 0.191700
0 0.555400 0.966600 0.054900 0.072800
0 0.325100 0.932100 0.054100 0.119700
0 0.948000 0.942900 0.033900 0.076500
0 0.600200 0.986900 0.031000 0.025800
0 0.305531 0.790667 0.043200 0.163500
0 0.944100 0.987100 0.027800 0.026100
56 0.278906 0.916667 0.042188 0.097222
56 0.423438 0.646528 0.032812 0.081944
56 0.501172 0.646528 0.046094 0.079167
56 0.708984 0.778472 0.052344 0.106944
56 0.719531 0.697917 0.043750 0.070833
56 0.755859 0.788889 0.049219 0.086111
56 0.780078 0.729861 0.042969 0.087500
56 0.901563 0.820139 0.046875 0.090278
56 0.900000 0.709028 0.042188 0.051389
56 0.937500 0.759028 0.045313 0.101389
56 0.846484 0.878472 0.050781 0.106944
56 0.761328 0.861806 0.052344 0.090278
56 0.758594 0.931250 0.064062 0.106944
56 0.649219 0.950000 0.045313 0.075000
0 0.428906 0.934722 0.054688 0.130556
0 0.989453 0.884028 0.021094 0.198611
58 0.224219 0.911806 0.101562 0.173611
58 0.378516 0.571528 0.064844 0.284722
