25 0.351400 0.802900 0.108200 0.088000
25 0.365400 0.894900 0.115000 0.094500
25 0.516000 0.829100 0.111300 0.092700
25 0.322200 0.976600 0.146100 0.049000
0 0.651000 0.752800 0.032500 0.163400
0 0.929900 0.769000 0.036400 0.169200
0 0.616200 0.747100 0.037200 0.168400
0 0.889300 0.775100 0.034300 0.150400
0 0.227000 0.025200 0.022700 0.053100
0 0.135700 0.137900 0.025200 0.099300
0 0.200200 0.053100 0.022700 0.057100
0 0.180000 0.068700 0.024200 0.053300
0 0.012000 0.210200 0.019600 0.123300
0 0.026400 0.524600 0.027200 0.068400
56 0.038281 0.577083 0.034375 0.048611
56 0.055469 0.522222 0.020312 0.058333
56 0.481641 0.907639 0.030469 0.054167
56 0.546875 0.899306 0.043750 0.051389
56 0.707422 0.984722 0.025781 0.027778
56 0.714844 0.936111 0.029687 0.038889
56 0.768359 0.967361 0.032031 0.051389
56 0.835156 0.980556 0.023438 0.036111
56 0.863672 0.951389 0.033594 0.033333
56 0.894141 0.977778 0.022656 0.041667
56 0.549609 0.960417 0.044531 0.073611
8 0.753906 0.229861 0.492188 0.184722
58 0.455078 0.849306 0.069531 0.204167
25 0.076172 0.387500 0.152344 0.136111
