56 0.786300 0.423600 0.092500 0.211500
56 0.895000 0.423800 0.115500 0.212800
56 0.955100 0.204800 0.076600 0.262300
56 0.560200 0.587300 0.095100 0.167500
56 0.816900 0.138600 0.080200 0.222000
56 0.390600 0.102200 0.099100 0.195300
56 0.708600 0.671100 0.104100 0.191400
56 0.700700 0.174400 0.094800 0.233800
56 0.730000 0.548300 0.081900 0.240700
56 0.612900 0.510800 0.050900 0.210700
56 0.082500 0.485500 0.088200 0.255900
25 0.894800 0.660300 0.210600 0.345300
25 0.529300 0.789000 0.326000 0.348700
25 0.194700 0.232200 0.249100 0.224700
25 0.020200 0.139900 0.041800 0.185800
0 0.358200 0.802800 0.070900 0.350800
0 0.605500 0.076500 0.071100 0.144600
0 0.506500 0.085500 0.074800 0.168800
0 0.112500 0.457000 0.100600 0.256000
0 0.928469 0.932600 0.067300 0.126700
56 0.217969 0.586806 0.114063 0.234722
56 0.725000 0.077778 0.082813 0.155556
56 0.786328 0.207639 0.097656 0.165278
56 0.791016 0.323611 0.085156 0.180556
56 0.917969 0.337500 0.103125 0.194444
56 0.309766 0.454861 0.088281 0.243056
56 0.038672 0.420833 0.077344 0.297222
0 0.074219 0.186111 0.070312 0.277778
0 0.263281 0.454167 0.095312 0.255556
0 0.875391 0.904167 0.058594 0.188889
