25 0.346200 0.773500 0.115700 0.085400
25 0.360200 0.881300 0.119300 0.111200
25 0.512800 0.798100 0.112500 0.086900
25 0.306800 0.963300 0.139900 0.074000
25 0.446400 0.981600 0.112400 0.036100
0 0.650600 0.724100 0.032300 0.160200
0 0.895200 0.744400 0.035700 0.164300
0 0.614200 0.723600 0.040600 0.166500
0 0.930900 0.741600 0.034900 0.169100
0 0.007000 0.194400 0.013300 0.123000
0 0.184500 0.020200 0.018800 0.036100
0 0.011400 0.491200 0.018700 0.070800
0 0.114900 0.099600 0.023400 0.083200
0 0.193300 0.019700 0.017500 0.030400
0 0.209300 0.012500 0.016700 0.022300
56 0.039453 0.503472 0.035156 0.104167
56 0.547656 0.941667 0.037500 0.066667
56 0.540234 0.874306 0.033594 0.051389
56 0.474609 0.880556 0.033594 0.055556
56 0.707812 0.972222 0.039062 0.052778
56 0.714844 0.918056 0.031250 0.038889
56 0.770312 0.937500 0.031250 0.038889
56 0.750391 0.977778 0.036719 0.041667
56 0.838672 0.965972 0.030469 0.045833
56 0.868750 0.936111 0.031250 0.041667
56 0.901953 0.970139 0.033594 0.056944
56 0.028125 0.552083 0.042188 0.068056
8 0.743750 0.193056 0.512500 0.191667
58 0.442187 0.813889 0.067188 0.252778
25 0.075000 0.352083 0.150000 0.137500
