58 0.202700 0.888300 0.113600 0.224200
56 0.453700 0.926300 0.049000 0.135600
56 0.509200 0.677500 0.045100 0.143200
56 0.301600 0.948500 0.057500 0.101100
56 0.952000 0.737500 0.046600 0.133800
56 0.648500 0.915600 0.035300 0.065100
56 0.839094 0.904433 0.072600 0.133400
56 0.139900 0.923300 0.046800 0.133800
56 0.761200 0.917200 0.054300 0.126300
56 0.787800 0.711000 0.033900 0.128300
56 0.867100 0.740900 0.037100 0.120400
25 0.203000 0.731000 0.155700 0.129700
25 0.240100 0.474900 0.137100 0.123400
25 0.378600 0.793800 0.164500 0.152600
25 0.459900 0.504700 0.147600 0.122400
25 0.265800 0.587300 0.140100 0.112800
25 0.884800 0.974200 0.193200 0.047800
0 0.586900 0.402600 0.051900 0.202700
0 0.637800 0.403200 0.044500 0.179900
0 0.945100 0.429900 0.044700 0.168500
0 0.517400 0.916500 0.050800 0.158200
0 0.986100 0.424900 0.026400 0.230200
0 0.543300 0.942700 0.061700 0.114600
0 0.319500 0.921100 0.059400 0.148800
0 0.956000 0.910200 0.033800 0.076100
0 0.608000 0.399500 0.032700 0.183100
0 0.618600 0.974400 0.061100 0.050500
56 0.414844 0.615278 0.051562 0.097222
56 0.490625 0.601389 0.054688 0.063889
56 0.701953 0.735417 0.046094 0.084722
56 0.719922 0.657639 0.044531 0.056944
56 0.760156 0.752083 0.042188 0.073611
56 0.911328 0.793056 0.049219 0.100000
56 0.908984 0.668056 0.042969 0.052778
56 0.765234 0.818056 0.041406 0.080556
56 0.847266 0.828472 0.058594 0.098611
56 0.724609 0.958333 0.053906 0.080556
56 0.269141 0.874306 0.047656 0.115278
0 0.425000 0.918056 0.051562 0.155556
0 0.298047 0.742361 0.032031 0.151389
0 0.952344 0.958333 0.037500 0.050000
58 0.372266 0.529167 0.063281 0.280556
