56 0.803900 0.356900 0.051300 0.166200
56 0.766400 0.602900 0.068100 0.159800
56 0.587500 0.740700 0.072100 0.128800
56 0.704700 0.801800 0.077200 0.141900
56 0.444300 0.322100 0.069600 0.153400
56 0.384900 0.636200 0.043300 0.185100
56 0.337800 0.231500 0.055000 0.107800
56 0.867800 0.606900 0.076200 0.143000
56 0.195000 0.672700 0.063800 0.157400
56 0.731400 0.707100 0.062500 0.150200
56 0.959200 0.456300 0.056600 0.154900
56 0.433700 0.227300 0.056500 0.116800
56 0.629600 0.670300 0.046800 0.184900
56 0.967400 0.307200 0.039900 0.051100
56 0.918800 0.393300 0.046100 0.148100
25 0.886000 0.795500 0.218000 0.270600
25 0.557200 0.882900 0.298500 0.231600
25 0.143300 0.203500 0.204900 0.180900
25 0.285100 0.455300 0.191500 0.203600
25 0.086700 0.369700 0.163300 0.162200
25 0.112200 0.049900 0.185800 0.099600
25 0.390000 0.140000 0.172400 0.245000
0 0.485200 0.463800 0.065500 0.291900
0 0.266700 0.909000 0.061700 0.193800
0 0.537100 0.445300 0.053300 0.296500
0 0.949300 0.650400 0.033100 0.049900
0 0.551700 0.041100 0.087200 0.078300
0 0.212000 0.617000 0.081200 0.208200
0 0.618300 0.042900 0.056500 0.085400
0 0.194100 0.356600 0.039800 0.114900
0 0.990600 0.052300 0.016700 0.137100
0 0.353800 0.575200 0.056000 0.136500
56 0.705859 0.397917 0.061719 0.148611
56 0.719141 0.318056 0.067969 0.136111
56 0.766797 0.399306 0.071094 0.151389
56 0.778906 0.515972 0.084375 0.154167
56 0.877344 0.510417 0.079687 0.156944
56 0.308594 0.736806 0.076563 0.170833
56 0.152344 0.582639 0.057813 0.204167
0 0.850000 0.957639 0.031250 0.084722
0 0.969922 0.968056 0.042969 0.058333
58 0.105078 0.640972 0.097656 0.379167
58 0.280859 0.154167 0.097656 0.305556
56 0.057422 0.725694 0.082031 0.193056
