25 0.377400 0.920700 0.115200 0.106400
25 0.359700 0.824400 0.106700 0.090500
25 0.517300 0.850900 0.115700 0.101900
25 0.326600 0.980300 0.152500 0.043200
2 0.146500 0.010400 0.081900 0.023000
0 0.651700 0.773100 0.035000 0.150400
0 0.616800 0.768400 0.035000 0.158100
0 0.926900 0.790200 0.037800 0.175000
0 0.882900 0.793200 0.035400 0.140800
0 0.240700 0.049600 0.021900 0.075100
0 0.180800 0.114500 0.023500 0.053700
0 0.040400 0.551100 0.027500 0.065500
0 0.199000 0.098800 0.022900 0.062100
0 0.022200 0.214800 0.024000 0.064300
0 0.151000 0.167500 0.026000 0.094500
56 0.858984 0.970139 0.028906 0.037500
56 0.763281 0.977083 0.032812 0.043056
56 0.717578 0.959028 0.030469 0.048611
56 0.551172 0.972222 0.036719 0.052778
56 0.542188 0.916667 0.031250 0.055556
56 0.480859 0.926389 0.021094 0.061111
56 0.051953 0.618056 0.042969 0.052778
56 0.069531 0.548611 0.023438 0.069444
8 0.763672 0.263194 0.472656 0.173611
58 0.455859 0.868750 0.050781 0.206944
25 0.061719 0.327083 0.123438 0.101389
25 0.084766 0.407639 0.167969 0.123611
