56 0.417000 0.768600 0.047000 0.175000
56 0.478900 0.490100 0.055500 0.142400
56 0.856800 0.738300 0.070100 0.139900
56 0.604200 0.856200 0.071000 0.121200
56 0.243900 0.799100 0.053000 0.160300
56 0.075300 0.735600 0.051500 0.145200
56 0.894600 0.575100 0.047000 0.161100
56 0.353900 0.856800 0.065400 0.165800
56 0.764500 0.735500 0.052500 0.126500
56 0.773600 0.632700 0.031400 0.059700
26 0.543800 0.635000 0.020300 0.037200
25 0.180600 0.234700 0.166100 0.130400
25 0.329900 0.600200 0.179600 0.161500
25 0.132700 0.542300 0.171700 0.153600
25 0.201200 0.388600 0.178800 0.179000
25 0.884500 0.898400 0.219000 0.195800
25 0.421600 0.332000 0.169000 0.248100
25 0.583600 0.947800 0.276400 0.113200
0 0.628800 0.165900 0.043200 0.244300
0 0.568500 0.159700 0.052100 0.242300
0 0.973100 0.194700 0.042200 0.214200
0 0.503600 0.735800 0.072100 0.267400
0 0.526800 0.641100 0.047300 0.175900
0 0.262900 0.735200 0.056000 0.137100
0 0.240300 0.520200 0.044200 0.104100
56 0.119922 0.841667 0.058594 0.150000
56 0.207813 0.705556 0.054688 0.125000
56 0.380078 0.412500 0.052344 0.119444
56 0.463672 0.384722 0.049219 0.077778
56 0.798047 0.498611 0.050781 0.105556
56 0.765625 0.556250 0.050000 0.095833
56 0.709375 0.540972 0.065625 0.109722
56 0.719531 0.450000 0.039062 0.066667
56 0.936328 0.603472 0.047656 0.118056
56 0.938281 0.474306 0.046875 0.070833
56 0.980469 0.545833 0.039062 0.144444
56 0.857813 0.655556 0.050000 0.108333
56 0.641016 0.763889 0.047656 0.097222
56 0.723828 0.804861 0.055469 0.109722
56 0.698828 0.893056 0.071094 0.102778
56 0.925000 0.785417 0.032812 0.043056
0 0.747266 0.904167 0.052344 0.191667
0 0.766406 0.813194 0.045313 0.137500
0 0.255078 0.970833 0.053906 0.058333
0 0.383984 0.761111 0.069531 0.194444
0 0.980859 0.740972 0.038281 0.081944
0 0.980469 0.798611 0.025000 0.066667
58 0.160547 0.781250 0.096094 0.323611
58 0.326172 0.309028 0.085156 0.318056
