56 0.541400 0.915400 0.043900 0.127900
25 0.332900 0.736900 0.116500 0.091900
25 0.348800 0.851000 0.124200 0.119100
25 0.294500 0.949500 0.128800 0.102100
25 0.505800 0.763300 0.117100 0.092100
25 0.432600 0.964900 0.150700 0.071700
0 0.609500 0.681700 0.041300 0.170800
0 0.648800 0.689900 0.035100 0.172600
0 0.942700 0.706200 0.037400 0.164900
0 0.903900 0.705600 0.030200 0.161500
0 0.959200 0.971800 0.040000 0.053800
0 0.599000 0.134900 0.016800 0.033300
0 0.991600 0.980400 0.016000 0.039200
56 0.016406 0.454167 0.032812 0.088889
56 0.469141 0.847917 0.036719 0.059722
56 0.534375 0.838889 0.031250 0.052778
56 0.703125 0.951389 0.028125 0.069444
56 0.718750 0.887500 0.037500 0.055556
56 0.774609 0.918056 0.033594 0.075000
56 0.753516 0.964583 0.039844 0.068056
56 0.842578 0.943056 0.025781 0.058333
56 0.871094 0.973611 0.035937 0.050000
56 0.877344 0.905556 0.040625 0.050000
56 0.908594 0.936111 0.035937 0.055556
0 0.375781 0.922222 0.037500 0.075000
8 0.728516 0.137500 0.542969 0.186111
0 0.088281 0.048611 0.018750 0.083333
58 0.437891 0.784028 0.077344 0.256944
25 0.064844 0.297222 0.129688 0.152778
