56 0.515900 0.790000 0.049300 0.134600
56 0.774400 0.802400 0.046400 0.116700
56 0.508600 0.697100 0.032200 0.052400
25 0.300500 0.701100 0.126100 0.116900
25 0.402000 0.869200 0.152900 0.124700
25 0.278500 0.582800 0.134100 0.102000
25 0.241500 0.828100 0.144000 0.121000
25 0.477400 0.610900 0.138400 0.101100
0 0.639600 0.525000 0.047900 0.172900
0 0.978000 0.548800 0.039000 0.184600
0 0.591500 0.522900 0.047100 0.192200
0 0.931800 0.544300 0.028400 0.192300
0 0.982800 0.911200 0.036800 0.173200
0 0.940300 0.978000 0.038600 0.045200
0 0.348000 0.966800 0.036300 0.065400
0 0.556700 0.982400 0.053600 0.036200
56 0.931641 0.831944 0.046094 0.116667
56 0.892578 0.785417 0.046094 0.070833
56 0.863672 0.834028 0.039844 0.093056
56 0.893750 0.879861 0.053125 0.095833
56 0.841016 0.917361 0.047656 0.087500
56 0.831250 0.973611 0.056250 0.050000
56 0.751953 0.962500 0.052344 0.072222
56 0.763281 0.902778 0.042188 0.080556
56 0.650000 0.977778 0.040625 0.041667
56 0.700781 0.843750 0.043750 0.098611
56 0.757422 0.835417 0.047656 0.095833
56 0.718750 0.780556 0.050000 0.111111
56 0.439844 0.722917 0.046875 0.101389
56 0.470313 0.961111 0.042188 0.075000
56 0.302734 0.961111 0.046094 0.075000
0 0.437891 0.967361 0.064844 0.065278
0 0.333984 0.844444 0.041406 0.163889
58 0.240234 0.936111 0.103906 0.125000
58 0.396094 0.640278 0.054688 0.250000
