58 0.239100 0.946400 0.114600 0.110000
56 0.518800 0.795500 0.044900 0.132800
25 0.285000 0.599700 0.129100 0.108800
25 0.245600 0.837400 0.142800 0.121500
25 0.302400 0.709100 0.129500 0.114400
25 0.403000 0.882300 0.141800 0.129100
25 0.480200 0.632200 0.133100 0.112100
0 0.640700 0.542100 0.042100 0.180300
0 0.929100 0.558500 0.030400 0.178700
0 0.977600 0.569100 0.035700 0.178200
0 0.590600 0.536200 0.035700 0.191700
0 0.980400 0.915900 0.038500 0.161100
0 0.930700 0.981900 0.055200 0.039300
0 0.557900 0.989300 0.030900 0.020500
0 0.351100 0.972400 0.057500 0.054900
56 0.509375 0.711806 0.045313 0.068056
56 0.439453 0.723611 0.046094 0.088889
56 0.755078 0.971528 0.049219 0.054167
56 0.820312 0.975000 0.048437 0.047222
56 0.835938 0.928472 0.043750 0.093056
56 0.756641 0.917361 0.049219 0.070833
56 0.703906 0.840278 0.045313 0.088889
56 0.714844 0.769444 0.039062 0.069444
56 0.755859 0.847917 0.042969 0.073611
56 0.773047 0.802778 0.046094 0.097222
56 0.864844 0.840972 0.046875 0.095833
56 0.890234 0.894444 0.046094 0.108333
56 0.930469 0.834028 0.042188 0.087500
56 0.894141 0.781250 0.039844 0.056944
56 0.304688 0.967361 0.026563 0.065278
56 0.476562 0.976389 0.032812 0.047222
0 0.437891 0.966667 0.058594 0.066667
0 0.337891 0.853472 0.036719 0.145833
58 0.398438 0.654167 0.056250 0.263889
