58 0.206500 0.891400 0.114700 0.211500
56 0.453400 0.929300 0.048800 0.125000
56 0.508200 0.702600 0.049600 0.133800
56 0.833700 0.918100 0.061900 0.109500
56 0.757700 0.921200 0.062100 0.117500
56 0.786700 0.727700 0.034600 0.128800
56 0.304100 0.949500 0.054100 0.098500
25 0.247300 0.483400 0.145100 0.107800
25 0.270000 0.606000 0.136100 0.124600
25 0.462100 0.512500 0.148900 0.116200
25 0.208600 0.742500 0.151300 0.122800
25 0.380600 0.800700 0.164000 0.152900
0 0.588800 0.417300 0.054100 0.197500
0 0.639800 0.420900 0.044200 0.185200
0 0.944000 0.444800 0.041600 0.170200
0 0.519100 0.924600 0.047600 0.144600
0 0.547500 0.948200 0.054900 0.102700
0 0.988100 0.445100 0.024400 0.221300
0 0.320300 0.926600 0.057400 0.133900
0 0.954700 0.931300 0.050000 0.097400
0 0.618000 0.976900 0.059200 0.047300
56 0.269141 0.897917 0.038281 0.109722
56 0.151562 0.931944 0.050000 0.111111
56 0.417969 0.628472 0.032812 0.093056
56 0.495703 0.614583 0.044531 0.068056
56 0.644531 0.929167 0.043750 0.075000
56 0.723437 0.961111 0.050000 0.075000
56 0.759766 0.834722 0.039844 0.075000
56 0.846094 0.841667 0.053125 0.086111
56 0.906250 0.793056 0.053125 0.086111
56 0.953516 0.744444 0.041406 0.108333
56 0.906641 0.690972 0.042969 0.059722
56 0.875391 0.744444 0.049219 0.100000
56 0.757812 0.763889 0.053125 0.080556
56 0.707031 0.759722 0.057813 0.108333
56 0.716406 0.668750 0.043750 0.070833
0 0.426172 0.922917 0.049219 0.145833
0 0.301562 0.761806 0.037500 0.168056
0 0.952344 0.974306 0.035937 0.051389
58 0.374609 0.545139 0.067969 0.281944
