25 0.389500 0.955800 0.112100 0.081600
25 0.528400 0.890400 0.101700 0.081300
25 0.377200 0.867900 0.099200 0.077400
2 0.061300 0.134000 0.061900 0.079900
0 0.621600 0.819500 0.034900 0.154100
0 0.923200 0.840100 0.036800 0.160000
0 0.881900 0.840200 0.034800 0.145500
0 0.657400 0.821900 0.032500 0.142800
0 0.276300 0.127700 0.020600 0.073500
0 0.395100 0.043400 0.016600 0.060100
0 0.481100 0.020200 0.011900 0.026200
0 0.060800 0.323200 0.021800 0.100200
0 0.385600 0.049100 0.018400 0.062500
0 0.180300 0.211400 0.030100 0.059000
0 0.072400 0.613200 0.027700 0.060900
0 0.080200 0.638600 0.045800 0.110500
56 0.714453 0.988194 0.028906 0.020833
56 0.503125 0.968056 0.035937 0.055556
56 0.559375 0.960417 0.034375 0.051389
56 0.108984 0.615972 0.027344 0.081944
56 0.081250 0.663889 0.034375 0.058333
56 0.014062 0.652778 0.028125 0.069444
8 0.789062 0.340972 0.421875 0.193056
58 0.469922 0.904861 0.055469 0.187500
25 0.110937 0.479167 0.160938 0.108333
25 0.071875 0.406944 0.143750 0.083333
