56 0.804800 0.350400 0.052100 0.173400
56 0.587000 0.732900 0.073800 0.125100
56 0.705600 0.795200 0.077500 0.136900
56 0.770200 0.583800 0.068400 0.154000
56 0.866700 0.601800 0.076700 0.142000
56 0.388100 0.615800 0.038600 0.177700
56 0.730500 0.701600 0.061300 0.141200
56 0.191600 0.671500 0.066400 0.146400
56 0.922000 0.391200 0.041800 0.168800
56 0.430500 0.323800 0.057400 0.160500
56 0.432800 0.211300 0.053100 0.107100
56 0.959700 0.450100 0.053600 0.151400
56 0.333700 0.231500 0.059400 0.134300
56 0.965200 0.358800 0.059500 0.139500
56 0.320600 0.729500 0.058900 0.184000
25 0.888300 0.787000 0.208800 0.265200
25 0.140700 0.198100 0.207800 0.187000
25 0.556400 0.882000 0.297400 0.232400
25 0.284400 0.453200 0.191100 0.206700
25 0.081900 0.365400 0.159200 0.176700
25 0.108700 0.046800 0.187900 0.100200
25 0.385600 0.098400 0.193400 0.178000
0 0.484000 0.447100 0.066700 0.286300
0 0.538700 0.416200 0.056900 0.264300
0 0.264100 0.903300 0.062600 0.183400
0 0.212100 0.617100 0.082900 0.214700
0 0.957400 0.643800 0.034300 0.053700
0 0.896200 0.977600 0.062900 0.044400
0 0.962600 0.972800 0.071400 0.053700
0 0.555500 0.033100 0.074300 0.070500
56 0.787891 0.525694 0.066406 0.170833
56 0.877344 0.518056 0.075000 0.133333
56 0.777734 0.400694 0.058594 0.129167
56 0.708203 0.384028 0.069531 0.156944
56 0.722656 0.309028 0.070312 0.134722
56 0.637500 0.646528 0.070312 0.168056
56 0.150000 0.593056 0.068750 0.208333
0 0.853906 0.958333 0.045313 0.077778
0 0.185547 0.360417 0.053906 0.154167
0 0.339844 0.620139 0.081250 0.220833
58 0.098047 0.638194 0.103906 0.379167
58 0.276172 0.155556 0.085156 0.311111
56 0.052344 0.722917 0.081250 0.198611
