56 0.578300 0.663600 0.084400 0.135700
56 0.706400 0.727500 0.097700 0.177600
56 0.772300 0.514500 0.085500 0.195100
56 0.356300 0.545800 0.056800 0.181700
56 0.822400 0.241600 0.042400 0.169000
56 0.414300 0.112900 0.053600 0.159400
56 0.142300 0.576900 0.079900 0.220900
56 0.621600 0.576300 0.050300 0.178700
56 0.927600 0.297500 0.044700 0.185500
56 0.101500 0.486500 0.053300 0.133000
56 0.735700 0.611200 0.060500 0.167800
56 0.977700 0.325400 0.046100 0.199000
56 0.303200 0.106900 0.063200 0.133700
26 0.573100 0.195200 0.023000 0.064700
25 0.890100 0.725100 0.225800 0.324200
25 0.055900 0.260600 0.111000 0.174100
25 0.545800 0.833700 0.300000 0.292900
25 0.098500 0.087300 0.191300 0.176600
25 0.246500 0.333300 0.210100 0.196400
0 0.471700 0.275100 0.075400 0.333700
0 0.549600 0.241700 0.072500 0.284000
0 0.288100 0.864500 0.061100 0.281300
0 0.901300 0.951800 0.061300 0.092300
0 0.176800 0.544700 0.095400 0.242600
0 0.319900 0.483400 0.060500 0.149900
0 0.979200 0.943500 0.044900 0.102700
56 0.888281 0.526389 0.104687 0.166667
56 0.898047 0.429861 0.088281 0.168056
56 0.792578 0.435417 0.091406 0.176389
56 0.775000 0.303472 0.089062 0.151389
56 0.705859 0.292361 0.085156 0.156944
56 0.717188 0.188889 0.076563 0.133333
56 0.271094 0.663194 0.087500 0.187500
56 0.414062 0.205556 0.076563 0.166667
0 0.858984 0.927083 0.052344 0.143056
0 0.138672 0.290972 0.061719 0.254167
58 0.051172 0.569444 0.102344 0.375000
58 0.241797 0.127778 0.074219 0.133333
