58 0.224900 0.897000 0.120400 0.189600
56 0.511500 0.739300 0.047400 0.129900
56 0.943400 0.790400 0.038000 0.121300
56 0.454600 0.947600 0.055000 0.096600
56 0.789000 0.758800 0.026800 0.099300
56 0.864800 0.799900 0.040000 0.128500
25 0.264200 0.524000 0.132600 0.097800
25 0.220800 0.785900 0.148400 0.135200
25 0.283900 0.644100 0.133600 0.116800
25 0.389500 0.825400 0.152700 0.130600
25 0.466000 0.556200 0.147800 0.103500
0 0.589700 0.463800 0.051500 0.202500
0 0.639800 0.465300 0.049100 0.188800
0 0.525900 0.952000 0.052100 0.090800
0 0.985500 0.489000 0.029600 0.198600
0 0.935200 0.489600 0.028000 0.192800
0 0.945700 0.950700 0.039000 0.072900
0 0.326700 0.946700 0.054500 0.102000
0 0.984100 0.894700 0.032400 0.193800
0 0.555700 0.972800 0.033900 0.049800
56 0.425781 0.665972 0.045313 0.095833
56 0.503125 0.650694 0.048437 0.073611
56 0.160938 0.943750 0.046875 0.112500
56 0.285547 0.918750 0.046094 0.095833
56 0.650391 0.953472 0.039844 0.070833
56 0.757812 0.929167 0.056250 0.080556
56 0.834766 0.947917 0.060156 0.090278
56 0.845703 0.881944 0.046094 0.100000
56 0.763672 0.871528 0.044531 0.070833
56 0.708203 0.793750 0.050781 0.106944
56 0.718750 0.715972 0.042188 0.090278
56 0.757422 0.794444 0.053906 0.083333
56 0.900000 0.839583 0.045313 0.104167
56 0.900000 0.731944 0.042188 0.066667
0 0.437109 0.942361 0.055469 0.115278
0 0.314844 0.768750 0.037500 0.106944
58 0.383594 0.593056 0.064062 0.258333
