56 0.892600 0.420600 0.121100 0.230300
56 0.786100 0.425100 0.091400 0.208000
56 0.818600 0.139300 0.078100 0.216800
56 0.568300 0.584300 0.093300 0.185800
56 0.710300 0.671500 0.104400 0.189900
56 0.956700 0.206400 0.072900 0.267200
56 0.390600 0.107500 0.094600 0.204500
56 0.729400 0.550500 0.083300 0.228500
56 0.703100 0.173800 0.094300 0.245400
56 0.301100 0.481000 0.082000 0.276800
56 0.614000 0.512900 0.050500 0.212200
56 0.790400 0.229100 0.077800 0.195700
56 0.204200 0.544500 0.106500 0.322300
25 0.896000 0.661700 0.208900 0.337100
25 0.195500 0.234900 0.247800 0.219500
25 0.529100 0.789600 0.322000 0.355600
0 0.497100 0.087500 0.074000 0.173600
0 0.600800 0.078800 0.070000 0.156600
0 0.354700 0.804100 0.063800 0.346900
0 0.113400 0.457800 0.098900 0.252500
0 0.922800 0.932100 0.066300 0.122300
56 0.723047 0.088194 0.085156 0.176389
56 0.800000 0.344444 0.096875 0.197222
56 0.913672 0.345139 0.107031 0.187500
56 0.037500 0.414583 0.075000 0.279167
0 0.873047 0.904861 0.066406 0.184722
0 0.070703 0.188194 0.063281 0.273611
0 0.265234 0.465972 0.088281 0.245833
56 0.088672 0.523611 0.088281 0.194444
25 0.024609 0.160417 0.049219 0.223611
