58 0.225700 0.914100 0.122200 0.156800
56 0.510500 0.757800 0.046500 0.127400
56 0.429700 0.664800 0.031900 0.048300
56 0.831500 0.952300 0.061700 0.091400
56 0.503900 0.665900 0.033300 0.062200
56 0.787600 0.771100 0.028600 0.093200
56 0.862500 0.801000 0.041400 0.113000
56 0.903600 0.738200 0.035400 0.042200
25 0.267500 0.543100 0.135900 0.107100
25 0.224300 0.794500 0.142500 0.128100
25 0.471600 0.571900 0.142200 0.111500
25 0.284900 0.662500 0.139900 0.122700
25 0.390300 0.854600 0.155100 0.180600
0 0.590000 0.478100 0.051700 0.192200
0 0.639800 0.482300 0.049100 0.178700
0 0.983200 0.509900 0.033600 0.193800
0 0.935300 0.503500 0.027700 0.190500
0 0.535600 0.956700 0.055400 0.081300
0 0.334600 0.951700 0.053800 0.091800
0 0.941400 0.961800 0.039200 0.069300
0 0.982900 0.897600 0.034700 0.178300
0 0.566400 0.980200 0.031600 0.037900
56 0.754687 0.950694 0.059375 0.095833
56 0.651563 0.967361 0.048437 0.065278
56 0.706641 0.802778 0.049219 0.097222
56 0.718359 0.722917 0.044531 0.070833
56 0.755078 0.815972 0.042969 0.079167
56 0.898047 0.847917 0.046094 0.090278
56 0.938281 0.784722 0.037500 0.097222
56 0.844531 0.894444 0.050000 0.097222
56 0.760156 0.876389 0.040625 0.075000
56 0.463281 0.953472 0.037500 0.090278
56 0.291016 0.932639 0.042969 0.090278
0 0.433594 0.950694 0.057813 0.095833
0 0.319922 0.796528 0.038281 0.143056
58 0.387500 0.596528 0.060938 0.262500
