56 0.583600 0.700100 0.081300 0.132300
56 0.807700 0.301500 0.053700 0.160800
56 0.705100 0.761700 0.078500 0.136900
56 0.770700 0.551700 0.081800 0.202300
56 0.360500 0.602300 0.078000 0.230100
56 0.923400 0.356600 0.050900 0.172500
56 0.323300 0.172700 0.058400 0.114100
56 0.732200 0.669100 0.064700 0.145100
56 0.425400 0.265400 0.064500 0.151600
56 0.179300 0.608800 0.082500 0.230200
56 0.424300 0.167900 0.054700 0.126200
56 0.974100 0.359500 0.052100 0.196300
56 0.133000 0.545300 0.048900 0.132900
56 0.628100 0.610900 0.048800 0.166100
25 0.888200 0.743900 0.215300 0.282800
25 0.127400 0.141900 0.187800 0.177500
25 0.067800 0.322200 0.135000 0.181000
25 0.269600 0.395200 0.207600 0.193200
25 0.553900 0.860500 0.264300 0.242700
25 0.366000 0.084900 0.198700 0.162800
0 0.473100 0.370600 0.066300 0.294200
0 0.537400 0.352800 0.057400 0.288000
0 0.272900 0.891800 0.072400 0.217400
0 0.139400 0.391400 0.079500 0.245200
0 0.196800 0.604200 0.088300 0.228600
0 0.898000 0.966800 0.057000 0.065600
56 0.288281 0.687500 0.103125 0.191667
56 0.883594 0.568750 0.092188 0.154167
56 0.887109 0.478472 0.083594 0.181944
56 0.788672 0.476389 0.091406 0.177778
56 0.779297 0.355556 0.086719 0.150000
56 0.706641 0.336111 0.085156 0.161111
56 0.722266 0.250694 0.075781 0.145833
0 0.328125 0.589583 0.082813 0.220833
0 0.858203 0.941667 0.044531 0.113889
0 0.976562 0.950694 0.046875 0.095833
58 0.080859 0.613194 0.097656 0.365278
58 0.263281 0.125000 0.081250 0.250000
56 0.042578 0.695139 0.085156 0.204167
