58 0.230500 0.917000 0.113300 0.153200
56 0.516100 0.768300 0.051300 0.135500
56 0.650700 0.973200 0.036900 0.046800
25 0.272400 0.567300 0.130000 0.124800
25 0.397900 0.853200 0.149500 0.129200
25 0.293100 0.676500 0.128700 0.113900
25 0.474200 0.599200 0.138200 0.122900
25 0.232600 0.807300 0.140500 0.120900
0 0.641700 0.502700 0.047800 0.185300
0 0.590300 0.497100 0.046200 0.194600
0 0.981400 0.523900 0.037400 0.188800
0 0.932900 0.521200 0.030800 0.178300
0 0.982400 0.895800 0.035300 0.189400
0 0.336600 0.957500 0.052900 0.081800
0 0.939700 0.971700 0.039700 0.057300
0 0.540400 0.971000 0.038800 0.057200
56 0.430859 0.702778 0.039844 0.100000
56 0.506250 0.684028 0.046875 0.087500
56 0.707812 0.820139 0.050000 0.112500
56 0.717188 0.736806 0.040625 0.087500
56 0.758984 0.820139 0.049219 0.093056
56 0.779688 0.771528 0.042188 0.098611
56 0.869531 0.821528 0.042188 0.118056
56 0.898438 0.747222 0.031250 0.055556
56 0.934766 0.800694 0.039844 0.101389
56 0.899219 0.861111 0.040625 0.100000
56 0.840234 0.907639 0.047656 0.098611
56 0.830469 0.961111 0.059375 0.075000
56 0.751953 0.952778 0.053906 0.091667
56 0.764453 0.891667 0.042969 0.077778
56 0.467187 0.961111 0.037500 0.075000
56 0.295703 0.951389 0.046094 0.094444
0 0.435937 0.953472 0.059375 0.090278
0 0.323438 0.828472 0.037500 0.162500
58 0.394922 0.631250 0.064844 0.273611
