56 0.459400 0.383800 0.067400 0.155500
56 0.801400 0.413000 0.051400 0.157600
56 0.767300 0.646000 0.064300 0.152900
56 0.393600 0.674900 0.045700 0.170000
56 0.704400 0.833300 0.075000 0.151400
56 0.598200 0.772800 0.074200 0.137500
56 0.858300 0.646900 0.067200 0.138300
56 0.206600 0.705500 0.059000 0.161200
56 0.352800 0.297400 0.055300 0.110100
56 0.445300 0.296500 0.047300 0.118600
56 0.962000 0.364500 0.050800 0.053100
56 0.174400 0.638800 0.049200 0.135000
56 0.731500 0.739400 0.055400 0.159400
25 0.883600 0.838100 0.217300 0.254300
25 0.162900 0.266200 0.188900 0.172700
25 0.095800 0.429400 0.186500 0.160000
25 0.136400 0.107900 0.172300 0.140900
25 0.301000 0.518900 0.188800 0.213300
25 0.399200 0.204400 0.177800 0.275600
25 0.568700 0.904200 0.285800 0.191100
0 0.556900 0.073700 0.075800 0.150800
0 0.496800 0.556300 0.063800 0.265200
0 0.263700 0.930100 0.071900 0.136000
0 0.621900 0.073600 0.050200 0.155200
0 0.536200 0.523200 0.048800 0.294800
0 0.979900 0.088300 0.041600 0.176100
0 0.231000 0.640500 0.058800 0.132800
0 0.205800 0.416800 0.045400 0.106700
56 0.711328 0.459722 0.067969 0.152778
56 0.722656 0.354167 0.059375 0.116667
56 0.766406 0.467361 0.062500 0.131944
56 0.916016 0.443750 0.060156 0.148611
56 0.957422 0.511806 0.060156 0.126389
56 0.878906 0.577083 0.071875 0.143056
56 0.780469 0.571528 0.082813 0.140278
56 0.640625 0.703472 0.076563 0.170833
56 0.320312 0.790972 0.075000 0.162500
56 0.075391 0.761806 0.078906 0.181944
0 0.848828 0.971528 0.027344 0.056944
0 0.877734 0.694444 0.033594 0.069444
0 0.357812 0.670139 0.070312 0.204167
58 0.121484 0.685417 0.094531 0.351389
58 0.292188 0.190972 0.073437 0.340278
