25 0.359000 0.823000 0.107300 0.089900
25 0.377500 0.919900 0.117200 0.108300
25 0.517400 0.850900 0.115400 0.104200
25 0.327900 0.980000 0.149600 0.043700
0 0.651600 0.772500 0.034900 0.148700
0 0.927000 0.789300 0.036200 0.174800
0 0.617500 0.767100 0.034300 0.158500
0 0.883300 0.793100 0.034200 0.139900
0 0.239900 0.044600 0.022400 0.081700
0 0.022100 0.215400 0.023400 0.060900
0 0.197400 0.098900 0.024900 0.062800
0 0.150600 0.166000 0.023900 0.088000
0 0.039800 0.550500 0.027500 0.066500
0 0.181200 0.114200 0.024600 0.054700
56 0.866406 0.972917 0.029687 0.034722
56 0.717188 0.956250 0.032812 0.043056
56 0.763281 0.977778 0.023438 0.041667
56 0.054297 0.618750 0.052344 0.073611
56 0.068359 0.547222 0.025781 0.066667
56 0.487109 0.920833 0.038281 0.044444
56 0.552344 0.965972 0.034375 0.051389
56 0.548047 0.913194 0.025781 0.054167
8 0.764453 0.256944 0.471094 0.180556
58 0.451953 0.864583 0.055469 0.204167
25 0.058203 0.327778 0.116406 0.100000
25 0.086719 0.407639 0.173438 0.131944
