56 0.707100 0.671500 0.099800 0.203500
56 0.892700 0.452400 0.105900 0.201600
56 0.331100 0.487400 0.052300 0.207700
56 0.571900 0.612100 0.088800 0.176800
56 0.775500 0.455100 0.089400 0.207000
56 0.396700 0.141200 0.088900 0.222600
56 0.822500 0.165300 0.055000 0.176400
56 0.955400 0.238600 0.077700 0.254900
56 0.232600 0.574400 0.101900 0.322000
56 0.729800 0.577100 0.080600 0.235800
56 0.111600 0.515400 0.089200 0.237700
56 0.047600 0.424600 0.062000 0.129100
25 0.895100 0.676400 0.210600 0.293900
25 0.535500 0.787500 0.310700 0.366900
25 0.214100 0.270300 0.221200 0.214000
25 0.084100 0.041600 0.169700 0.082400
25 0.038000 0.199900 0.079200 0.227600
0 0.318300 0.835600 0.095200 0.343400
0 0.572300 0.118900 0.066100 0.236100
0 0.476900 0.132900 0.064400 0.295800
0 0.869200 0.918600 0.057300 0.159500
0 0.137400 0.485500 0.097600 0.238400
0 0.916100 0.930900 0.065400 0.128500
56 0.702734 0.220833 0.086719 0.205556
56 0.780078 0.235417 0.092969 0.190278
56 0.727734 0.122917 0.088281 0.204167
56 0.906641 0.363194 0.094531 0.190278
56 0.796484 0.368056 0.100781 0.194444
56 0.628906 0.516667 0.101562 0.222222
0 0.093359 0.231944 0.069531 0.266667
0 0.278516 0.488889 0.100781 0.227778
