56 0.319100 0.484500 0.071100 0.235400
56 0.570600 0.602600 0.095400 0.167600
56 0.815200 0.170300 0.071200 0.223000
56 0.709700 0.671600 0.103500 0.193700
56 0.392700 0.109700 0.089100 0.202600
56 0.956600 0.229200 0.072500 0.264400
56 0.776200 0.446200 0.092400 0.216200
56 0.897200 0.448200 0.110500 0.189000
56 0.730300 0.552000 0.076000 0.233000
56 0.700300 0.203800 0.102900 0.215000
56 0.105800 0.512300 0.092400 0.266400
25 0.894400 0.661300 0.212600 0.344500
25 0.530700 0.786700 0.315700 0.370500
25 0.207100 0.265400 0.236300 0.219900
0 0.331500 0.823800 0.067300 0.332600
0 0.587900 0.104800 0.068200 0.216200
0 0.484300 0.120200 0.071600 0.236900
0 0.870000 0.916500 0.057600 0.159600
0 0.920000 0.932500 0.062400 0.121700
0 0.118200 0.457700 0.086200 0.238400
56 0.225391 0.600000 0.105469 0.225000
56 0.047266 0.431944 0.094531 0.286111
56 0.726562 0.097917 0.084375 0.181944
56 0.783203 0.216667 0.107031 0.191667
56 0.791797 0.331250 0.100781 0.168056
56 0.909766 0.347222 0.108594 0.205556
56 0.619531 0.506944 0.104687 0.225000
25 0.031641 0.176389 0.063281 0.244444
0 0.082813 0.201389 0.062500 0.244444
0 0.273438 0.479167 0.106250 0.236111
