25 0.371200 0.915800 0.118200 0.111700
25 0.355800 0.818200 0.113200 0.097900
25 0.516400 0.835100 0.111100 0.086500
25 0.325800 0.979600 0.146100 0.045300
0 0.651500 0.763800 0.034100 0.154000
0 0.617000 0.758300 0.036300 0.161000
0 0.929300 0.785600 0.035600 0.173200
0 0.884900 0.786700 0.033700 0.148200
0 0.232500 0.034300 0.021400 0.076400
0 0.198800 0.075000 0.025600 0.053900
0 0.144000 0.152900 0.021100 0.085800
0 0.020000 0.226000 0.023000 0.108900
0 0.037400 0.537400 0.026700 0.062800
0 0.179400 0.099100 0.024700 0.053200
56 0.045313 0.602778 0.039062 0.066667
56 0.070312 0.547222 0.020312 0.088889
56 0.485547 0.915972 0.027344 0.048611
56 0.544922 0.903472 0.032031 0.040278
56 0.718750 0.953472 0.034375 0.043056
56 0.766797 0.971528 0.028906 0.045833
56 0.863281 0.970139 0.034375 0.045833
56 0.550781 0.965972 0.032812 0.048611
8 0.761328 0.247917 0.477344 0.187500
58 0.455859 0.856944 0.069531 0.241667
25 0.050391 0.318750 0.100781 0.095833
25 0.082031 0.397917 0.164062 0.131944
