56 0.805100 0.335800 0.050500 0.159200
56 0.587300 0.728000 0.078400 0.121700
56 0.706300 0.792200 0.076800 0.135200
56 0.882500 0.586300 0.067600 0.156900
56 0.383900 0.613600 0.040400 0.191500
56 0.770100 0.578100 0.076400 0.215700
56 0.430800 0.202000 0.052700 0.114700
56 0.922500 0.387200 0.051800 0.161600
56 0.733500 0.699200 0.064000 0.141300
56 0.431500 0.296800 0.064300 0.152200
56 0.331300 0.231600 0.058200 0.152600
56 0.628600 0.639600 0.045700 0.173300
56 0.177900 0.642600 0.053200 0.165600
56 0.963800 0.422900 0.054900 0.176800
56 0.971900 0.284600 0.043000 0.053000
56 0.303500 0.730000 0.047900 0.191700
56 0.147500 0.577500 0.050600 0.125000
25 0.888300 0.778900 0.213500 0.258000
25 0.279000 0.423600 0.197200 0.170500
25 0.073100 0.359500 0.149100 0.180900
25 0.138000 0.172100 0.209800 0.169600
25 0.555100 0.881500 0.289300 0.237200
25 0.108700 0.040100 0.197300 0.094500
25 0.382900 0.099100 0.192400 0.185000
0 0.481000 0.432400 0.060800 0.291900
0 0.539000 0.398400 0.057700 0.275900
0 0.266000 0.900600 0.060400 0.197100
0 0.965400 0.634800 0.051700 0.053600
0 0.207300 0.615100 0.082600 0.226500
0 0.191000 0.334200 0.040300 0.113500
56 0.785547 0.506944 0.086719 0.163889
56 0.882812 0.499306 0.081250 0.168056
56 0.776953 0.387500 0.075781 0.127778
56 0.706250 0.388889 0.078125 0.183333
56 0.718359 0.301389 0.075781 0.166667
0 0.339453 0.611806 0.077344 0.212500
0 0.851953 0.953472 0.039844 0.093056
0 0.897266 0.975000 0.050781 0.047222
0 0.974219 0.963889 0.051562 0.072222
58 0.089062 0.630556 0.109375 0.372222
58 0.277344 0.145139 0.087500 0.284722
56 0.045313 0.714583 0.084375 0.212500
