56 0.894000 0.422700 0.118000 0.221800
56 0.786400 0.424900 0.091500 0.209800
56 0.709800 0.672900 0.105200 0.191700
56 0.825100 0.131500 0.059900 0.177300
56 0.568500 0.584000 0.094600 0.187600
56 0.957100 0.206100 0.072000 0.264500
56 0.730000 0.550700 0.083400 0.230500
56 0.390200 0.105800 0.094100 0.197500
56 0.300400 0.481300 0.082900 0.271300
56 0.700600 0.195800 0.107800 0.228700
56 0.789800 0.228900 0.078700 0.198700
56 0.614300 0.513900 0.050400 0.211800
56 0.080200 0.512900 0.084500 0.237800
56 0.203600 0.542400 0.108000 0.313600
25 0.897000 0.663100 0.210000 0.336700
25 0.529300 0.787400 0.324200 0.358600
25 0.195500 0.234400 0.244200 0.215200
0 0.497200 0.088600 0.073400 0.175300
0 0.353900 0.804300 0.063100 0.339100
0 0.600500 0.080500 0.068800 0.160100
0 0.113800 0.458000 0.098100 0.252300
0 0.923200 0.931900 0.064600 0.122100
56 0.721094 0.086806 0.087500 0.173611
56 0.800781 0.347222 0.101562 0.200000
56 0.911328 0.346528 0.119531 0.198611
56 0.043750 0.416667 0.087500 0.275000
0 0.872266 0.906250 0.057031 0.184722
0 0.073828 0.197222 0.072656 0.275000
0 0.263672 0.467361 0.085156 0.251389
25 0.026172 0.164583 0.052344 0.223611
