58 0.207600 0.892700 0.114400 0.207900
56 0.508900 0.702700 0.046800 0.137100
56 0.455300 0.930300 0.048900 0.120400
56 0.833900 0.920400 0.064000 0.112300
56 0.757500 0.924000 0.062900 0.114900
56 0.786300 0.734600 0.033700 0.136900
56 0.867200 0.767500 0.039800 0.130400
56 0.423000 0.669000 0.049500 0.138200
56 0.948200 0.758400 0.044100 0.127400
56 0.141100 0.929100 0.052300 0.126200
56 0.319800 0.942800 0.057900 0.109200
25 0.252800 0.488100 0.145900 0.108100
25 0.272200 0.613400 0.135200 0.125500
25 0.463400 0.519700 0.154200 0.110200
25 0.380100 0.795600 0.155300 0.135400
25 0.207400 0.754000 0.151400 0.127300
0 0.588000 0.422400 0.051800 0.197300
0 0.638700 0.427600 0.045000 0.189100
0 0.942300 0.453600 0.040100 0.166800
0 0.520200 0.927700 0.047800 0.138100
0 0.547600 0.950400 0.053700 0.097000
0 0.987200 0.450200 0.026100 0.212000
0 0.321200 0.929100 0.057000 0.125900
0 0.616800 0.978900 0.057800 0.044300
0 0.955000 0.932700 0.052300 0.095900
56 0.273828 0.900000 0.039844 0.119444
56 0.498047 0.620139 0.049219 0.073611
56 0.705469 0.761806 0.048437 0.109722
56 0.758203 0.765972 0.052344 0.081944
56 0.717578 0.675694 0.036719 0.073611
56 0.907812 0.809028 0.048437 0.106944
56 0.907422 0.691667 0.038281 0.050000
56 0.843359 0.859028 0.060156 0.106944
56 0.764453 0.840972 0.047656 0.079167
56 0.648438 0.935417 0.048437 0.079167
56 0.726172 0.965278 0.055469 0.066667
0 0.430078 0.924306 0.049219 0.134722
0 0.305469 0.764583 0.042188 0.159722
0 0.953516 0.973611 0.041406 0.050000
58 0.377344 0.553472 0.071875 0.279167
