56 0.523800 0.852000 0.046800 0.123000
26 0.977600 0.632300 0.027700 0.051600
25 0.306000 0.666000 0.124500 0.108500
25 0.422100 0.930100 0.141600 0.114200
25 0.325400 0.769400 0.122400 0.106000
25 0.494500 0.692600 0.127700 0.111100
25 0.267300 0.890400 0.137700 0.112900
0 0.643700 0.609200 0.040400 0.174800
0 0.603200 0.602800 0.044200 0.172300
0 0.916400 0.628100 0.036400 0.163100
0 0.965500 0.632400 0.046400 0.173700
0 0.975000 0.941800 0.045300 0.100400
56 0.453516 0.792361 0.038281 0.093056
56 0.523438 0.778472 0.050000 0.070833
56 0.707812 0.898611 0.048437 0.094444
56 0.721094 0.825694 0.037500 0.068056
56 0.773828 0.849306 0.039844 0.068056
56 0.763672 0.897222 0.057031 0.080556
56 0.754297 0.956250 0.049219 0.059722
56 0.830859 0.964583 0.046094 0.068056
56 0.885547 0.941667 0.041406 0.069444
56 0.852734 0.884722 0.030469 0.075000
56 0.884766 0.826389 0.030469 0.055556
56 0.921484 0.872917 0.039844 0.073611
0 0.356641 0.904167 0.039844 0.161111
8 0.694141 0.055556 0.594531 0.108333
58 0.412500 0.709028 0.065625 0.254167
