56 0.321100 0.485000 0.070000 0.236000
56 0.395800 0.115800 0.093000 0.205900
56 0.708400 0.673500 0.106400 0.193300
56 0.570900 0.605700 0.093700 0.172200
56 0.776100 0.448900 0.090800 0.210500
56 0.815500 0.171400 0.072800 0.224300
56 0.896100 0.450200 0.106600 0.192700
56 0.956900 0.231900 0.072000 0.259400
56 0.729500 0.575600 0.085300 0.236400
56 0.699200 0.204800 0.103200 0.213000
56 0.109200 0.513000 0.089600 0.260200
56 0.724100 0.109000 0.055600 0.153400
25 0.895000 0.662300 0.212900 0.339600
25 0.533800 0.789900 0.315700 0.360900
25 0.209300 0.267000 0.235200 0.214800
25 0.028400 0.168600 0.058300 0.202900
0 0.326800 0.827900 0.072200 0.331200
0 0.585400 0.110000 0.067100 0.226300
0 0.487800 0.129300 0.066800 0.250100
0 0.878700 0.914800 0.057700 0.163600
0 0.919800 0.932800 0.061800 0.122000
0 0.132200 0.482400 0.097400 0.245200
56 0.787109 0.204167 0.107031 0.194444
56 0.790234 0.340972 0.088281 0.187500
56 0.908203 0.348611 0.110156 0.202778
56 0.625391 0.518056 0.107031 0.225000
56 0.232031 0.606944 0.096875 0.219444
56 0.045313 0.434722 0.087500 0.263889
0 0.269531 0.479861 0.100000 0.231944
0 0.084766 0.209722 0.071094 0.261111
