56 0.582600 0.702500 0.079000 0.135300
56 0.705300 0.768500 0.080200 0.139500
56 0.806900 0.305500 0.054000 0.156200
56 0.770900 0.551700 0.070700 0.154200
56 0.361700 0.603100 0.078000 0.228300
56 0.925000 0.358800 0.052100 0.170400
56 0.733900 0.672800 0.064200 0.142400
56 0.425000 0.174200 0.053400 0.123300
56 0.972900 0.360600 0.051500 0.184200
56 0.428800 0.267400 0.070500 0.146300
56 0.882300 0.569400 0.072100 0.154600
56 0.174700 0.611900 0.058900 0.153200
56 0.325200 0.201000 0.065400 0.152100
56 0.135700 0.546200 0.051800 0.129500
56 0.347600 0.266300 0.087500 0.081800
56 0.628500 0.613000 0.047900 0.160900
25 0.890900 0.757800 0.218400 0.270300
25 0.128600 0.145600 0.190400 0.174500
25 0.068100 0.325400 0.138000 0.171600
25 0.272200 0.400100 0.199800 0.190100
25 0.553000 0.865600 0.273500 0.240800
25 0.367500 0.092100 0.196600 0.166800
0 0.473200 0.386900 0.068500 0.307500
0 0.538300 0.364700 0.061800 0.285000
0 0.273700 0.896500 0.055600 0.231600
0 0.172500 0.300400 0.044200 0.105600
0 0.197800 0.548300 0.056800 0.140500
56 0.292578 0.699306 0.085156 0.206944
56 0.880078 0.481944 0.092969 0.138889
56 0.791797 0.477083 0.082031 0.165278
56 0.775000 0.379167 0.067188 0.147222
56 0.705078 0.360417 0.077344 0.179167
56 0.719531 0.261111 0.073437 0.166667
0 0.330469 0.602778 0.081250 0.219444
0 0.855078 0.945139 0.049219 0.109722
0 0.900000 0.964583 0.048437 0.068056
0 0.972266 0.952778 0.055469 0.091667
58 0.078906 0.613194 0.103125 0.384722
58 0.263281 0.127778 0.082813 0.255556
56 0.039453 0.708333 0.078906 0.202778
