56 0.818400 0.197900 0.056600 0.183800
56 0.707000 0.697900 0.101400 0.186100
56 0.575100 0.636400 0.087600 0.138500
56 0.886500 0.480200 0.103000 0.191200
56 0.774600 0.478400 0.088400 0.212100
56 0.333300 0.516200 0.072600 0.227100
56 0.953300 0.270600 0.082300 0.247000
56 0.728000 0.605400 0.083800 0.232700
56 0.617600 0.544100 0.050300 0.189400
56 0.701100 0.234500 0.087200 0.231400
56 0.393000 0.170300 0.067700 0.150300
56 0.979200 0.295800 0.037900 0.210900
56 0.076600 0.456900 0.057100 0.131500
0 0.146900 0.514400 0.099000 0.247200
25 0.043500 0.210300 0.086700 0.186500
25 0.893700 0.706500 0.223100 0.343600
25 0.539300 0.779500 0.310600 0.394500
25 0.227900 0.297400 0.222200 0.202100
25 0.089900 0.050100 0.182900 0.094500
0 0.464700 0.175600 0.062700 0.319000
0 0.565500 0.161200 0.059300 0.300800
0 0.297400 0.848700 0.060100 0.316800
56 0.725000 0.156250 0.073437 0.168056
56 0.778516 0.263889 0.094531 0.163889
56 0.900391 0.393750 0.097656 0.181944
56 0.795313 0.390972 0.095312 0.184722
56 0.253125 0.614583 0.096875 0.218056
56 0.286328 0.090972 0.074219 0.173611
56 0.395703 0.079167 0.072656 0.158333
0 0.294531 0.509028 0.089062 0.229167
56 0.127344 0.572222 0.089062 0.158333
0 0.986719 0.931250 0.026563 0.134722
0 0.914453 0.942361 0.055469 0.112500
0 0.862109 0.914583 0.053906 0.168056
0 0.108594 0.256250 0.060938 0.262500
58 0.037109 0.540972 0.072656 0.412500
