58 0.256200 0.947500 0.126400 0.103800
56 0.520700 0.805600 0.048700 0.131400
56 0.512700 0.726500 0.032600 0.054600
25 0.289300 0.611700 0.123700 0.103000
25 0.307300 0.727700 0.124800 0.117600
25 0.408800 0.892000 0.151700 0.124400
25 0.483800 0.642100 0.129400 0.103800
25 0.247900 0.851200 0.135600 0.124800
0 0.641500 0.556900 0.040200 0.172900
0 0.974500 0.577700 0.040300 0.178900
0 0.924200 0.574800 0.033200 0.176500
0 0.600000 0.550400 0.042400 0.186500
0 0.978300 0.921900 0.041400 0.146500
56 0.442578 0.740972 0.047656 0.093056
56 0.707031 0.858333 0.045313 0.088889
56 0.716016 0.781250 0.033594 0.073611
56 0.778906 0.812500 0.048437 0.094444
56 0.756641 0.856944 0.050781 0.077778
56 0.760156 0.925694 0.043750 0.070833
56 0.832031 0.936806 0.050000 0.084722
56 0.750781 0.977083 0.046875 0.045833
56 0.858984 0.847917 0.039844 0.095833
56 0.888281 0.904861 0.043750 0.093056
56 0.925391 0.841667 0.044531 0.100000
56 0.889453 0.797917 0.042969 0.054167
0 0.438281 0.973611 0.046875 0.050000
0 0.347656 0.976389 0.029687 0.044444
0 0.337891 0.857639 0.039844 0.131944
58 0.403516 0.668750 0.060156 0.251389
