58 0.260800 0.954000 0.116000 0.090300
56 0.523300 0.832800 0.043600 0.129000
25 0.298300 0.639300 0.124700 0.102900
25 0.413400 0.914000 0.138900 0.127000
25 0.487500 0.667500 0.131500 0.108100
25 0.316000 0.755700 0.132000 0.124000
25 0.257600 0.869600 0.132400 0.113600
0 0.601400 0.578700 0.043200 0.178300
0 0.641900 0.582900 0.040600 0.178400
0 0.971900 0.606000 0.040600 0.172700
0 0.920600 0.602500 0.033800 0.173000
0 0.978300 0.931400 0.040400 0.124200
0 0.332400 0.895000 0.048600 0.145700
56 0.518750 0.747917 0.043750 0.056944
56 0.449219 0.757639 0.032812 0.068056
56 0.707031 0.875000 0.045313 0.086111
56 0.716797 0.798611 0.035156 0.052778
56 0.758984 0.890278 0.042969 0.066667
56 0.782031 0.843056 0.042188 0.083333
56 0.757812 0.940278 0.043750 0.058333
56 0.833594 0.958333 0.040625 0.080556
56 0.853906 0.865972 0.031250 0.076389
56 0.882031 0.915278 0.043750 0.088889
56 0.923047 0.863889 0.033594 0.091667
56 0.889063 0.818750 0.037500 0.054167
8 0.676562 0.036111 0.610937 0.072222
58 0.412109 0.693750 0.061719 0.251389
