25 0.331300 0.733300 0.112700 0.097300
25 0.291300 0.945100 0.130200 0.106800
25 0.347400 0.833500 0.115600 0.099400
25 0.504400 0.758000 0.118200 0.094800
25 0.434500 0.963700 0.140900 0.077100
0 0.608300 0.674700 0.039900 0.173600
0 0.648300 0.681700 0.034000 0.163100
0 0.943700 0.695900 0.039000 0.173000
0 0.904300 0.695200 0.029900 0.162800
0 0.559800 0.120700 0.013900 0.039300
0 0.570500 0.121900 0.015200 0.036700
0 0.588900 0.127200 0.015800 0.034700
0 0.959400 0.971600 0.039400 0.056100
56 0.538281 0.913889 0.040625 0.080556
56 0.530078 0.834028 0.036719 0.062500
56 0.466406 0.843056 0.026563 0.050000
56 0.706641 0.952778 0.039844 0.069444
56 0.716797 0.881250 0.038281 0.054167
56 0.757422 0.965972 0.038281 0.056944
56 0.771875 0.911111 0.032812 0.055556
56 0.844922 0.930556 0.028906 0.055556
56 0.870313 0.979167 0.029687 0.036111
56 0.878906 0.899306 0.031250 0.029167
56 0.908594 0.936111 0.029687 0.069444
56 0.016797 0.445833 0.033594 0.102778
0 0.379297 0.913889 0.032031 0.063889
8 0.727734 0.130556 0.544531 0.175000
58 0.427344 0.768750 0.068750 0.256944
25 0.057422 0.292361 0.114844 0.123611
