56 0.606700 0.892800 0.070700 0.120800
56 0.483700 0.542100 0.058900 0.135100
56 0.423300 0.802700 0.046900 0.168900
56 0.851500 0.786100 0.064000 0.120700
56 0.387600 0.480100 0.054100 0.129900
56 0.763600 0.772700 0.057200 0.125100
56 0.796100 0.557000 0.040400 0.132700
56 0.269400 0.823700 0.057500 0.161300
56 0.893800 0.612100 0.050700 0.151200
56 0.935100 0.519900 0.039300 0.043700
56 0.072600 0.793600 0.049900 0.131000
56 0.228800 0.766700 0.046600 0.122500
56 0.644700 0.827800 0.039500 0.159600
56 0.772000 0.676000 0.027600 0.058400
56 0.975000 0.600800 0.040200 0.141600
56 0.356900 0.888100 0.083400 0.199900
56 0.473400 0.431400 0.039100 0.059200
25 0.150400 0.592500 0.177300 0.149700
25 0.192300 0.291500 0.171600 0.124300
25 0.343000 0.651700 0.171000 0.173000
25 0.882600 0.912200 0.232800 0.167800
25 0.214400 0.426000 0.182000 0.157900
25 0.431900 0.391100 0.175100 0.268200
0 0.629200 0.223300 0.039800 0.226000
0 0.573800 0.221700 0.053700 0.237700
0 0.510700 0.800400 0.057600 0.260600
0 0.966200 0.247400 0.038900 0.219000
0 0.729900 0.893300 0.050300 0.202100
0 0.526400 0.702600 0.045200 0.162900
0 0.978000 0.857900 0.042900 0.107400
0 0.980200 0.778200 0.036800 0.073600
0 0.270100 0.766200 0.049400 0.126400
56 0.141797 0.888889 0.064844 0.150000
56 0.687891 0.922917 0.032031 0.076389
56 0.862891 0.708333 0.053906 0.125000
56 0.932422 0.649306 0.052344 0.112500
56 0.720703 0.515278 0.049219 0.105556
56 0.703125 0.592361 0.060938 0.118056
56 0.763281 0.606944 0.057813 0.125000
56 0.919531 0.820833 0.028125 0.044444
0 0.715625 0.924306 0.037500 0.148611
0 0.260156 0.572917 0.046875 0.123611
0 0.394922 0.795139 0.060156 0.179167
58 0.176563 0.816667 0.098438 0.327778
58 0.337500 0.358333 0.071875 0.311111
