56 0.547800 0.921700 0.041100 0.127200
26 0.943900 0.725000 0.018800 0.036300
25 0.340200 0.759300 0.112000 0.094600
25 0.356700 0.858100 0.113300 0.103300
25 0.300600 0.955200 0.126700 0.090200
25 0.508200 0.789600 0.120800 0.106200
25 0.447300 0.974700 0.149200 0.048500
0 0.650100 0.709300 0.033600 0.154200
0 0.610900 0.701300 0.036600 0.168600
0 0.898700 0.726200 0.029300 0.160800
0 0.933300 0.724600 0.036200 0.171700
0 0.961000 0.978200 0.061800 0.044600
0 0.100300 0.070900 0.021200 0.080500
56 0.027734 0.470833 0.038281 0.094444
56 0.470313 0.877083 0.042188 0.090278
56 0.532422 0.864583 0.035156 0.073611
56 0.701953 0.964583 0.033594 0.068056
56 0.718750 0.904861 0.037500 0.054167
56 0.751172 0.973611 0.035156 0.050000
56 0.765625 0.927778 0.039062 0.072222
56 0.846094 0.960417 0.043750 0.076389
56 0.873047 0.918750 0.038281 0.051389
56 0.902734 0.947917 0.038281 0.068056
56 0.881641 0.981250 0.052344 0.034722
0 0.385156 0.941667 0.039062 0.063889
8 0.738281 0.165972 0.523438 0.181944
58 0.440234 0.803472 0.058594 0.248611
25 0.069922 0.326389 0.139844 0.147222
