25 0.390600 0.957100 0.112800 0.079500
25 0.377700 0.879600 0.107500 0.085200
25 0.529100 0.894900 0.100300 0.079300
2 0.056500 0.149600 0.057200 0.088500
0 0.924200 0.847300 0.038900 0.164000
0 0.621300 0.825400 0.034200 0.155700
0 0.880600 0.847300 0.037200 0.145300
0 0.278900 0.136900 0.023200 0.077800
0 0.657400 0.829900 0.032000 0.138900
0 0.396000 0.053300 0.022500 0.061000
0 0.067300 0.332100 0.025800 0.103400
0 0.190300 0.213300 0.025900 0.053100
0 0.482800 0.029300 0.013100 0.029600
0 0.168800 0.228000 0.022700 0.057800
0 0.361000 0.057000 0.011100 0.039000
0 0.074700 0.617700 0.027000 0.058400
0 0.178200 0.224200 0.026400 0.060100
56 0.496484 0.970833 0.032031 0.050000
56 0.554297 0.958333 0.030469 0.041667
56 0.018359 0.663194 0.035156 0.059722
56 0.101172 0.631250 0.039844 0.095833
56 0.092188 0.674306 0.045313 0.079167
8 0.792969 0.345139 0.414062 0.181944
58 0.466797 0.907639 0.057031 0.181944
25 0.114063 0.486111 0.175000 0.102778
25 0.075391 0.416667 0.150781 0.088889
