25 0.427100 0.945000 0.135300 0.108200
25 0.332500 0.793400 0.122500 0.113100
25 0.316100 0.681800 0.118900 0.092400
25 0.495800 0.707000 0.121700 0.094500
25 0.276700 0.910600 0.131500 0.119600
0 0.645500 0.630800 0.038400 0.173100
0 0.914700 0.649400 0.038300 0.166200
0 0.961500 0.648200 0.041700 0.171200
0 0.604400 0.621200 0.039900 0.167300
0 0.963900 0.950400 0.052000 0.094300
56 0.539844 0.871528 0.034375 0.093056
56 0.455859 0.810417 0.036719 0.076389
56 0.530859 0.791667 0.052344 0.061111
56 0.711328 0.914583 0.060156 0.090278
56 0.756250 0.920139 0.039062 0.068056
56 0.778125 0.875000 0.042188 0.077778
56 0.724219 0.838194 0.048437 0.056944
56 0.758594 0.971528 0.048437 0.054167
56 0.828906 0.972917 0.040625 0.051389
56 0.849609 0.902778 0.032031 0.072222
56 0.880469 0.948611 0.046875 0.069444
56 0.882422 0.856250 0.033594 0.054167
56 0.915234 0.893056 0.035156 0.072222
0 0.359375 0.913889 0.026563 0.141667
8 0.702734 0.069444 0.594531 0.136111
58 0.425781 0.729167 0.059375 0.247222
