25 0.380600 0.931300 0.110500 0.092500
25 0.364400 0.838800 0.103700 0.081300
25 0.522000 0.861000 0.109500 0.083500
2 0.112700 0.037100 0.079400 0.072600
0 0.620000 0.786200 0.033200 0.162200
0 0.652800 0.788600 0.032100 0.152000
0 0.924100 0.808700 0.035700 0.161600
0 0.883100 0.809000 0.033000 0.144300
0 0.254000 0.075600 0.021700 0.073100
0 0.196600 0.131200 0.021900 0.054800
0 0.053500 0.571400 0.025900 0.058700
0 0.040600 0.271400 0.025200 0.105400
0 0.381000 0.013100 0.018800 0.027500
0 0.370500 0.013000 0.017300 0.027200
0 0.179300 0.148700 0.021100 0.053100
56 0.714063 0.975694 0.031250 0.045833
56 0.544531 0.928472 0.035937 0.048611
56 0.558203 0.979167 0.025781 0.038889
56 0.490234 0.944444 0.022656 0.052778
56 0.062500 0.627778 0.035937 0.061111
56 0.077734 0.572917 0.028906 0.079167
8 0.772266 0.295139 0.455469 0.187500
0 0.161719 0.195139 0.025000 0.090278
58 0.458984 0.881250 0.057031 0.215278
25 0.088281 0.440972 0.176563 0.115278
25 0.069141 0.366667 0.138281 0.100000
