56 0.706800 0.676100 0.098200 0.206700
56 0.328900 0.509600 0.071000 0.238800
56 0.889900 0.452900 0.108000 0.219100
56 0.819000 0.176600 0.061400 0.173600
56 0.774800 0.459300 0.092700 0.211800
56 0.732400 0.582500 0.069400 0.148900
56 0.574100 0.636000 0.083600 0.126900
56 0.979200 0.265200 0.038600 0.227500
56 0.397900 0.143000 0.083600 0.208600
56 0.262300 0.611000 0.084400 0.228100
56 0.616200 0.519900 0.053400 0.165400
56 0.956300 0.239800 0.077800 0.239100
56 0.053300 0.424400 0.066000 0.142400
56 0.115300 0.515800 0.060500 0.159900
56 0.703500 0.204300 0.086400 0.253800
25 0.538200 0.790500 0.317200 0.359100
25 0.892000 0.679600 0.211800 0.289800
25 0.039700 0.202900 0.083700 0.209400
25 0.220600 0.280600 0.217200 0.208200
25 0.089100 0.046700 0.183800 0.091000
0 0.567900 0.137000 0.059600 0.297100
0 0.465000 0.144900 0.067400 0.320500
0 0.307500 0.840000 0.091600 0.315900
0 0.142800 0.488900 0.094200 0.231000
0 0.866800 0.920400 0.052400 0.154900
0 0.912700 0.942800 0.067000 0.111700
56 0.725781 0.129167 0.079687 0.172222
56 0.777344 0.240972 0.096875 0.176389
56 0.787109 0.365278 0.091406 0.180556
56 0.901172 0.382639 0.107031 0.187500
0 0.288672 0.501389 0.088281 0.236111
0 0.102344 0.240278 0.065625 0.261111
