56 0.705900 0.704700 0.097200 0.185100
56 0.772000 0.491000 0.084500 0.222300
56 0.887900 0.484400 0.098400 0.210100
56 0.575800 0.644100 0.082000 0.141200
56 0.818900 0.228000 0.048600 0.178900
56 0.147000 0.545800 0.094600 0.239400
56 0.978400 0.297900 0.046100 0.221800
56 0.621000 0.549400 0.052000 0.162700
56 0.334200 0.541600 0.082700 0.243000
56 0.085500 0.483300 0.060000 0.150600
56 0.734400 0.611300 0.062100 0.152300
56 0.294400 0.080100 0.060000 0.116600
25 0.049700 0.239500 0.098000 0.188800
25 0.892000 0.715300 0.224300 0.336200
25 0.240300 0.329400 0.217200 0.221400
25 0.543600 0.828400 0.293400 0.323600
25 0.096600 0.082900 0.187700 0.163200
0 0.557300 0.197300 0.071900 0.308000
0 0.465500 0.223200 0.080800 0.313200
0 0.289700 0.860200 0.058200 0.282100
0 0.861400 0.924300 0.055300 0.148500
0 0.902500 0.947300 0.064300 0.099400
0 0.163900 0.522100 0.090300 0.231600
0 0.301800 0.456400 0.069900 0.122100
56 0.415234 0.190278 0.097656 0.183333
56 0.400781 0.095833 0.071875 0.191667
56 0.265625 0.652083 0.106250 0.201389
56 0.896094 0.411111 0.100000 0.183333
56 0.724609 0.157639 0.088281 0.154167
56 0.706250 0.272222 0.082813 0.175000
56 0.796484 0.410417 0.085156 0.179167
56 0.778125 0.279167 0.087500 0.166667
56 0.942969 0.273611 0.070312 0.194444
0 0.982422 0.935417 0.035156 0.126389
0 0.125000 0.273611 0.068750 0.266667
58 0.042188 0.545139 0.084375 0.393056
58 0.237109 0.101389 0.075781 0.136111
