56 0.483700 0.538500 0.059800 0.137700
56 0.422700 0.799800 0.047100 0.163100
56 0.853300 0.774700 0.065800 0.125700
56 0.607500 0.888900 0.070800 0.124600
56 0.761800 0.768500 0.060100 0.120900
56 0.388800 0.479300 0.056000 0.136300
56 0.794900 0.555500 0.041800 0.138000
56 0.266400 0.825200 0.058500 0.149700
56 0.072600 0.792600 0.049200 0.134800
56 0.977000 0.584900 0.038600 0.142100
56 0.473000 0.429200 0.038200 0.065400
56 0.767038 0.610189 0.047300 0.128000
56 0.894000 0.608600 0.046600 0.146500
25 0.149900 0.588400 0.175900 0.155600
25 0.191100 0.286400 0.174400 0.130200
25 0.342200 0.649800 0.173300 0.179800
25 0.882600 0.912100 0.230000 0.168500
25 0.213200 0.425000 0.180500 0.162300
25 0.430400 0.391000 0.174000 0.269800
0 0.966400 0.242900 0.039000 0.222900
0 0.575100 0.213700 0.051300 0.227700
0 0.629700 0.221100 0.038400 0.235500
0 0.509100 0.796700 0.056500 0.265800
0 0.526300 0.703700 0.045100 0.172500
0 0.269200 0.766100 0.052400 0.120900
0 0.730900 0.893300 0.047800 0.211700
56 0.216016 0.762500 0.044531 0.116667
56 0.140234 0.882639 0.063281 0.137500
56 0.360156 0.886111 0.073437 0.138889
56 0.721875 0.513889 0.057813 0.119444
56 0.707422 0.595139 0.060156 0.115278
56 0.928125 0.655556 0.057813 0.122222
56 0.928516 0.517361 0.050781 0.065278
56 0.919531 0.818056 0.032812 0.050000
56 0.862500 0.700000 0.068750 0.125000
56 0.767969 0.700694 0.064062 0.118056
56 0.648828 0.818056 0.071094 0.147222
56 0.691406 0.937500 0.046875 0.088889
0 0.719922 0.922917 0.038281 0.151389
0 0.260156 0.566667 0.045313 0.119444
0 0.396094 0.792361 0.057813 0.184722
0 0.976953 0.764583 0.042969 0.062500
0 0.974609 0.832639 0.038281 0.065278
58 0.176563 0.817361 0.100000 0.320833
58 0.346875 0.363889 0.093750 0.308333
