chair 343 151 371 181
chair 325 90 341 126
chair 305 149 329 185
chair 155 153 175 195
chair 235 178 263 208
chair 81 152 117 198
chair 275 183 311 227
chair 179 68 199 92
chair 139 70 163 104
chair 363 103 381 141
chair 383 113 405 147
chair 383 92 409 124
chair 255 158 273 194
handbag 224 124 234 134
umbrella 35 55 113 91
umbrella 5 97 85 133
umbrella 325 176 411 234
umbrella 92 109 170 147
umbrella 135 32 205 84
umbrella 28 22 100 54
umbrella 182 202 294 240
person 399 1 415 53
person 221 0 249 47
person 191 120 219 184
person 248 2 268 49
person 212 106 232 172
person 92 215 120 239
person 88 147 110 175
chair 6 147 30 183
chair 23 174 53 214
chair 64 139 82 175
chair 122 175 154 211
chair 281 104 301 132
chair 308 105 330 137
chair 288 83 308 105
chair 409 98 415 132
chair 348 128 376 166
chair 308 130 338 160
chair 293 165 317 201
person 336 163 352 181
person 82 95 104 133
person 139 148 167 194
potted_plant 37 135 77 215
potted_plant 105 18 145 96
