chair 178 85 208 119
chair 343 152 371 182
chair 324 91 342 127
chair 304 150 330 184
chair 154 153 176 195
chair 279 189 309 225
chair 234 184 264 210
chair 84 157 110 195
chair 138 70 162 104
chair 180 68 198 92
chair 363 104 383 142
chair 118 165 154 217
chair 292 166 314 204
handbag 224 125 234 135
umbrella 5 97 85 133
umbrella 93 110 169 148
umbrella 325 177 411 235
umbrella 36 55 114 91
umbrella 29 22 101 54
umbrella 136 31 204 91
umbrella 183 202 293 240
person 399 2 415 54
person 192 121 220 185
person 224 3 246 50
person 248 2 268 49
person 212 107 232 173
person 93 215 121 239
person 88 146 110 176
chair 283 105 305 139
chair 306 108 330 136
chair 289 84 311 108
chair 382 117 402 145
chair 383 89 401 111
chair 407 100 415 134
chair 350 129 378 163
chair 311 130 339 164
chair 250 159 276 193
chair 24 173 58 215
chair 3 144 29 184
chair 64 144 86 178
person 335 164 351 180
person 139 147 169 195
person 84 96 104 138
person 405 173 415 187
person 407 157 415 167
potted_plant 35 134 77 216
potted_plant 108 17 146 97
