chair 179 89 207 123
chair 345 154 371 184
chair 235 184 265 212
chair 323 95 341 131
chair 305 152 329 186
chair 154 154 174 196
chair 275 180 313 230
chair 86 157 110 197
chair 364 105 380 141
chair 139 74 163 110
chair 281 106 303 140
chair 73 151 91 183
chair 287 87 315 121
chair 291 175 315 207
umbrella 94 114 168 152
umbrella 44 60 114 100
umbrella 8 99 88 135
umbrella 322 178 410 236
umbrella 29 25 103 57
umbrella 186 204 292 240
umbrella 134 37 210 69
person 251 1 269 54
person 224 1 246 52
person 398 5 416 57
person 194 125 218 193
person 213 117 233 171
person 328 168 344 196
person 90 218 128 238
chair 178 71 202 99
chair 29 175 63 217
chair 127 177 155 217
chair 6 146 34 186
chair 254 162 276 196
chair 349 130 371 162
chair 384 123 402 151
chair 384 94 400 110
chair 403 100 415 140
chair 303 111 337 139
chair 313 129 333 159
person 322 184 338 200
person 85 99 105 139
person 141 151 167 195
person 92 150 124 196
person 405 158 415 176
person 407 174 415 190
potted_plant 43 136 81 218
potted_plant 105 23 143 99
