chair 179 90 207 126
chair 344 155 372 185
chair 234 185 264 213
chair 155 154 177 198
chair 325 98 341 132
chair 88 164 110 202
chair 304 153 328 185
chair 179 75 199 99
chair 366 106 380 142
chair 379 120 409 156
chair 142 76 160 110
chair 386 99 402 109
chair 74 153 92 183
chair 382 177 392 187
chair 279 198 307 228
umbrella 96 115 170 161
umbrella 323 180 409 236
umbrella 43 63 115 101
umbrella 9 103 89 143
umbrella 31 26 105 58
umbrella 133 40 211 94
umbrella 188 206 290 240
person 89 219 129 239
person 222 0 248 55
person 252 0 270 57
person 397 9 415 59
person 193 129 219 195
person 213 117 231 175
person 323 169 341 201
person 91 152 125 202
chair 280 107 304 141
chair 307 112 331 142
chair 289 91 313 109
chair 403 102 415 138
chair 346 134 376 166
chair 309 134 335 162
chair 254 162 278 194
chair 293 171 317 203
chair 128 185 154 217
chair 28 180 56 214
chair 8 150 32 184
person 316 187 338 239
person 141 153 169 197
person 86 100 108 154
person 405 159 415 177
person 407 176 415 192
potted_plant 41 143 81 219
potted_plant 112 24 146 102
