chair 164 162 182 202
chair 188 97 208 131
chair 324 105 340 139
chair 234 191 264 217
chair 343 159 369 191
chair 18 158 42 192
chair 363 113 381 149
chair 88 173 112 205
chair 277 198 307 228
chair 380 183 390 191
chair 315 142 329 154
chair 134 185 160 223
chair 74 156 94 182
chair 147 85 169 115
chair 401 111 415 149
umbrella 97 121 173 163
umbrella 19 108 89 146
umbrella 323 189 413 237
umbrella 47 69 119 107
umbrella 39 37 107 67
umbrella 184 212 296 240
umbrella 139 48 209 108
person 396 18 414 68
person 225 7 247 63
person 196 138 222 202
person 253 7 269 65
person 213 128 231 178
person 91 158 125 206
person 312 177 332 207
person 89 110 107 134
chair 175 77 205 107
chair 284 116 302 144
chair 289 96 309 116
chair 309 118 327 142
chair 380 129 400 159
chair 382 105 396 117
chair 345 141 373 159
chair 305 153 331 189
chair 292 179 312 209
chair 258 168 276 198
chair 31 185 61 219
person 306 191 328 239
person 92 223 120 239
person 145 157 171 203
person 402 166 414 182
person 405 182 413 196
potted_plant 42 145 86 223
potted_plant 118 31 152 109
