chair 166 163 182 201
chair 188 97 208 131
chair 235 191 265 217
chair 324 105 340 139
chair 89 174 111 206
chair 343 159 369 191
chair 363 114 379 148
chair 384 106 400 116
chair 19 158 41 192
chair 146 86 170 116
chair 399 112 415 150
chair 278 198 308 228
chair 134 186 160 224
umbrella 98 122 174 162
umbrella 19 109 89 145
umbrella 46 70 120 106
umbrella 324 189 412 237
umbrella 39 38 107 68
umbrella 139 48 209 108
umbrella 185 212 295 240
person 227 8 247 64
person 396 18 414 68
person 253 8 269 64
person 195 139 223 203
person 212 128 230 178
person 97 158 121 194
person 312 178 330 206
person 89 110 107 134
chair 255 169 277 197
chair 292 174 312 210
chair 303 159 329 187
chair 348 144 370 172
chair 312 142 332 166
chair 282 117 304 147
chair 306 117 332 149
chair 288 99 314 123
chair 379 130 401 160
chair 180 81 204 115
chair 71 147 97 187
chair 31 182 63 224
chair 381 181 391 193
person 305 191 327 239
person 92 223 118 239
person 145 157 171 203
person 401 165 415 183
person 403 184 415 198
potted_plant 44 146 86 224
potted_plant 117 31 145 109
