chair 163 164 183 204
chair 187 100 209 134
chair 342 160 370 192
chair 325 106 339 140
chair 236 191 266 219
chair 90 172 112 210
chair 147 86 169 114
chair 19 158 41 194
chair 364 116 380 148
chair 134 185 160 225
chair 307 162 329 190
chair 400 113 414 151
chair 383 108 399 118
chair 309 118 329 146
umbrella 100 124 174 162
umbrella 19 110 89 146
umbrella 39 41 109 71
umbrella 46 71 120 113
umbrella 139 49 209 109
umbrella 324 191 412 239
umbrella 193 218 287 238
person 253 11 269 67
person 396 20 412 72
person 227 10 247 66
person 195 143 223 207
person 210 132 228 174
person 98 160 120 192
chair 254 167 278 201
chair 280 207 304 227
chair 290 179 310 207
chair 282 119 304 147
chair 287 99 307 117
chair 346 143 374 173
chair 308 140 334 168
chair 377 181 391 193
chair 181 82 203 100
chair 75 154 97 188
chair 35 185 63 217
person 302 191 324 239
person 309 178 329 210
person 90 224 120 238
person 90 109 114 137
person 147 158 175 204
person 401 166 415 184
person 402 181 414 197
potted_plant 48 146 86 226
potted_plant 117 35 153 113
