chair 163 163 183 205
chair 190 101 210 133
chair 342 161 370 193
chair 325 107 339 139
chair 362 120 380 156
chair 90 173 112 209
chair 237 191 265 219
chair 148 87 168 113
chair 20 160 42 192
chair 307 162 327 190
chair 309 122 329 152
chair 134 186 158 224
chair 400 113 414 151
chair 313 146 325 158
umbrella 19 112 91 148
umbrella 39 42 111 70
umbrella 47 73 121 115
umbrella 100 125 174 163
umbrella 323 192 413 238
umbrella 141 49 209 109
umbrella 191 219 289 239
person 253 12 269 68
person 225 10 247 66
person 396 21 412 71
person 195 145 223 209
person 210 134 228 174
person 98 161 120 191
person 90 114 108 136
chair 182 84 204 108
chair 38 183 64 221
chair 73 154 99 186
chair 280 118 304 148
chair 289 100 309 124
chair 382 107 400 123
chair 380 132 400 158
chair 348 145 366 169
chair 256 170 278 202
chair 279 206 305 226
chair 293 181 311 205
chair 380 182 388 194
person 297 195 323 239
person 309 178 327 212
person 92 224 118 238
person 146 158 172 208
person 399 168 415 186
person 402 183 414 197
potted_plant 51 148 85 226
potted_plant 117 37 155 113
