chair 190 109 212 141
chair 341 170 367 198
chair 166 171 184 209
chair 238 198 266 226
chair 95 181 119 213
chair 325 114 339 146
chair 148 95 168 121
chair 376 135 394 169
chair 132 189 164 233
chair 364 124 378 156
chair 309 127 329 159
chair 22 166 42 202
chair 400 120 414 156
chair 188 93 204 105
chair 307 169 327 195
umbrella 23 119 97 157
umbrella 105 132 177 176
umbrella 51 81 125 119
umbrella 44 51 114 79
umbrella 319 196 413 238
umbrella 143 61 213 105
umbrella 190 223 292 239
person 253 23 269 75
person 227 20 249 74
person 394 29 410 81
person 198 155 222 215
person 207 143 227 179
person 401 175 415 193
person 99 168 123 200
chair 45 190 67 226
chair 80 163 98 193
chair 284 125 304 151
chair 290 108 306 122
chair 380 116 394 128
chair 349 152 367 172
chair 377 188 389 200
chair 309 153 327 173
chair 255 177 275 199
chair 281 209 299 231
person 295 201 309 239
person 301 185 315 239
person 149 165 175 209
person 97 118 117 148
person 397 191 413 205
potted_plant 44 154 92 232
potted_plant 121 39 151 119
