chair 190 108 212 142
chair 342 171 368 199
chair 166 171 184 209
chair 238 198 266 226
chair 324 116 338 146
chair 96 179 120 215
chair 150 98 172 132
chair 307 170 327 196
chair 309 131 329 161
chair 362 128 380 162
chair 23 168 41 200
chair 400 122 414 156
chair 382 117 396 127
chair 128 182 162 232
chair 377 136 395 170
chair 314 153 326 165
umbrella 26 121 98 157
umbrella 106 132 178 176
umbrella 51 82 125 120
umbrella 320 198 414 238
umbrella 44 52 114 80
umbrella 143 61 215 107
umbrella 180 220 312 240
person 253 24 269 76
person 227 24 249 74
person 394 31 410 81
person 200 159 222 221
person 209 144 227 178
person 101 168 123 198
person 400 176 414 194
chair 42 197 70 231
chair 81 165 101 197
chair 257 179 279 211
chair 280 216 300 236
chair 282 127 304 155
chair 288 107 308 127
chair 347 152 369 176
chair 376 187 388 199
person 181 92 207 116
person 293 201 309 239
person 300 185 316 239
person 98 120 116 146
person 152 165 176 209
person 399 192 415 206
potted_plant 50 156 94 232
potted_plant 119 43 153 121
