chair 166 172 184 210
chair 191 108 213 142
chair 342 170 368 200
chair 239 199 267 227
chair 323 116 339 148
chair 304 170 328 198
chair 98 181 122 215
chair 150 99 170 131
chair 21 174 41 206
chair 309 132 329 162
chair 362 127 380 163
chair 382 118 396 128
chair 315 154 327 166
chair 399 122 413 156
chair 187 95 205 121
umbrella 25 122 97 158
umbrella 43 53 115 83
umbrella 320 198 414 238
umbrella 105 133 179 179
umbrella 50 82 124 120
umbrella 143 61 213 125
umbrella 181 218 309 240
person 227 24 249 76
person 253 25 269 77
person 394 32 410 82
person 200 159 222 221
person 210 147 228 189
person 101 169 123 197
chair 45 192 69 224
chair 137 196 161 226
chair 81 164 99 192
chair 280 125 304 153
chair 291 110 309 130
chair 375 141 395 165
chair 342 153 370 179
chair 255 176 281 204
chair 375 190 389 200
chair 281 210 295 236
person 293 203 307 239
person 298 187 314 239
person 97 121 117 149
person 151 167 175 213
person 399 176 415 190
person 400 189 412 207
potted_plant 53 158 91 234
potted_plant 119 49 157 121
