chair 189 113 213 145
chair 166 172 184 210
chair 341 170 367 200
chair 238 199 266 227
chair 304 170 328 198
chair 150 99 172 131
chair 322 117 338 149
chair 98 181 122 215
chair 20 174 40 206
chair 398 123 414 157
chair 189 96 203 110
chair 310 131 328 161
chair 362 129 380 163
umbrella 26 123 98 159
umbrella 43 53 115 83
umbrella 106 134 178 176
umbrella 320 198 414 238
umbrella 51 83 125 121
umbrella 143 61 215 125
person 394 32 410 84
person 229 24 249 78
person 254 25 268 81
person 200 160 222 222
person 209 148 227 188
person 101 169 121 197
person 295 189 313 239
chair 80 169 98 197
chair 45 195 71 227
chair 134 196 164 228
chair 288 109 312 137
chair 282 129 306 155
chair 374 143 398 171
chair 376 117 396 131
chair 376 190 388 202
chair 344 153 372 183
chair 306 154 332 182
chair 255 179 283 213
chair 278 215 296 235
person 292 203 306 239
person 99 122 117 150
person 152 168 176 212
person 398 176 414 190
person 398 192 412 206
potted_plant 53 158 93 234
potted_plant 125 51 163 123
