chair 238 200 266 228
chair 189 114 213 146
chair 165 173 185 211
chair 341 174 367 202
chair 304 175 328 205
chair 101 179 123 217
chair 323 120 339 152
chair 150 100 172 130
chair 361 128 379 164
chair 316 155 326 169
chair 259 180 275 216
chair 398 128 412 160
chair 380 120 396 130
chair 131 190 165 236
chair 22 174 40 206
umbrella 24 125 98 159
umbrella 46 56 114 84
umbrella 107 135 179 177
umbrella 320 199 414 239
umbrella 52 84 126 120
umbrella 143 62 215 124
umbrella 201 228 301 238
person 253 27 269 81
person 228 25 248 81
person 200 161 224 223
person 393 34 409 84
person 210 150 228 186
person 399 178 415 202
person 103 171 125 213
person 397 193 415 219
chair 183 95 207 117
chair 289 111 309 137
chair 281 129 301 157
chair 304 134 328 158
chair 376 143 396 171
chair 346 154 370 182
chair 377 192 389 202
chair 45 199 65 229
chair 83 165 101 193
chair 279 213 305 235
person 290 206 302 238
person 297 189 309 239
person 100 124 118 148
person 152 170 176 210
potted_plant 53 157 91 235
potted_plant 124 51 156 123
