chair 238 201 266 229
chair 189 114 213 146
chair 166 174 184 212
chair 342 175 366 203
chair 323 120 339 152
chair 101 180 123 216
chair 150 100 172 130
chair 305 173 327 205
chair 362 129 380 163
chair 380 120 396 130
chair 86 171 104 197
chair 21 175 41 205
chair 397 128 413 160
chair 314 156 326 168
chair 138 194 162 234
chair 259 181 275 217
chair 51 89 69 115
umbrella 25 125 99 159
umbrella 108 137 178 177
umbrella 47 57 115 85
umbrella 320 199 414 239
umbrella 53 87 125 127
umbrella 143 62 217 124
person 253 28 269 80
person 227 26 249 80
person 200 161 224 223
person 394 36 410 84
person 209 150 227 186
person 400 179 414 197
person 106 172 132 212
person 397 194 415 218
chair 376 144 396 170
chair 282 129 302 155
chair 307 135 331 157
chair 289 114 309 132
chair 186 98 208 116
chair 48 197 74 229
chair 346 155 368 183
chair 377 193 387 203
chair 279 213 311 239
person 289 205 303 239
person 296 191 308 239
person 98 125 118 151
person 153 170 177 212
potted_plant 55 155 93 235
potted_plant 122 50 162 122
