potted_plant 113 54 161 118
chair 190 114 212 148
chair 166 176 186 216
chair 100 180 124 218
chair 324 121 338 153
chair 238 201 266 229
chair 342 175 366 203
chair 23 175 43 207
chair 151 102 171 130
chair 304 174 328 206
chair 87 172 105 196
chair 377 121 399 143
chair 361 129 379 163
chair 133 190 165 236
chair 52 93 68 121
chair 314 157 326 169
chair 259 182 275 216
umbrella 25 126 99 160
umbrella 110 138 178 178
umbrella 320 199 414 239
umbrella 48 58 116 84
umbrella 143 63 217 123
umbrella 54 88 126 128
umbrella 205 229 299 239
person 254 30 270 82
person 228 28 250 80
person 393 37 409 85
person 200 163 224 223
person 399 180 415 198
person 397 194 415 218
person 209 151 227 185
person 110 174 132 210
chair 183 97 209 119
chair 283 130 305 158
chair 304 133 330 157
chair 289 112 309 134
chair 394 126 414 158
chair 373 143 395 171
chair 343 156 371 184
chair 47 198 71 228
chair 374 195 388 205
person 287 205 301 239
person 294 191 306 239
person 99 125 117 149
person 151 171 177 215
potted_plant 52 155 96 235
