potted_plant 111 56 161 118
chair 190 115 214 149
chair 168 177 186 215
chair 323 121 339 153
chair 102 180 124 218
chair 342 176 366 204
chair 361 131 379 161
chair 238 202 264 228
chair 152 102 172 130
chair 24 175 46 207
chair 132 189 166 237
chair 304 175 328 207
chair 377 122 399 144
umbrella 24 126 100 160
umbrella 51 60 115 86
umbrella 111 138 179 178
umbrella 321 201 413 239
umbrella 55 90 127 128
umbrella 143 65 217 123
person 254 31 270 83
person 228 31 250 81
person 393 39 409 87
person 200 165 224 227
person 209 152 227 184
person 400 199 414 217
person 398 181 414 203
person 109 174 131 210
chair 47 200 71 230
chair 86 171 104 199
chair 187 99 205 123
chair 257 183 279 215
chair 375 194 387 204
chair 310 157 330 183
chair 346 158 370 184
chair 375 145 397 173
chair 395 127 415 159
chair 281 131 305 159
chair 306 134 330 158
chair 288 113 310 141
person 282 208 302 238
person 290 191 306 239
person 101 125 119 153
person 152 172 178 214
potted_plant 52 158 94 236
