potted_plant 45 162 95 234
chair 341 177 365 207
chair 237 206 267 234
chair 166 179 186 217
chair 191 117 215 149
chair 101 191 123 221
chair 306 177 328 207
chair 324 124 338 156
chair 261 186 277 224
chair 310 141 328 169
chair 362 133 378 161
chair 314 161 326 173
chair 153 106 171 128
chair 24 180 44 214
umbrella 51 63 121 91
umbrella 26 128 104 164
umbrella 151 70 215 120
umbrella 322 202 412 240
umbrella 110 143 180 179
umbrella 58 93 130 129
person 255 36 271 86
person 228 33 250 87
person 201 171 225 231
person 393 41 409 91
person 105 175 139 221
person 397 185 413 201
person 209 157 227 183
person 283 196 305 232
person 398 199 414 225
chair 189 102 209 120
chair 282 137 306 163
chair 288 119 306 137
chair 394 133 414 161
chair 377 125 395 137
chair 375 149 395 175
chair 347 161 367 185
chair 300 194 316 228
chair 374 199 386 205
chair 140 204 166 236
chair 49 201 75 231
chair 87 173 103 201
person 281 208 297 238
person 103 128 119 150
person 154 177 178 219
potted_plant 128 59 156 129
