chair 190 121 214 153
chair 240 208 266 234
chair 167 181 187 219
chair 340 179 366 207
chair 101 190 121 222
chair 303 182 327 210
chair 323 128 337 160
chair 379 127 395 137
chair 32 181 54 213
chair 316 163 326 175
chair 261 187 277 223
chair 158 107 170 127
umbrella 54 65 118 91
umbrella 29 130 103 164
umbrella 110 143 180 179
umbrella 57 94 131 130
umbrella 149 73 217 127
umbrella 322 204 412 240
person 228 35 250 87
person 255 38 271 88
person 393 46 409 92
person 201 174 225 236
person 208 158 226 190
person 107 178 133 218
person 397 185 413 203
person 400 203 412 221
chair 187 103 209 125
chair 282 135 306 165
chair 306 139 326 163
chair 286 118 308 142
chair 393 134 413 164
chair 362 135 380 161
chair 373 149 395 177
chair 347 163 367 187
chair 298 198 316 226
chair 374 199 386 209
chair 141 203 165 235
chair 51 207 73 231
chair 89 173 105 205
person 276 211 294 239
person 287 195 301 239
person 155 178 179 220
person 103 130 123 154
potted_plant 55 161 97 237
potted_plant 121 57 161 131
