chair 191 122 215 154
chair 166 181 188 219
chair 240 208 266 234
chair 341 179 367 207
chair 100 189 122 223
chair 33 181 55 213
chair 304 178 328 208
chair 324 128 338 160
chair 316 163 326 175
chair 380 128 394 138
chair 261 188 277 222
chair 372 146 392 178
chair 49 196 75 232
chair 154 108 174 138
umbrella 54 66 120 92
umbrella 29 133 103 171
umbrella 58 94 130 130
umbrella 110 144 180 178
umbrella 149 73 217 127
umbrella 321 205 411 239
person 228 37 250 87
person 254 39 270 89
person 393 46 409 94
person 204 174 224 236
person 207 160 225 190
person 396 185 414 209
person 107 179 133 219
person 399 203 413 221
person 101 133 117 157
chair 187 104 209 126
chair 281 138 303 164
chair 290 121 308 141
chair 305 139 327 161
chair 393 135 413 163
chair 360 135 378 161
chair 344 162 366 186
chair 374 199 386 209
chair 296 198 316 226
chair 140 205 166 237
chair 87 172 107 202
person 277 212 295 238
person 286 195 300 239
person 153 178 179 220
potted_plant 55 166 97 238
potted_plant 125 59 159 131
