chair 191 122 215 156
chair 240 209 266 235
chair 340 183 366 209
chair 33 183 55 213
chair 304 184 328 212
chair 165 181 187 219
chair 101 189 121 223
chair 324 129 338 161
chair 315 164 327 176
chair 193 107 205 121
chair 260 189 274 205
umbrella 32 133 104 171
umbrella 56 67 120 93
umbrella 59 96 131 132
umbrella 321 205 411 239
umbrella 111 146 183 194
person 229 39 251 89
person 254 40 270 90
person 391 49 409 95
person 204 178 224 236
person 206 162 224 190
person 109 180 133 218
person 397 186 413 210
person 396 201 414 225
chair 50 205 74 235
chair 91 177 105 205
chair 142 210 166 238
chair 154 108 174 138
chair 297 198 315 228
chair 348 165 366 189
chair 374 152 394 180
chair 359 137 379 165
chair 375 129 393 145
chair 394 136 412 166
chair 305 144 329 166
chair 283 139 301 165
chair 291 124 307 140
chair 374 201 386 209
person 276 213 292 239
person 284 197 298 239
person 105 132 121 154
person 154 178 180 220
potted_plant 58 166 96 238
potted_plant 131 61 163 133
