chair 191 122 215 156
chair 239 209 265 235
chair 341 183 365 209
chair 167 185 187 223
chair 303 183 329 211
chair 323 128 337 162
chair 387 137 409 169
chair 33 183 53 215
chair 102 188 122 224
chair 315 165 327 177
chair 192 108 206 120
chair 260 190 274 204
umbrella 32 134 104 172
umbrella 56 67 120 93
umbrella 111 146 183 194
umbrella 59 97 131 131
umbrella 323 205 411 239
umbrella 150 75 216 105
person 229 40 251 90
person 253 41 271 91
person 391 49 409 95
person 204 180 224 236
person 205 162 225 192
person 280 201 304 239
person 398 188 412 204
person 109 180 133 218
person 396 203 414 225
chair 155 106 173 134
chair 281 139 303 167
chair 306 142 330 166
chair 287 123 307 143
chair 373 154 395 178
chair 359 137 377 169
chair 376 128 394 144
chair 345 161 369 193
chair 297 197 317 229
chair 143 211 167 239
chair 53 208 77 238
chair 90 177 106 207
chair 374 202 386 208
person 276 214 292 238
person 105 133 121 155
person 155 179 181 221
potted_plant 60 166 100 238
potted_plant 130 58 156 134
