potted_plant 48 166 100 234
chair 191 122 215 158
chair 239 210 265 236
chair 166 185 186 223
chair 341 183 365 209
chair 323 128 337 162
chair 387 137 409 169
chair 32 183 54 215
chair 101 191 123 223
chair 304 183 328 213
chair 261 189 277 221
chair 371 151 397 185
umbrella 32 134 104 172
umbrella 56 68 120 92
umbrella 110 145 184 195
umbrella 60 98 132 132
umbrella 323 205 411 239
umbrella 150 76 216 106
person 229 39 251 91
person 254 40 272 92
person 391 50 409 96
person 204 182 224 234
person 205 165 225 199
person 108 181 134 217
person 282 199 304 239
person 398 187 412 205
person 396 202 414 226
person 273 215 293 239
chair 154 109 174 133
chair 187 106 209 126
chair 283 140 303 168
chair 307 145 327 167
chair 290 123 310 141
chair 376 130 392 142
chair 359 138 381 166
chair 345 164 369 190
chair 309 165 333 189
chair 296 200 318 230
chair 374 202 384 210
chair 50 207 76 235
chair 89 181 107 207
chair 142 211 166 239
person 105 134 121 158
person 156 180 180 222
potted_plant 126 63 160 135
