potted_plant 48 176 100 238
chair 191 124 217 156
chair 169 186 187 224
chair 322 131 336 163
chair 386 137 408 171
chair 303 184 327 214
chair 341 183 365 211
chair 240 210 266 236
chair 34 183 54 215
chair 102 195 122 229
chair 146 203 172 239
chair 261 190 277 220
chair 374 150 392 184
umbrella 56 69 120 99
umbrella 34 135 104 173
umbrella 111 147 183 193
umbrella 153 78 215 128
umbrella 61 98 131 134
umbrella 324 205 410 239
person 255 42 271 94
person 230 42 252 94
person 205 181 225 241
person 393 52 409 98
person 204 166 224 196
person 111 183 133 215
person 396 202 414 228
person 280 201 304 239
person 397 189 411 205
chair 54 207 78 237
chair 92 178 108 202
chair 189 111 211 129
chair 155 112 175 134
chair 283 140 303 168
chair 306 147 328 167
chair 289 124 305 142
chair 356 140 376 172
chair 376 131 392 143
chair 348 167 368 193
chair 307 163 329 187
chair 295 201 315 231
person 273 215 291 239
person 156 181 182 223
person 105 135 121 161
potted_plant 126 63 164 139
