26 0.315600 0.522200 0.030400 0.046400
26 0.458000 0.747300 0.014800 0.032200
26 0.039200 0.567700 0.014600 0.021500
26 0.396000 0.338400 0.020200 0.038300
26 0.911100 0.667900 0.012300 0.026800
24 0.505100 0.567200 0.014200 0.031300
24 0.898600 0.190500 0.016500 0.034100
0 0.586800 0.945900 0.040600 0.110300
0 0.865100 0.335900 0.027300 0.082500
0 0.658500 0.658700 0.030600 0.108900
0 0.402000 0.695700 0.026300 0.108300
0 0.799100 0.433900 0.026600 0.112600
0 0.856300 0.111300 0.024900 0.100800
0 0.911400 0.809400 0.035100 0.113900
0 0.154100 0.746700 0.028700 0.110100
0 0.268700 0.706600 0.040200 0.112800
0 0.854100 0.605800 0.024900 0.094200
0 0.539100 0.776300 0.036100 0.116200
0 0.085900 0.463500 0.029400 0.092300
0 0.285700 0.598300 0.027700 0.116600
0 0.318600 0.755200 0.029900 0.091000
0 0.628700 0.864400 0.033400 0.117800
0 0.080600 0.316600 0.035600 0.129300
0 0.261100 0.525400 0.025400 0.109900
0 0.767400 0.446300 0.026100 0.092600
0 0.694600 0.866200 0.035100 0.126200
0 0.919700 0.418200 0.024300 0.104200
0 0.145200 0.308400 0.026200 0.103800
0 0.709100 0.433600 0.032100 0.133800
0 0.972100 0.958300 0.035700 0.078800
0 0.350300 0.618900 0.025200 0.103900
0 0.667000 0.429000 0.023500 0.111600
0 0.335500 0.824100 0.037400 0.120200
0 0.287200 0.828300 0.033800 0.118100
0 0.933600 0.289800 0.020500 0.098800
0 0.974700 0.620400 0.024700 0.084400
0 0.586000 0.038100 0.025400 0.081500
0 0.643500 0.167100 0.027200 0.094600
0 0.150200 0.960300 0.032800 0.073600
0 0.522400 0.681900 0.026300 0.098900
0 0.909700 0.710300 0.027200 0.079900
0 0.990900 0.446600 0.017300 0.128800
0 0.514100 0.103500 0.018800 0.092800
0 0.667500 0.082800 0.027100 0.097500
0 0.160200 0.432600 0.025100 0.099500
0 0.729700 0.116700 0.026300 0.102300
0 0.833100 0.967000 0.034300 0.069800
0 0.049300 0.557500 0.028000 0.092100
0 0.248400 0.165500 0.021000 0.080200
0 0.817300 0.161000 0.038100 0.105400
0 0.169500 0.255300 0.026900 0.102900
0 0.379900 0.549200 0.031900 0.136900
0 0.925100 0.648300 0.024100 0.095700
0 0.123100 0.444100 0.025600 0.113600
0 0.019100 0.149600 0.030600 0.105100
0 0.477200 0.541000 0.028200 0.092000
0 0.989700 0.958800 0.020500 0.080600
0 0.699700 0.336900 0.027300 0.093400
0 0.616100 0.446900 0.022800 0.102100
0 0.741400 0.040200 0.027000 0.082700
0 0.121700 0.239600 0.026700 0.129200
0 0.053700 0.191100 0.026900 0.101400
0 0.285700 0.980100 0.031000 0.037500
0 0.944100 0.613000 0.023900 0.107900
0 0.767700 0.829000 0.038500 0.117900
0 0.502300 0.582100 0.021600 0.105000
0 0.315900 0.457500 0.025400 0.107800
0 0.428400 0.493600 0.034300 0.132200
0 0.738200 0.336900 0.025400 0.100800
0 0.117600 0.572700 0.039000 0.134100
0 0.097400 0.972700 0.035700 0.056200
0 0.964400 0.304900 0.024300 0.106400
0 0.419100 0.321800 0.021800 0.103000
0 0.492600 0.102800 0.019800 0.092000
0 0.980700 0.443800 0.034200 0.125700
0 0.503900 0.743000 0.024100 0.100000
0 0.668800 0.524100 0.024500 0.072300
0 0.020400 0.679400 0.030900 0.089100
0 0.358100 0.367800 0.020500 0.118300
0 0.340700 0.509900 0.024200 0.083300
0 0.433400 0.183500 0.027700 0.103700
0 0.497400 0.676600 0.026200 0.078200
0 0.005300 0.463000 0.009600 0.120700
0 0.223300 0.631100 0.022700 0.080600
0 0.012500 0.760300 0.028000 0.145800
0 0.909300 0.272500 0.019800 0.075000
0 0.263000 0.447600 0.029500 0.089000
0 0.496300 0.411500 0.026800 0.127000
0 0.120300 0.160300 0.022000 0.115000
0 0.471200 0.827100 0.028400 0.150000
0 0.237500 0.259100 0.021700 0.113200
0 0.199400 0.321500 0.029500 0.087400
0 0.286200 0.243700 0.024100 0.102200
0 0.212500 0.118900 0.024600 0.107600
0 0.472800 0.098900 0.023900 0.093700
0 0.225700 0.307800 0.025200 0.093900
0 0.193100 0.191800 0.021500 0.097300
0 0.815000 0.027300 0.026100 0.058100
0 0.967100 0.432500 0.024400 0.108100
0 0.732000 0.790600 0.018000 0.072300
0 0.514000 0.705300 0.034800 0.134400
0 0.710100 0.165600 0.025100 0.119500
0 0.459400 0.359400 0.036100 0.126900
0 0.451100 0.428100 0.023000 0.093000
0 0.394900 0.354500 0.026400 0.100600
0 0.669100 0.587400 0.025800 0.075700
0 0.306700 0.088100 0.024700 0.078200
0 0.391406 0.286111 0.021875 0.044444
0 0.332812 0.197222 0.017188 0.061111
0 0.323438 0.241667 0.021875 0.058333
0 0.322656 0.313889 0.015625 0.080556
0 0.282031 0.365972 0.026563 0.076389
0 0.180469 0.386806 0.023438 0.087500
0 0.206641 0.382639 0.024219 0.090278
0 0.226172 0.418056 0.019531 0.083333
0 0.245703 0.389583 0.016406 0.054167
0 0.373828 0.151389 0.019531 0.075000
0 0.392188 0.139583 0.020312 0.087500
0 0.426953 0.090278 0.017969 0.052778
0 0.446875 0.105556 0.018750 0.061111
0 0.331641 0.134722 0.022656 0.061111
0 0.305078 0.131250 0.019531 0.043056
0 0.298828 0.181250 0.027344 0.068056
0 0.332031 0.081250 0.021875 0.048611
0 0.387109 0.053472 0.017969 0.062500
0 0.362500 0.074306 0.017188 0.065278
0 0.521484 0.196528 0.014844 0.081944
0 0.494922 0.239583 0.014844 0.076389
0 0.469141 0.225000 0.024219 0.105556
0 0.470703 0.154861 0.021094 0.062500
0 0.531250 0.283333 0.028125 0.083333
0 0.564453 0.300694 0.019531 0.081944
0 0.594922 0.309722 0.017969 0.055556
0 0.594922 0.389583 0.022656 0.081944
0 0.562891 0.379167 0.024219 0.061111
0 0.571484 0.440278 0.025781 0.061111
0 0.571875 0.496528 0.020312 0.090278
0 0.524219 0.437500 0.021875 0.091667
0 0.468359 0.602083 0.025781 0.093056
0 0.764063 0.287500 0.025000 0.105556
0 0.888281 0.191667 0.025000 0.111111
0 0.758984 0.226389 0.022656 0.075000
0 0.686328 0.217361 0.030469 0.090278
0 0.674219 0.291667 0.021875 0.086111
0 0.632422 0.287500 0.028906 0.100000
0 0.604297 0.256944 0.027344 0.077778
0 0.677734 0.169444 0.019531 0.047222
0 0.579297 0.118056 0.030469 0.069444
0 0.579687 0.165972 0.025000 0.054167
0 0.037500 0.706944 0.021875 0.091667
0 0.062500 0.752778 0.031250 0.116667
0 0.464063 0.740972 0.035937 0.093056
