26 0.924400 0.948300 0.011200 0.031900
26 0.417900 0.583500 0.011900 0.025100
1 0.039900 0.246100 0.069500 0.056700
0 0.481000 0.823300 0.031600 0.128000
0 0.496700 0.652300 0.025900 0.110000
0 0.324000 0.943300 0.024600 0.103700
0 0.615700 0.955600 0.032400 0.086600
0 0.762600 0.495800 0.026500 0.101700
0 0.932700 0.459200 0.024200 0.102000
0 0.151900 0.667400 0.025300 0.109200
0 0.101100 0.506300 0.026800 0.114200
0 0.527900 0.820700 0.029000 0.101500
0 0.617000 0.660500 0.025100 0.109600
0 0.169800 0.949300 0.030400 0.098400
0 0.824400 0.649800 0.026500 0.139700
0 0.678100 0.512500 0.024900 0.106300
0 0.887800 0.278600 0.025800 0.099200
0 0.381400 0.877000 0.022200 0.103100
0 0.506400 0.524200 0.026600 0.093100
0 0.655200 0.884300 0.027500 0.101700
0 0.293200 0.710500 0.036200 0.124000
0 0.482200 0.535900 0.024200 0.125500
0 0.683800 0.892400 0.030000 0.099000
0 0.941000 0.942700 0.026100 0.095600
0 0.056100 0.886800 0.038500 0.131800
0 0.613800 0.504600 0.021400 0.100500
0 0.128800 0.428800 0.026600 0.101100
0 0.434000 0.415700 0.022500 0.104200
0 0.260000 0.702600 0.033600 0.126100
0 0.898600 0.119100 0.022500 0.085700
0 0.836900 0.136400 0.023200 0.095800
0 0.981700 0.447800 0.027300 0.090100
0 0.024400 0.806900 0.027600 0.089500
0 0.208700 0.121400 0.024400 0.109300
0 0.056000 0.101200 0.026300 0.125800
0 0.895500 0.645400 0.037600 0.123300
0 0.871000 0.521200 0.022500 0.120500
0 0.192900 0.665300 0.022900 0.110600
0 0.136800 0.963700 0.042100 0.073500
0 0.105900 0.209400 0.029200 0.098900
0 0.769300 0.276200 0.023700 0.097900
0 0.956500 0.461400 0.026000 0.088900
0 0.009400 0.508100 0.020600 0.101600
0 0.190800 0.243000 0.026400 0.096500
0 0.848200 0.666000 0.038200 0.113000
0 0.299000 0.449200 0.025000 0.106700
0 0.881000 0.115300 0.019600 0.087800
0 0.017000 0.964300 0.031400 0.073400
0 0.074100 0.445900 0.027200 0.091200
0 0.836800 0.050200 0.021500 0.098900
0 0.402400 0.460600 0.023900 0.108800
0 0.287800 0.977900 0.029600 0.043800
0 0.764300 0.890800 0.033400 0.120000
0 0.948400 0.146500 0.021800 0.108900
0 0.894300 0.514500 0.030800 0.125900
0 0.947400 0.584200 0.038200 0.111100
0 0.861600 0.115000 0.020800 0.084200
0 0.800600 0.049900 0.020200 0.107200
0 0.727800 0.230200 0.023400 0.098800
0 0.455000 0.571400 0.024200 0.094800
0 0.321000 0.646100 0.021400 0.100600
0 0.635000 0.459300 0.024800 0.100700
0 0.166100 0.506900 0.022600 0.114000
0 0.694200 0.646800 0.025700 0.085600
0 0.367900 0.475100 0.023000 0.092100
0 0.322700 0.510300 0.027100 0.097100
0 0.902000 0.957300 0.029400 0.077000
0 0.248500 0.536000 0.030200 0.091600
0 0.041300 0.211100 0.031900 0.083000
0 0.760800 0.197600 0.022600 0.089400
0 0.685100 0.801900 0.029200 0.088800
0 0.801300 0.960100 0.029000 0.074400
0 0.052900 0.279100 0.035600 0.093900
0 0.106200 0.924100 0.035500 0.135600
0 0.253700 0.301700 0.025500 0.102600
0 0.206500 0.493700 0.040700 0.108500
0 0.033600 0.033400 0.024600 0.064200
0 0.566600 0.244500 0.021200 0.100200
0 0.329800 0.291900 0.022300 0.097500
0 0.170300 0.444600 0.024100 0.090800
0 0.722400 0.117100 0.029600 0.096600
0 0.222800 0.273200 0.022100 0.094400
0 0.981700 0.773200 0.028300 0.083400
0 0.721600 0.362300 0.022800 0.108800
0 0.809500 0.851500 0.027800 0.082500
0 0.740900 0.054100 0.025700 0.090400
0 0.908500 0.448200 0.019600 0.069600
0 0.705900 0.744800 0.025000 0.093300
0 0.993000 0.929100 0.012600 0.137500
0 0.392200 0.333000 0.023600 0.111200
0 0.119100 0.038600 0.032800 0.085600
0 0.411000 0.165700 0.023800 0.083900
0 0.322800 0.426300 0.023800 0.083000
0 0.428300 0.587600 0.024900 0.092100
0 0.600500 0.069000 0.023900 0.074300
0 0.626800 0.103700 0.024300 0.084400
0 0.349000 0.398600 0.021700 0.100900
0 0.908800 0.774300 0.025500 0.087100
0 0.183700 0.116400 0.020800 0.093100
0 0.387300 0.147200 0.028500 0.060700
0 0.072200 0.509100 0.026700 0.111700
0 0.465300 0.367200 0.021800 0.095900
0 0.833000 0.522100 0.029900 0.082800
0 0.161900 0.151600 0.028700 0.108600
0 0.475000 0.290300 0.026900 0.079100
0 0.941200 0.743700 0.021800 0.091800
0 0.806600 0.269600 0.018300 0.104400
0 0.584600 0.145900 0.023900 0.107000
0 0.260400 0.989000 0.022400 0.020000
0 0.555900 0.242100 0.017500 0.115700
0 0.489700 0.211500 0.024900 0.084800
0 0.834600 0.660200 0.032300 0.125000
0 0.387500 0.211400 0.026800 0.100400
0 0.183700 0.665800 0.019900 0.098200
0 0.617500 0.411600 0.026200 0.108700
0 0.302100 0.584500 0.021700 0.084700
0 0.511900 0.224600 0.022200 0.086100
0 0.026400 0.180500 0.024400 0.069000
0 0.650400 0.163400 0.018200 0.063800
0 0.012500 0.359028 0.025000 0.118056
0 0.117969 0.835417 0.025000 0.073611
0 0.052344 0.766667 0.018750 0.055556
0 0.067578 0.825694 0.032031 0.104167
0 0.141016 0.810417 0.028906 0.087500
0 0.348437 0.782639 0.039062 0.112500
0 0.345703 0.672222 0.025781 0.113889
0 0.128125 0.172917 0.035937 0.129167
0 0.130078 0.079167 0.033594 0.086111
0 0.214844 0.218056 0.028125 0.086111
0 0.232031 0.339583 0.026563 0.084722
0 0.248828 0.409028 0.028906 0.087500
0 0.323047 0.361806 0.025781 0.068056
0 0.301953 0.335417 0.021094 0.087500
0 0.276563 0.320833 0.028125 0.100000
0 0.301562 0.270833 0.023438 0.055556
0 0.304688 0.212500 0.031250 0.055556
0 0.330469 0.213194 0.023438 0.062500
0 0.292578 0.159722 0.028906 0.061111
0 0.267578 0.160417 0.027344 0.087500
0 0.261719 0.089583 0.012500 0.037500
0 0.280469 0.041667 0.028125 0.083333
0 0.359375 0.205556 0.023438 0.091667
0 0.307813 0.121528 0.023438 0.090278
0 0.335547 0.095139 0.016406 0.090278
0 0.365234 0.113889 0.022656 0.088889
0 0.435937 0.177083 0.021875 0.084722
0 0.450000 0.234722 0.023438 0.086111
0 0.436719 0.308333 0.029687 0.094444
0 0.366797 0.356250 0.035156 0.084722
0 0.472266 0.084028 0.021094 0.093056
0 0.501172 0.059722 0.028906 0.055556
0 0.498437 0.104861 0.028125 0.051389
0 0.492969 0.145833 0.031250 0.052778
0 0.544922 0.146528 0.033594 0.079167
0 0.526563 0.240278 0.028125 0.052778
0 0.539062 0.283333 0.021875 0.094444
0 0.498828 0.296528 0.025781 0.109722
0 0.517969 0.358333 0.028125 0.122222
0 0.555078 0.365278 0.028906 0.086111
0 0.567578 0.415972 0.027344 0.112500
0 0.579297 0.475000 0.028906 0.105556
0 0.628906 0.577778 0.042188 0.111111
0 0.606641 0.331944 0.022656 0.077778
0 0.610937 0.278472 0.031250 0.104167
0 0.642578 0.253472 0.033594 0.115278
0 0.671484 0.085417 0.032031 0.104167
0 0.671094 0.187500 0.026563 0.080556
0 0.683203 0.231250 0.027344 0.120833
0 0.717578 0.284722 0.033594 0.058333
0 0.763281 0.641667 0.025000 0.113889
0 0.762109 0.738194 0.033594 0.084722
0 0.847266 0.909028 0.033594 0.129167
0 0.887109 0.857639 0.027344 0.109722
0 0.885938 0.785417 0.029687 0.084722
0 0.958984 0.786111 0.025781 0.136111
0 0.979688 0.967361 0.034375 0.062500
0 0.973047 0.125000 0.028906 0.122222
0 0.923047 0.043056 0.038281 0.086111
0 0.980469 0.042361 0.028125 0.070833
