24 0.526400 0.646800 0.015900 0.034500
0 0.419300 0.809600 0.027300 0.104100
0 0.675800 0.738400 0.028900 0.109300
0 0.747000 0.543300 0.035400 0.120400
0 0.866500 0.470800 0.023900 0.116700
0 0.154200 0.862900 0.030200 0.098300
0 0.848800 0.043700 0.024900 0.089300
0 0.918200 0.817400 0.025900 0.108500
0 0.134000 0.329800 0.026000 0.105700
0 0.076700 0.285800 0.035400 0.129400
0 0.618600 0.696300 0.033400 0.127200
0 0.584900 0.949200 0.030500 0.097200
0 0.388400 0.665300 0.028600 0.104700
0 0.085300 0.759900 0.038500 0.114600
0 0.505800 0.525900 0.027500 0.129900
0 0.924600 0.315100 0.022700 0.122100
0 0.165600 0.332100 0.024600 0.104900
0 0.111500 0.429900 0.039100 0.115100
0 0.016700 0.161800 0.026600 0.102100
0 0.370900 0.443200 0.022500 0.105900
0 0.832500 0.246400 0.024700 0.108400
0 0.666300 0.955500 0.032100 0.089800
0 0.456400 0.946700 0.024600 0.099800
0 0.092300 0.587900 0.036000 0.104400
0 0.956600 0.522900 0.024200 0.096300
0 0.145400 0.661400 0.025300 0.099600
0 0.044400 0.205800 0.031700 0.104400
0 0.080100 0.660800 0.030500 0.081700
0 0.678000 0.524300 0.023700 0.104100
0 0.319100 0.682700 0.027500 0.100100
0 0.429000 0.395600 0.021800 0.100000
0 0.882200 0.290800 0.035700 0.113000
0 0.274900 0.615800 0.037700 0.119500
0 0.358100 0.895100 0.041500 0.131200
0 0.398500 0.641600 0.034300 0.140300
0 0.944600 0.733500 0.035700 0.141600
0 0.926800 0.695900 0.023000 0.087100
0 0.971900 0.380100 0.035900 0.088900
0 0.173500 0.153200 0.029600 0.100800
0 0.309500 0.821800 0.037900 0.140300
0 0.984300 0.585900 0.029000 0.159000
0 0.538600 0.521000 0.025800 0.104800
0 0.100000 0.831800 0.024300 0.097000
0 0.928300 0.977200 0.057600 0.048300
0 0.397700 0.440500 0.024800 0.121700
0 0.021200 0.833900 0.039400 0.124900
0 0.241700 0.090800 0.026300 0.086200
0 0.008400 0.572700 0.015700 0.104600
0 0.521800 0.664800 0.037000 0.116900
0 0.148900 0.206200 0.025800 0.100300
0 0.020500 0.894100 0.038000 0.144000
0 0.622700 0.085800 0.026600 0.093400
0 0.610400 0.552800 0.030300 0.139400
0 0.806500 0.354400 0.029200 0.096400
0 0.769700 0.067300 0.026200 0.091300
0 0.285700 0.981900 0.022300 0.035200
0 0.853800 0.256100 0.023500 0.092000
0 0.320600 0.909900 0.035100 0.124300
0 0.525800 0.821600 0.026400 0.102000
0 0.747000 0.350400 0.023600 0.095000
0 0.697700 0.304800 0.032200 0.097800
0 0.755300 0.242000 0.023400 0.119900
0 0.903400 0.917300 0.029700 0.083400
0 0.085000 0.034900 0.031700 0.074300
0 0.691500 0.899400 0.027100 0.085800
0 0.720900 0.900500 0.027500 0.080400
0 0.637900 0.258200 0.025300 0.092200
0 0.524400 0.428500 0.025200 0.112700
0 0.990600 0.600900 0.018200 0.110700
0 0.489200 0.838100 0.027400 0.091300
0 0.486100 0.271300 0.031800 0.140800
0 0.721800 0.415600 0.023000 0.083200
0 0.253100 0.514700 0.032400 0.152000
0 0.300300 0.130300 0.028300 0.099000
0 0.323900 0.508400 0.024900 0.113500
0 0.366300 0.866400 0.043800 0.104600
0 0.694700 0.116300 0.022900 0.083900
0 0.192300 0.459500 0.027600 0.097900
0 0.895400 0.182900 0.019400 0.063300
0 0.425100 0.539100 0.029400 0.073900
0 0.214900 0.253900 0.025100 0.100200
0 0.707800 0.041800 0.028700 0.090800
0 0.648800 0.027600 0.026600 0.058800
0 0.832200 0.538800 0.027100 0.073700
0 0.977000 0.524300 0.024500 0.086400
0 0.200400 0.482700 0.037500 0.135400
0 0.231800 0.321400 0.026500 0.093000
0 0.224300 0.194100 0.028400 0.078100
0 0.476100 0.610100 0.035200 0.131200
0 0.526500 0.757000 0.030700 0.087400
0 0.537400 0.042600 0.024700 0.087900
0 0.121000 0.173700 0.030700 0.145700
0 0.700700 0.912400 0.034600 0.116800
0 0.924100 0.196500 0.019200 0.086700
0 0.408500 0.618900 0.027900 0.102400
0 0.721800 0.255700 0.022500 0.093700
0 0.434500 0.259900 0.025500 0.089000
0 0.665800 0.383100 0.021100 0.080200
0 0.260100 0.990800 0.019200 0.015300
0 0.475100 0.148700 0.030700 0.070200
0 0.554700 0.402100 0.026900 0.094600
0 0.591300 0.338400 0.023000 0.094000
0 0.463000 0.416200 0.026600 0.084000
0 0.460400 0.522400 0.022500 0.083700
0 0.169300 0.463000 0.025000 0.110000
0 0.993000 0.492500 0.013900 0.114100
0 0.578700 0.523000 0.032700 0.136400
0 0.989062 0.223611 0.021875 0.100000
0 0.987500 0.045833 0.021875 0.088889
0 0.375000 0.238889 0.028125 0.100000
0 0.316406 0.251389 0.021875 0.088889
0 0.300781 0.341667 0.031250 0.088889
0 0.317187 0.402083 0.034375 0.106944
0 0.247656 0.386806 0.031250 0.070833
0 0.223047 0.409028 0.030469 0.081944
0 0.266406 0.279861 0.028125 0.106944
0 0.264453 0.192361 0.030469 0.076389
0 0.323438 0.184722 0.028125 0.088889
0 0.349219 0.157639 0.015625 0.104167
0 0.408594 0.227083 0.031250 0.104167
0 0.342578 0.104167 0.022656 0.069444
0 0.387891 0.136111 0.024219 0.069444
0 0.371094 0.163889 0.026563 0.069444
0 0.496484 0.095139 0.027344 0.079167
0 0.505859 0.172917 0.022656 0.087500
0 0.535156 0.222222 0.028125 0.102778
0 0.530078 0.323611 0.030469 0.097222
0 0.561328 0.304167 0.033594 0.113889
0 0.575781 0.245139 0.026563 0.084722
0 0.581250 0.189583 0.025000 0.098611
0 0.621484 0.168056 0.033594 0.116667
0 0.651953 0.198611 0.028906 0.097222
0 0.665625 0.159028 0.029687 0.087500
0 0.481250 0.061111 0.028125 0.080556
0 0.446094 0.056250 0.026563 0.087500
0 0.307813 0.075694 0.028125 0.073611
0 0.336719 0.073611 0.028125 0.072222
0 0.201953 0.080556 0.032031 0.108333
0 0.638672 0.397222 0.028906 0.119444
0 0.608203 0.408333 0.022656 0.063889
0 0.612891 0.461111 0.028906 0.061111
0 0.643359 0.322917 0.035156 0.076389
