26 0.681900 0.508200 0.016400 0.031800
26 0.915400 0.815900 0.014100 0.019900
26 0.331800 0.412600 0.014500 0.031700
26 0.449500 0.932500 0.016500 0.029200
26 0.697300 0.885500 0.019500 0.031500
26 0.458000 0.928600 0.017200 0.029800
26 0.740000 0.559200 0.017300 0.035400
24 0.388100 0.649500 0.026500 0.077100
0 0.417600 0.802600 0.027000 0.094400
0 0.583100 0.945800 0.039600 0.106000
0 0.133200 0.335000 0.024900 0.101500
0 0.616200 0.708400 0.032500 0.128900
0 0.091400 0.584800 0.041700 0.111600
0 0.849800 0.043600 0.025100 0.087600
0 0.276700 0.612300 0.037500 0.115000
0 0.315600 0.680000 0.028100 0.105100
0 0.456600 0.941100 0.026100 0.097600
0 0.664900 0.950200 0.036200 0.110100
0 0.398100 0.433000 0.023900 0.130900
0 0.770200 0.057100 0.021700 0.096500
0 0.081400 0.755100 0.034500 0.117600
0 0.154000 0.863400 0.036200 0.125500
0 0.674900 0.735100 0.036400 0.113400
0 0.073200 0.276400 0.036900 0.125100
0 0.143900 0.659900 0.025900 0.098500
0 0.307000 0.819800 0.036000 0.147500
0 0.164300 0.336700 0.024600 0.093800
0 0.553200 0.396100 0.027100 0.115300
0 0.173800 0.163000 0.027600 0.104000
0 0.403600 0.613900 0.027500 0.110800
0 0.831500 0.242900 0.023400 0.102900
0 0.107900 0.427200 0.039700 0.126700
0 0.957700 0.521500 0.020600 0.095900
0 0.536600 0.519300 0.026100 0.109600
0 0.866900 0.478000 0.023700 0.106600
0 0.241600 0.098500 0.025600 0.093900
0 0.741000 0.527500 0.027900 0.092300
0 0.757100 0.243800 0.023500 0.125300
0 0.370900 0.440600 0.024400 0.114800
0 0.917800 0.806400 0.024900 0.089500
0 0.042200 0.199700 0.031300 0.103800
0 0.387600 0.661400 0.026500 0.113700
0 0.903600 0.914700 0.028200 0.084300
0 0.149200 0.210200 0.027300 0.098600
0 0.928800 0.692700 0.024000 0.092100
0 0.722400 0.898600 0.027200 0.095900
0 0.925700 0.320200 0.026300 0.110000
0 0.232500 0.320500 0.026300 0.093900
0 0.075700 0.650800 0.027100 0.081600
0 0.350600 0.901400 0.024000 0.131600
0 0.083900 0.034600 0.033400 0.073300
0 0.717600 0.414700 0.022600 0.095900
0 0.695100 0.899900 0.025200 0.100100
0 0.009500 0.569800 0.017000 0.088700
0 0.677400 0.507100 0.024700 0.080500
0 0.884100 0.266700 0.031000 0.142600
0 0.612100 0.547100 0.030000 0.135900
0 0.424500 0.539900 0.031700 0.079900
0 0.121800 0.171600 0.031100 0.132700
0 0.697300 0.304600 0.031600 0.099100
0 0.285200 0.982000 0.022000 0.035300
0 0.461300 0.509300 0.024600 0.080600
0 0.824700 0.536400 0.022900 0.101800
0 0.462400 0.417100 0.027200 0.094200
0 0.753200 0.351900 0.026800 0.084100
0 0.018600 0.829400 0.035300 0.129000
0 0.213600 0.244100 0.026000 0.094300
0 0.224500 0.196600 0.025600 0.098500
0 0.270200 0.277100 0.021600 0.110600
0 0.504700 0.521500 0.026700 0.106300
0 0.524900 0.819100 0.025900 0.118000
0 0.716300 0.258900 0.027400 0.093000
0 0.170200 0.461100 0.021000 0.118600
0 0.577000 0.522400 0.033000 0.144000
0 0.536100 0.042800 0.027900 0.088200
0 0.192200 0.461200 0.024700 0.106700
0 0.364900 0.863300 0.038100 0.119400
0 0.804300 0.351300 0.027600 0.101100
0 0.971600 0.369200 0.037700 0.083300
0 0.943800 0.711100 0.038500 0.132200
0 0.991600 0.588400 0.015600 0.119100
0 0.896400 0.194200 0.020700 0.071300
0 0.708400 0.040700 0.028000 0.086600
0 0.621300 0.084000 0.024300 0.096300
0 0.493500 0.414500 0.027700 0.086100
0 0.018700 0.161500 0.026800 0.103100
0 0.924300 0.207900 0.021800 0.105400
0 0.522700 0.417400 0.026400 0.095800
0 0.099100 0.832200 0.027100 0.096600
0 0.425800 0.397200 0.022000 0.104800
0 0.253500 0.516000 0.033700 0.141100
0 0.482200 0.265300 0.035400 0.133900
0 0.488300 0.835700 0.023900 0.084000
0 0.854300 0.270100 0.023000 0.091400
0 0.434800 0.258700 0.026900 0.095400
0 0.314900 0.902000 0.021700 0.109500
0 0.260600 0.990800 0.019600 0.015600
0 0.490600 0.484000 0.030200 0.128800
0 0.464800 0.039600 0.020200 0.073500
0 0.231300 0.454900 0.038600 0.154400
0 0.770000 0.725500 0.027000 0.051200
0 0.696600 0.118800 0.024700 0.099200
0 0.524600 0.773300 0.038400 0.129000
0 0.524000 0.661500 0.020000 0.131100
0 0.211300 0.508200 0.024500 0.114800
0 0.528500 0.336500 0.022900 0.092300
0 0.268200 0.991100 0.018200 0.016500
0 0.918400 0.979000 0.035900 0.040600
0 0.017200 0.944800 0.027100 0.092400
0 0.247900 0.399800 0.026000 0.091400
0 0.462800 0.604900 0.042800 0.127100
0 0.201500 0.057000 0.028900 0.088500
0 0.010400 0.819200 0.019400 0.106900
0 0.596000 0.349000 0.022500 0.099800
0 0.978600 0.522200 0.023600 0.092900
0 0.020000 0.891600 0.036900 0.147700
0 0.991100 0.383700 0.015500 0.100600
0 0.072700 0.759000 0.022200 0.091000
0 0.564453 0.310417 0.028906 0.118056
0 0.582812 0.197222 0.029687 0.100000
0 0.303516 0.352778 0.028906 0.091667
0 0.317969 0.250000 0.035937 0.091667
0 0.325781 0.184722 0.031250 0.088889
0 0.375000 0.236111 0.028125 0.102778
0 0.407813 0.224306 0.026563 0.106944
0 0.300000 0.125000 0.031250 0.100000
0 0.498047 0.104167 0.032031 0.088889
0 0.540625 0.151389 0.028125 0.072222
0 0.535156 0.231250 0.031250 0.093056
0 0.512109 0.187500 0.027344 0.094444
0 0.449609 0.177083 0.021094 0.090278
0 0.471094 0.147917 0.025000 0.079167
0 0.439844 0.134028 0.028125 0.098611
0 0.451172 0.095139 0.019531 0.073611
0 0.373437 0.154167 0.018750 0.072222
0 0.352344 0.159028 0.026563 0.098611
0 0.387891 0.130556 0.021094 0.075000
0 0.333594 0.068750 0.023438 0.062500
0 0.308594 0.063194 0.025000 0.056944
0 0.988281 0.215278 0.023438 0.102778
0 0.611719 0.429167 0.029687 0.080556
0 0.618359 0.470139 0.035156 0.070833
0 0.637500 0.395833 0.028125 0.122222
0 0.666016 0.370139 0.030469 0.109722
0 0.637891 0.324306 0.033594 0.101389
0 0.637109 0.247222 0.036719 0.113889
0 0.653906 0.196528 0.028125 0.109722
0 0.664453 0.155556 0.025781 0.091667
0 0.619922 0.157639 0.030469 0.087500
