26 0.662900 0.337200 0.013600 0.030200
26 0.340500 0.573900 0.015500 0.032900
26 0.724700 0.665900 0.016700 0.029300
24 0.273500 0.756400 0.017900 0.039800
0 0.868200 0.417900 0.026500 0.088200
0 0.314700 0.773600 0.032700 0.115400
0 0.888000 0.643700 0.031200 0.125600
0 0.364900 0.727400 0.023500 0.126100
0 0.927800 0.579000 0.037200 0.112300
0 0.848800 0.740900 0.026500 0.110900
0 0.274200 0.771600 0.031500 0.117200
0 0.909600 0.519400 0.020700 0.144700
0 0.863100 0.177800 0.026000 0.085400
0 0.962700 0.541400 0.026800 0.101900
0 0.122100 0.711900 0.039600 0.066200
0 0.755100 0.403100 0.026500 0.099800
0 0.697200 0.770500 0.036100 0.112600
0 0.471700 0.772700 0.028800 0.159300
0 0.697900 0.347700 0.025100 0.128800
0 0.088400 0.534300 0.026100 0.097200
0 0.054800 0.621200 0.027400 0.126500
0 0.518700 0.617900 0.027800 0.104300
0 0.286300 0.648400 0.032000 0.092000
0 0.558700 0.955800 0.030700 0.094400
0 0.516200 0.944300 0.041400 0.113000
0 0.122100 0.326800 0.034100 0.124200
0 0.395600 0.588800 0.026900 0.096400
0 0.941800 0.368500 0.021700 0.096000
0 0.665400 0.599000 0.025900 0.094800
0 0.576100 0.084500 0.022400 0.101700
0 0.034400 0.464200 0.030800 0.096500
0 0.035400 0.777300 0.038000 0.113100
0 0.915600 0.712000 0.033400 0.133600
0 0.919600 0.924000 0.036600 0.122300
0 0.987800 0.550900 0.021100 0.093900
0 0.239700 0.615400 0.034200 0.118600
0 0.763100 0.539400 0.036400 0.115100
0 0.042500 0.115100 0.026800 0.107100
0 0.439800 0.540800 0.026400 0.099700
0 0.860800 0.911600 0.031500 0.151000
0 0.120300 0.916800 0.038700 0.140700
0 0.076300 0.370600 0.028000 0.095800
0 0.649800 0.864700 0.026200 0.117300
0 0.798000 0.758800 0.034200 0.125200
0 0.660700 0.787000 0.026800 0.085300
0 0.482200 0.665400 0.026900 0.091500
0 0.820100 0.057800 0.019700 0.103300
0 0.076200 0.214900 0.038400 0.116800
0 0.326900 0.569000 0.033200 0.133000
0 0.168000 0.542800 0.034700 0.124700
0 0.073700 0.913200 0.027700 0.097100
0 0.768800 0.350600 0.023300 0.098500
0 0.040300 0.681100 0.031000 0.100300
0 0.982500 0.869100 0.028300 0.091900
0 0.614200 0.537400 0.022900 0.103600
0 0.955100 0.886600 0.038200 0.112600
0 0.792800 0.085200 0.026500 0.104800
0 0.805000 0.960500 0.029100 0.077600
0 0.911500 0.116200 0.026600 0.078900
0 0.012400 0.649000 0.023300 0.108400
0 0.058100 0.509500 0.029300 0.101200
0 0.766500 0.738700 0.037100 0.119300
0 0.285500 0.978500 0.028000 0.040600
0 0.776300 0.943500 0.026300 0.103800
0 0.648500 0.978400 0.036200 0.041200
0 0.165700 0.348200 0.026500 0.109500
0 0.176300 0.255300 0.029800 0.103000
0 0.648100 0.089600 0.025400 0.088500
0 0.493600 0.617200 0.025800 0.094200
0 0.448100 0.692200 0.023100 0.088900
0 0.409700 0.443200 0.026600 0.101800
0 0.378000 0.462400 0.029000 0.113100
0 0.870300 0.042600 0.020400 0.082900
0 0.981300 0.369500 0.021500 0.108100
0 0.012900 0.191200 0.023400 0.098100
0 0.259700 0.989200 0.020800 0.021200
0 0.902900 0.411700 0.020200 0.113900
0 0.653800 0.339000 0.021000 0.090100
0 0.392300 0.228200 0.023000 0.062800
0 0.355400 0.494000 0.027700 0.097900
0 0.013800 0.086200 0.025900 0.084900
0 0.989500 0.368700 0.018900 0.097600
0 0.463800 0.508000 0.024200 0.090500
0 0.706700 0.940900 0.029100 0.085500
0 0.612800 0.475500 0.025900 0.096900
0 0.306600 0.147900 0.024400 0.081700
0 0.914600 0.351900 0.022900 0.073400
0 0.721700 0.679300 0.026400 0.092200
0 0.542800 0.073000 0.026100 0.095800
0 0.268300 0.524100 0.026800 0.101900
0 0.488100 0.381900 0.025400 0.114200
0 0.846500 0.041200 0.021600 0.086500
0 0.199900 0.242400 0.026900 0.092700
0 0.412400 0.258400 0.022700 0.088200
0 0.570100 0.322300 0.026800 0.100800
0 0.211200 0.320200 0.022600 0.094400
0 0.472800 0.457600 0.027200 0.083100
0 0.357700 0.727600 0.021200 0.087400
0 0.534300 0.174800 0.021500 0.098900
0 0.319700 0.070600 0.024400 0.088800
0 0.245000 0.774900 0.024100 0.106600
0 0.893800 0.038600 0.020000 0.085100
0 0.371600 0.133400 0.025800 0.094600
0 0.539100 0.335000 0.023800 0.094300
0 0.283200 0.354200 0.027100 0.097500
0 0.261000 0.149800 0.018900 0.074600
0 0.143700 0.027700 0.026900 0.053200
0 0.618100 0.351200 0.021500 0.089900
0 0.930900 0.972300 0.033100 0.054100
0 0.190500 0.322600 0.024500 0.097700
0 0.392500 0.290300 0.024700 0.102700
0 0.758700 0.179100 0.021600 0.085300
0 0.745500 0.114300 0.025400 0.092100
0 0.674200 0.102300 0.022900 0.057900
0 0.245300 0.445100 0.026100 0.094200
0 0.066200 0.479400 0.023500 0.067200
0 0.330400 0.211500 0.025000 0.092700
0 0.362100 0.290200 0.028000 0.089900
0 0.433300 0.100200 0.024700 0.096800
0 0.676200 0.027700 0.026300 0.064100
0 0.277500 0.192800 0.026800 0.118800
0 0.550100 0.273400 0.021600 0.081800
0 0.736800 0.210900 0.026600 0.089100
0 0.466797 0.157639 0.025781 0.090278
0 0.457422 0.104167 0.025781 0.055556
0 0.488672 0.075694 0.027344 0.070833
0 0.466016 0.045833 0.025781 0.072222
0 0.220703 0.188889 0.022656 0.072222
0 0.198437 0.177083 0.026563 0.062500
0 0.441016 0.393750 0.025781 0.079167
0 0.321875 0.322222 0.026563 0.063889
0 0.319531 0.396528 0.015625 0.068056
0 0.331250 0.277083 0.028125 0.073611
0 0.306250 0.245833 0.023438 0.072222
0 0.489062 0.154167 0.025000 0.061111
0 0.510547 0.200000 0.021094 0.072222
0 0.516406 0.143056 0.017188 0.050000
0 0.778516 0.245833 0.022656 0.100000
0 0.717578 0.256944 0.010156 0.066667
0 0.709766 0.197917 0.013281 0.062500
0 0.683984 0.257639 0.017969 0.054167
0 0.150000 0.391667 0.029687 0.127778
0 0.141016 0.526389 0.027344 0.108333
0 0.290234 0.453472 0.024219 0.073611
0 0.305078 0.539583 0.019531 0.090278
0 0.222656 0.352778 0.014062 0.091667
0 0.255469 0.364583 0.021875 0.081944
0 0.193359 0.090972 0.024219 0.095833
0 0.546875 0.440972 0.023438 0.123611
0 0.512891 0.370139 0.025781 0.079167
0 0.501562 0.311806 0.028125 0.073611
0 0.436328 0.329167 0.021094 0.055556
0 0.446875 0.266667 0.028125 0.075000
0 0.471094 0.243056 0.026563 0.097222
0 0.621094 0.190972 0.018750 0.093056
0 0.590625 0.234028 0.025000 0.054167
0 0.589453 0.170139 0.027344 0.062500
0 0.644531 0.172222 0.026563 0.086111
0 0.675391 0.159722 0.032031 0.100000
0 0.957031 0.222222 0.025000 0.100000
0 0.984375 0.163889 0.023438 0.108333
