26 0.426500 0.601200 0.016600 0.030500
26 0.316000 0.910400 0.014600 0.034600
26 0.182500 0.957400 0.012000 0.021000
0 0.762400 0.488200 0.026200 0.100300
0 0.885200 0.269700 0.024500 0.121400
0 0.492100 0.664600 0.024200 0.091400
0 0.151300 0.650300 0.025000 0.113900
0 0.296700 0.715800 0.038200 0.125900
0 0.833500 0.128700 0.022400 0.104100
0 0.460800 0.586200 0.023800 0.103500
0 0.307400 0.923900 0.031100 0.128600
0 0.897700 0.630300 0.022700 0.136900
0 0.507900 0.539700 0.024900 0.104400
0 0.945000 0.955400 0.030300 0.084800
0 0.870600 0.504700 0.026300 0.116000
0 0.944000 0.610700 0.034800 0.124600
0 0.261500 0.714100 0.032900 0.123900
0 0.617600 0.644600 0.022500 0.103700
0 0.165100 0.166000 0.025300 0.109200
0 0.099400 0.542200 0.029500 0.115100
0 0.192100 0.258200 0.025600 0.106200
0 0.629000 0.966900 0.034600 0.066600
0 0.896100 0.105200 0.021800 0.086300
0 0.677800 0.527500 0.027500 0.092300
0 0.170000 0.958800 0.029700 0.083000
0 0.137800 0.182000 0.030200 0.114400
0 0.856000 0.115100 0.023000 0.097600
0 0.682500 0.254600 0.034200 0.134500
0 0.425600 0.603900 0.024500 0.083200
0 0.722700 0.133900 0.027700 0.105500
0 0.036900 0.037200 0.027100 0.081300
0 0.539000 0.856200 0.031800 0.131000
0 0.956400 0.790700 0.025400 0.096600
0 0.058700 0.114800 0.028800 0.119100
0 0.819600 0.666400 0.022400 0.115500
0 0.682100 0.912400 0.027100 0.090100
0 0.482800 0.551500 0.022900 0.112600
0 0.058300 0.289400 0.030800 0.107700
0 0.078000 0.857800 0.043400 0.145100
0 0.097300 0.210200 0.043100 0.104300
0 0.392500 0.351700 0.023800 0.126300
0 0.285600 0.977800 0.033700 0.043900
0 0.654200 0.900400 0.025200 0.090600
0 0.340700 0.647500 0.024700 0.093400
0 0.364500 0.771400 0.022600 0.088300
0 0.252200 0.163900 0.024800 0.105000
0 0.803800 0.039500 0.022300 0.084400
0 0.581800 0.129900 0.026600 0.091900
0 0.949900 0.730800 0.025600 0.081200
0 0.791700 0.963600 0.037800 0.070200
0 0.007800 0.038100 0.017200 0.082400
0 0.803400 0.261100 0.020500 0.104500
0 0.210700 0.135600 0.024400 0.104000
0 0.274100 0.148400 0.026400 0.115100
0 0.910600 0.446700 0.023900 0.090600
0 0.481300 0.837200 0.026000 0.099400
0 0.207400 0.506600 0.039900 0.111000
0 0.896800 0.496300 0.022600 0.103500
0 0.695900 0.647600 0.032000 0.081000
0 0.627800 0.566400 0.026600 0.095500
0 0.762700 0.259700 0.026800 0.095500
0 0.945400 0.462900 0.033600 0.133500
0 0.069500 0.526100 0.027700 0.102800
0 0.072900 0.459500 0.024800 0.086900
0 0.316900 0.632100 0.021900 0.114100
0 0.907400 0.800300 0.027000 0.097300
0 0.127800 0.822800 0.024500 0.122300
0 0.805800 0.867700 0.023400 0.088700
0 0.979100 0.464200 0.026600 0.096900
0 0.372300 0.489300 0.022700 0.101000
0 0.129500 0.412300 0.026600 0.093000
0 0.840600 0.880000 0.022800 0.080800
0 0.981200 0.787500 0.024900 0.090900
0 0.934900 0.446200 0.023800 0.093300
0 0.610000 0.110200 0.033400 0.122900
0 0.633500 0.433900 0.026800 0.101400
0 0.256200 0.549400 0.043800 0.091300
0 0.378800 0.863800 0.022300 0.126600
0 0.770800 0.033300 0.021700 0.064500
0 0.355300 0.417700 0.035600 0.123900
0 0.910100 0.961700 0.032400 0.076100
0 0.132300 0.069800 0.025600 0.086200
0 0.684900 0.819400 0.030100 0.092800
0 0.885300 0.832300 0.029400 0.154200
0 0.385400 0.214000 0.025500 0.098100
0 0.302200 0.322400 0.023000 0.099100
0 0.878600 0.116600 0.017000 0.089800
0 0.019600 0.382700 0.027400 0.100300
0 0.543800 0.145700 0.022000 0.089200
0 0.651700 0.164000 0.022000 0.078400
0 0.620100 0.115800 0.021000 0.102200
0 0.994200 0.303900 0.011100 0.125800
0 0.412000 0.179400 0.025100 0.090600
0 0.737000 0.050900 0.022200 0.097600
0 0.474800 0.100500 0.022200 0.094300
0 0.011600 0.181800 0.021700 0.083500
0 0.113300 0.946700 0.027700 0.096000
0 0.277200 0.301200 0.023200 0.084100
0 0.831200 0.040300 0.020100 0.090000
0 0.357200 0.223900 0.021400 0.095800
0 0.053100 0.892800 0.043100 0.130600
0 0.979700 0.977100 0.038500 0.044100
0 0.309600 0.116500 0.026900 0.091300
0 0.759600 0.741700 0.028300 0.078400
0 0.224900 0.285100 0.023000 0.084600
0 0.838400 0.696200 0.029700 0.093000
0 0.617800 0.384300 0.025400 0.087400
0 0.994200 0.897200 0.010900 0.133300
0 0.520600 0.034300 0.025000 0.068000
0 0.318600 0.412500 0.024100 0.098300
0 0.439500 0.442900 0.016300 0.100900
0 0.283300 0.035100 0.022500 0.081600
0 0.367500 0.382900 0.027700 0.092600
0 0.012109 0.545833 0.024219 0.113889
0 0.027734 0.219444 0.027344 0.108333
1 0.033984 0.245139 0.067969 0.062500
0 0.188672 0.120833 0.033594 0.100000
0 0.212500 0.226389 0.021875 0.083333
0 0.322656 0.348611 0.023438 0.055556
0 0.232812 0.350694 0.021875 0.076389
0 0.252734 0.434722 0.028906 0.111111
0 0.253125 0.318056 0.028125 0.122222
0 0.244141 0.250000 0.019531 0.063889
0 0.175391 0.414583 0.032031 0.062500
0 0.167187 0.484722 0.023438 0.094444
0 0.187109 0.662500 0.030469 0.130556
0 0.139453 0.969444 0.025781 0.058333
0 0.027344 0.818750 0.032812 0.112500
0 0.056250 0.788194 0.020312 0.068056
0 0.303516 0.562500 0.032031 0.080556
0 0.321484 0.503472 0.025781 0.109722
0 0.294531 0.431944 0.034375 0.097222
0 0.303906 0.254861 0.023438 0.059722
0 0.328906 0.272917 0.025000 0.087500
0 0.333594 0.207639 0.023438 0.051389
0 0.307813 0.195833 0.023438 0.058333
0 0.336719 0.090278 0.021875 0.075000
0 0.351172 0.136111 0.033594 0.086111
0 0.358594 0.037500 0.023438 0.072222
0 0.382812 0.040278 0.029687 0.080556
0 0.389453 0.140278 0.030469 0.052778
0 0.404297 0.425694 0.022656 0.031944
0 0.410156 0.490972 0.028125 0.112500
0 0.462891 0.382639 0.022656 0.106944
0 0.440234 0.327778 0.028906 0.086111
0 0.447656 0.253472 0.026563 0.101389
0 0.477734 0.311111 0.025781 0.111111
0 0.439844 0.182639 0.026563 0.062500
0 0.483984 0.029167 0.022656 0.058333
0 0.493359 0.074306 0.021094 0.048611
0 0.498047 0.126389 0.027344 0.069444
0 0.490234 0.206944 0.027344 0.052778
0 0.510938 0.225694 0.017188 0.068056
0 0.524219 0.237500 0.015625 0.041667
0 0.538672 0.275694 0.021094 0.056944
0 0.521875 0.364583 0.028125 0.109722
0 0.507812 0.300694 0.026563 0.084722
0 0.558594 0.340278 0.021875 0.069444
0 0.571875 0.411806 0.021875 0.109722
0 0.580469 0.451389 0.018750 0.102778
0 0.608203 0.479167 0.025781 0.097222
0 0.606641 0.319444 0.024219 0.072222
0 0.609375 0.252778 0.034375 0.066667
0 0.643750 0.261111 0.029687 0.100000
0 0.677344 0.178472 0.021875 0.051389
0 0.676953 0.095139 0.027344 0.101389
0 0.676172 0.034722 0.019531 0.063889
0 0.762500 0.168056 0.035937 0.086111
0 0.735547 0.240972 0.028906 0.095833
0 0.719531 0.279167 0.021875 0.077778
0 0.723047 0.352083 0.027344 0.112500
0 0.780078 0.906944 0.036719 0.108333
0 0.844141 0.539583 0.042969 0.156944
0 0.950000 0.127778 0.025000 0.111111
0 0.973047 0.161111 0.036719 0.122222
0 0.979297 0.065278 0.024219 0.086111
0 0.920703 0.043056 0.033594 0.083333
0 0.694141 0.693750 0.036719 0.059722
0 0.703125 0.749306 0.032812 0.093056
0 0.762500 0.624306 0.029687 0.081944
