26 0.444000 0.667800 0.014600 0.031400
26 0.355800 0.728000 0.015700 0.038900
26 0.675900 0.585400 0.012100 0.021800
26 0.339400 0.581300 0.015300 0.028600
26 0.917300 0.105800 0.016000 0.038700
26 0.650300 0.836600 0.026200 0.052900
24 0.803400 0.728800 0.027900 0.060000
24 0.275800 0.760400 0.025200 0.075400
0 0.393300 0.582100 0.026600 0.106600
0 0.511400 0.934600 0.037900 0.125900
0 0.864100 0.182600 0.026700 0.089100
0 0.869300 0.419100 0.026400 0.087200
0 0.056400 0.621600 0.027200 0.133100
0 0.557100 0.948100 0.029400 0.117200
0 0.910000 0.519800 0.022200 0.132600
0 0.754700 0.409400 0.027000 0.100600
0 0.696600 0.338700 0.026100 0.124400
0 0.038600 0.785000 0.049700 0.108800
0 0.928200 0.574300 0.038900 0.120600
0 0.460600 0.802900 0.023700 0.128800
0 0.697300 0.764100 0.034800 0.120200
0 0.314800 0.771500 0.032400 0.119700
0 0.085100 0.527800 0.026900 0.108000
0 0.042200 0.102200 0.026600 0.115500
0 0.761000 0.547000 0.036200 0.110300
0 0.988200 0.541700 0.022200 0.099200
0 0.667200 0.589400 0.027800 0.093300
0 0.918200 0.918700 0.034900 0.127100
0 0.941600 0.371600 0.024000 0.096500
0 0.820200 0.067100 0.022000 0.122300
0 0.965300 0.537400 0.027200 0.106900
0 0.364200 0.737400 0.034600 0.117800
0 0.076500 0.212900 0.036400 0.127200
0 0.464000 0.506300 0.024300 0.104300
0 0.122000 0.328400 0.035300 0.113200
0 0.119600 0.899300 0.044400 0.115900
0 0.121500 0.709400 0.033600 0.071200
0 0.865200 0.896800 0.035200 0.122400
0 0.663100 0.777200 0.028700 0.092400
0 0.447100 0.682700 0.023900 0.088100
0 0.902200 0.417100 0.024400 0.114200
0 0.482200 0.660700 0.027000 0.092000
0 0.912900 0.705200 0.034400 0.125000
0 0.076300 0.365100 0.025600 0.094000
0 0.681300 0.982000 0.035100 0.038000
0 0.885300 0.633500 0.031000 0.130400
0 0.472500 0.764700 0.032600 0.143700
0 0.574900 0.085300 0.023800 0.094800
0 0.272300 0.772600 0.031300 0.122200
0 0.959500 0.882900 0.023800 0.140600
0 0.701000 0.929700 0.026500 0.090600
0 0.174200 0.244600 0.030900 0.105000
0 0.725600 0.692600 0.023800 0.097600
0 0.013300 0.083200 0.025600 0.090600
0 0.237900 0.603700 0.028400 0.105100
0 0.792500 0.074900 0.028900 0.092900
0 0.798800 0.743800 0.038900 0.121700
0 0.988900 0.365500 0.019900 0.098000
0 0.613500 0.476800 0.028400 0.093900
0 0.514100 0.612700 0.036000 0.111900
0 0.017800 0.190600 0.027800 0.095800
0 0.022100 0.648200 0.040200 0.120700
0 0.368500 0.133000 0.023900 0.109900
0 0.286500 0.977400 0.027500 0.042900
0 0.991100 0.709000 0.016400 0.136000
0 0.928500 0.964200 0.029800 0.063400
0 0.034100 0.459600 0.031500 0.088400
0 0.767700 0.337400 0.021900 0.084700
0 0.493000 0.615000 0.023300 0.106700
0 0.649200 0.088900 0.025300 0.087000
0 0.615600 0.540400 0.022700 0.093300
0 0.771400 0.768800 0.037300 0.186600
0 0.408700 0.429500 0.030200 0.109300
0 0.914500 0.353900 0.022100 0.067500
0 0.912800 0.114700 0.023400 0.088700
0 0.392300 0.289200 0.027800 0.112200
0 0.411000 0.242200 0.018700 0.087200
0 0.893000 0.041700 0.022400 0.089500
0 0.870400 0.041500 0.020300 0.088900
0 0.487200 0.369500 0.029100 0.092800
0 0.473200 0.447200 0.028700 0.084000
0 0.744100 0.117700 0.024400 0.092300
0 0.618100 0.363900 0.024300 0.109400
0 0.053100 0.507300 0.030500 0.095700
0 0.165700 0.350300 0.026600 0.121000
0 0.443500 0.294500 0.033700 0.131300
0 0.254600 0.775000 0.020900 0.096100
0 0.648300 0.975200 0.035000 0.046500
0 0.260500 0.989500 0.021800 0.020000
0 0.238100 0.774200 0.035500 0.124600
0 0.284700 0.366900 0.025400 0.109900
0 0.432600 0.098200 0.024800 0.100300
0 0.325800 0.575900 0.032500 0.139600
0 0.189900 0.320200 0.026300 0.094200
0 0.143800 0.035100 0.020600 0.077800
0 0.443900 0.397500 0.032000 0.089900
0 0.847000 0.037600 0.023000 0.074400
0 0.167300 0.545700 0.041500 0.112000
0 0.320000 0.072300 0.025000 0.088400
0 0.355300 0.494300 0.026900 0.101200
0 0.543300 0.080600 0.025300 0.103300
0 0.212100 0.316900 0.020800 0.103200
0 0.284500 0.645200 0.032200 0.082200
0 0.698600 0.648300 0.046200 0.112200
0 0.135800 0.961900 0.030900 0.069400
0 0.758700 0.182400 0.025900 0.087400
0 0.517400 0.370500 0.030200 0.092500
0 0.991600 0.051100 0.015600 0.069500
0 0.554500 0.394000 0.031000 0.158200
0 0.056200 0.476900 0.026600 0.065000
0 0.356300 0.289600 0.025300 0.090600
0 0.981900 0.866400 0.026000 0.090900
0 0.257800 0.378300 0.026800 0.093200
0 0.306500 0.150300 0.025300 0.084000
0 0.067300 0.920000 0.043200 0.138500
0 0.439100 0.521700 0.021700 0.080300
0 0.377300 0.459400 0.025300 0.116600
0 0.272300 0.177600 0.034100 0.132100
0 0.392900 0.226300 0.022700 0.072800
0 0.801900 0.962100 0.033300 0.065800
0 0.654200 0.339500 0.027200 0.102300
0 0.224200 0.352000 0.021800 0.096400
0 0.955900 0.040600 0.020300 0.083900
0 0.538000 0.335900 0.021200 0.089900
0 0.677800 0.025300 0.024900 0.055600
0 0.267800 0.510600 0.031400 0.097800
0 0.098400 0.989000 0.019800 0.019500
0 0.979600 0.542000 0.033900 0.123000
0 0.535300 0.177000 0.024600 0.096100
0 0.151800 0.548100 0.036800 0.115400
0 0.245900 0.441000 0.028400 0.099300
0 0.215600 0.196400 0.028200 0.101200
0 0.332812 0.206250 0.032812 0.065278
0 0.301953 0.240972 0.022656 0.059722
0 0.329297 0.275000 0.025781 0.058333
0 0.322656 0.326389 0.017188 0.061111
0 0.309375 0.402083 0.023438 0.068056
0 0.295312 0.459028 0.028125 0.056944
0 0.305469 0.536111 0.020312 0.083333
0 0.151953 0.406250 0.028906 0.101389
0 0.776953 0.243750 0.028906 0.098611
0 0.716406 0.253472 0.029687 0.065278
0 0.683594 0.258333 0.035937 0.075000
0 0.658594 0.224306 0.029687 0.084722
0 0.714453 0.218056 0.033594 0.066667
0 0.680859 0.148611 0.027344 0.083333
0 0.672656 0.088194 0.021875 0.054167
0 0.648047 0.156250 0.022656 0.056944
0 0.625000 0.182639 0.014062 0.095833
0 0.598047 0.185417 0.033594 0.076389
0 0.596094 0.246528 0.028125 0.073611
0 0.555469 0.257639 0.017188 0.054167
0 0.572266 0.313889 0.019531 0.063889
0 0.598828 0.285417 0.024219 0.054167
0 0.507422 0.315278 0.021094 0.075000
0 0.503125 0.275000 0.028125 0.063889
0 0.510547 0.219444 0.022656 0.086111
0 0.486719 0.159028 0.017188 0.076389
0 0.508984 0.148611 0.011719 0.061111
0 0.467578 0.158333 0.021094 0.091667
0 0.454688 0.107639 0.017188 0.062500
0 0.466797 0.040278 0.014844 0.063889
0 0.487500 0.075694 0.018750 0.068056
0 0.195312 0.220139 0.026563 0.079167
0 0.196875 0.156944 0.025000 0.066667
0 0.186328 0.072917 0.024219 0.081944
0 0.206641 0.120833 0.021094 0.041667
0 0.338281 0.035417 0.025000 0.062500
