26 0.661100 0.320000 0.014700 0.034200
26 0.710500 0.900900 0.013200 0.036200
24 0.043500 0.772700 0.014700 0.033000
0 0.507600 0.926700 0.036200 0.130400
0 0.449700 0.805800 0.035500 0.117200
0 0.759900 0.553400 0.025600 0.095000
0 0.762500 0.322400 0.022900 0.098900
0 0.756600 0.417500 0.025500 0.105600
0 0.868100 0.443600 0.024700 0.115500
0 0.669100 0.580800 0.027000 0.110600
0 0.556600 0.933900 0.046700 0.115400
0 0.366400 0.755800 0.025300 0.119200
0 0.918300 0.693000 0.025600 0.129000
0 0.057300 0.606600 0.036300 0.124000
0 0.041000 0.087100 0.026700 0.103400
0 0.915700 0.886900 0.026600 0.097600
0 0.989900 0.538400 0.020000 0.099300
0 0.880200 0.615800 0.032500 0.117900
0 0.663400 0.840300 0.026100 0.116500
0 0.988700 0.350100 0.023000 0.091200
0 0.073800 0.194200 0.039000 0.122300
0 0.075300 0.354100 0.028800 0.101500
0 0.900200 0.431700 0.024200 0.118800
0 0.389500 0.569300 0.023000 0.116300
0 0.865400 0.199500 0.023400 0.096500
0 0.615100 0.555700 0.023000 0.092900
0 0.935900 0.550900 0.029200 0.117400
0 0.868000 0.884000 0.033000 0.127100
0 0.113400 0.892200 0.042000 0.112300
0 0.957000 0.868100 0.024900 0.133100
0 0.698200 0.743300 0.034400 0.113500
0 0.053300 0.786600 0.037100 0.121700
0 0.941100 0.385100 0.024200 0.096600
0 0.680600 0.973600 0.033500 0.049400
0 0.460400 0.490400 0.021000 0.116200
0 0.821900 0.073800 0.023700 0.106500
0 0.908600 0.540100 0.024000 0.107300
0 0.989800 0.709600 0.018600 0.106300
0 0.277400 0.631200 0.031000 0.086300
0 0.028000 0.195200 0.030500 0.091600
0 0.274500 0.763100 0.030100 0.129800
0 0.666300 0.771100 0.029400 0.084000
0 0.478500 0.649200 0.027400 0.101500
0 0.167600 0.230400 0.026700 0.099500
0 0.651500 0.080600 0.026400 0.104000
0 0.122100 0.340500 0.032900 0.119500
0 0.082300 0.522200 0.025000 0.098100
0 0.916600 0.381800 0.022000 0.094000
0 0.692700 0.326000 0.035000 0.124800
0 0.923500 0.552000 0.033700 0.126600
0 0.575500 0.089100 0.024400 0.098000
0 0.717100 0.651600 0.026600 0.094500
0 0.012100 0.073100 0.025100 0.098700
0 0.697100 0.914000 0.038900 0.115300
0 0.955500 0.056600 0.020800 0.097500
0 0.924700 0.960000 0.033300 0.078300
0 0.849000 0.772000 0.037700 0.108500
0 0.304300 0.568000 0.020100 0.104600
0 0.307000 0.760400 0.035700 0.123400
0 0.432400 0.538900 0.022300 0.105000
0 0.325300 0.582200 0.025300 0.105700
0 0.354700 0.474700 0.024600 0.092000
0 0.284900 0.976100 0.028500 0.042500
0 0.165900 0.554900 0.027200 0.104700
0 0.980200 0.864500 0.026500 0.101700
0 0.236100 0.588600 0.041300 0.117100
0 0.479200 0.739200 0.025500 0.095700
0 0.432000 0.075200 0.026600 0.093400
0 0.726900 0.711800 0.024500 0.106400
0 0.410500 0.230200 0.019400 0.080900
0 0.122900 0.692900 0.030000 0.091600
0 0.788800 0.070600 0.025300 0.093500
0 0.192500 0.084500 0.025600 0.123300
0 0.963900 0.198200 0.027500 0.086800
0 0.067700 0.959300 0.032000 0.082000
0 0.165000 0.366400 0.033600 0.118900
0 0.193500 0.227700 0.023700 0.116500
0 0.746800 0.130100 0.022200 0.089200
0 0.981000 0.537200 0.029900 0.130000
0 0.387700 0.275100 0.028100 0.100400
0 0.146600 0.558900 0.027300 0.103300
0 0.021800 0.638100 0.042600 0.134500
0 0.966400 0.524600 0.027200 0.109500
0 0.913700 0.098600 0.027600 0.094900
0 0.491900 0.073700 0.026500 0.091800
0 0.096600 0.980500 0.034300 0.039000
0 0.445600 0.665900 0.028500 0.082800
0 0.541100 0.087700 0.018900 0.097200
0 0.799700 0.957000 0.029300 0.087100
0 0.472500 0.444400 0.023400 0.092100
0 0.133300 0.947500 0.026400 0.081900
0 0.847900 0.055300 0.021300 0.088100
0 0.260400 0.789600 0.024000 0.080200
0 0.492400 0.588800 0.020400 0.072400
0 0.071900 0.884700 0.025900 0.075300
0 0.802400 0.731800 0.037100 0.125500
0 0.143600 0.035700 0.021700 0.078900
0 0.356900 0.284400 0.026600 0.094600
0 0.051000 0.894600 0.031400 0.091700
0 0.177300 0.990200 0.023400 0.018000
0 0.892300 0.053300 0.020900 0.103200
0 0.513200 0.363300 0.029100 0.093500
0 0.653700 0.323200 0.021100 0.080200
0 0.285100 0.380800 0.028200 0.107300
0 0.330600 0.228000 0.022800 0.089500
0 0.404600 0.430000 0.028100 0.100600
0 0.226100 0.335400 0.024200 0.088300
0 0.027900 0.676300 0.033600 0.090100
0 0.446600 0.273800 0.035900 0.119900
0 0.482500 0.363100 0.027300 0.098500
0 0.620200 0.369900 0.025400 0.092000
0 0.376800 0.447600 0.027700 0.099700
0 0.193700 0.161200 0.022000 0.068600
0 0.210800 0.304100 0.021800 0.091300
0 0.667400 0.172900 0.032800 0.137000
0 0.511800 0.586600 0.024400 0.077000
0 0.617200 0.479400 0.024000 0.079600
0 0.674500 0.102100 0.029900 0.086500
0 0.982200 0.706900 0.030600 0.131400
0 0.441100 0.384500 0.033300 0.076100
0 0.647000 0.166100 0.021400 0.078200
0 0.869400 0.056400 0.019800 0.080900
0 0.245800 0.319100 0.024000 0.078000
0 0.319100 0.082400 0.022400 0.091500
0 0.785156 0.234028 0.025000 0.068056
0 0.983984 0.137500 0.025781 0.091667
0 0.782422 0.721528 0.038281 0.129167
0 0.719922 0.286111 0.024219 0.108333
0 0.682813 0.240278 0.026563 0.061111
0 0.711328 0.211806 0.025781 0.056944
0 0.732031 0.197222 0.029687 0.113889
0 0.760938 0.197222 0.031250 0.094444
0 0.621484 0.180556 0.027344 0.116667
0 0.596484 0.196528 0.025781 0.076389
0 0.592969 0.248611 0.020312 0.061111
0 0.601953 0.300000 0.019531 0.033333
0 0.573828 0.313194 0.022656 0.040278
0 0.580859 0.387500 0.028906 0.105556
0 0.605859 0.404861 0.022656 0.079167
0 0.561719 0.270833 0.023438 0.077778
0 0.538672 0.283333 0.028906 0.041667
0 0.555078 0.359028 0.032031 0.081944
0 0.545703 0.426389 0.032031 0.119444
0 0.512500 0.292361 0.025000 0.070833
0 0.496094 0.269444 0.025000 0.083333
0 0.502344 0.200694 0.021875 0.095833
0 0.523828 0.175694 0.017969 0.090278
0 0.542578 0.181250 0.021094 0.073611
0 0.490625 0.147222 0.020312 0.086111
0 0.469922 0.146528 0.027344 0.079167
0 0.466016 0.090278 0.022656 0.058333
0 0.464844 0.220833 0.029687 0.094444
0 0.469531 0.027778 0.021875 0.055556
0 0.360547 0.130556 0.025781 0.086111
0 0.332031 0.157639 0.025000 0.068056
0 0.308203 0.198611 0.019531 0.055556
0 0.306250 0.240278 0.023438 0.052778
0 0.258984 0.241667 0.027344 0.077778
0 0.309375 0.145833 0.020312 0.063889
0 0.280469 0.181250 0.029687 0.093056
0 0.279687 0.121528 0.017188 0.037500
0 0.220313 0.113194 0.017188 0.026389
0 0.224609 0.170833 0.032031 0.080556
0 0.213672 0.046528 0.030469 0.079167
0 0.155859 0.416667 0.028906 0.105556
0 0.243750 0.415972 0.032812 0.101389
0 0.257422 0.354861 0.025781 0.068056
0 0.258594 0.500694 0.031250 0.112500
0 0.299219 0.477778 0.025000 0.075000
0 0.648828 0.962500 0.028906 0.072222
0 0.027734 0.420139 0.033594 0.048611
0 0.036719 0.498611 0.023438 0.077778
0 0.052344 0.474306 0.025000 0.084722
