26 0.534000 0.627900 0.012600 0.029900
26 0.028400 0.495400 0.014800 0.033500
26 0.444900 0.696000 0.013800 0.026700
26 0.394000 0.290200 0.020200 0.041000
26 0.839400 0.697300 0.015300 0.039500
26 0.458900 0.164300 0.016400 0.028900
24 0.915100 0.131600 0.017800 0.035800
0 0.633700 0.887500 0.034200 0.126600
0 0.396900 0.614500 0.024700 0.100200
0 0.861900 0.165900 0.025700 0.101200
0 0.654100 0.805000 0.027100 0.093400
0 0.913100 0.489700 0.024500 0.105700
0 0.697900 0.797400 0.030300 0.124800
0 0.521700 0.956100 0.031000 0.090700
0 0.316800 0.784500 0.035300 0.119500
0 0.853400 0.928200 0.031000 0.130300
0 0.926000 0.588300 0.030700 0.108100
0 0.760400 0.511300 0.024600 0.089100
0 0.850900 0.709600 0.026400 0.112200
0 0.714500 0.956400 0.032300 0.086700
0 0.363500 0.698100 0.024300 0.093500
0 0.982300 0.565900 0.027200 0.098000
0 0.916800 0.736800 0.027500 0.114600
0 0.448900 0.553400 0.025300 0.095600
0 0.895700 0.648700 0.024900 0.091800
0 0.246900 0.640300 0.033300 0.135900
0 0.658100 0.611900 0.028900 0.100900
0 0.043100 0.128200 0.028300 0.102900
0 0.957400 0.556000 0.022700 0.098600
0 0.701000 0.368700 0.023900 0.131700
0 0.051900 0.671800 0.038800 0.143000
0 0.269600 0.538500 0.028300 0.116700
0 0.122200 0.301100 0.024400 0.120000
0 0.924700 0.942900 0.037600 0.110800
0 0.132700 0.710200 0.034600 0.091100
0 0.867400 0.397800 0.025700 0.090900
0 0.939500 0.348500 0.021100 0.103100
0 0.521700 0.637200 0.036600 0.109500
0 0.576200 0.068200 0.022600 0.092400
0 0.980300 0.385200 0.025200 0.108100
0 0.129300 0.926600 0.038700 0.121100
0 0.079000 0.255900 0.035500 0.146000
0 0.168000 0.517100 0.033200 0.127500
0 0.037100 0.492800 0.026500 0.100400
0 0.292100 0.676900 0.028500 0.094300
0 0.761500 0.739100 0.026600 0.094600
0 0.778300 0.365900 0.023500 0.098500
0 0.487500 0.040700 0.025700 0.085600
0 0.330200 0.546100 0.039400 0.113800
0 0.454200 0.704200 0.035900 0.107400
0 0.773300 0.956900 0.030300 0.081600
0 0.800000 0.098900 0.028800 0.092600
0 0.615000 0.476800 0.031600 0.161800
0 0.083000 0.393600 0.040400 0.103200
0 0.543000 0.054600 0.022000 0.090700
0 0.322100 0.057100 0.025500 0.087800
0 0.068600 0.519600 0.027900 0.099200
0 0.082400 0.930100 0.025500 0.093100
0 0.569200 0.961100 0.032300 0.069100
0 0.613800 0.520200 0.021000 0.098000
0 0.739000 0.238300 0.025600 0.119700
0 0.414600 0.449200 0.025700 0.112000
0 0.911600 0.140000 0.033600 0.119900
0 0.162400 0.319800 0.026100 0.100500
0 0.910700 0.349400 0.023300 0.105200
0 0.816300 0.050000 0.021900 0.101300
0 0.752400 0.384500 0.023400 0.087400
0 0.285800 0.980800 0.028200 0.036400
0 0.015200 0.763100 0.031800 0.133800
0 0.707100 0.662600 0.022100 0.092100
0 0.331100 0.196900 0.025600 0.091000
0 0.745800 0.091100 0.026900 0.086300
0 0.810000 0.972400 0.040900 0.054900
0 0.092300 0.540400 0.026400 0.097500
0 0.138500 0.521000 0.033300 0.121700
0 0.982200 0.897700 0.024600 0.085900
0 0.013900 0.103300 0.024600 0.093600
0 0.371200 0.493300 0.039600 0.114700
0 0.488800 0.680100 0.032900 0.134800
0 0.478600 0.523100 0.022600 0.092500
0 0.700400 0.603400 0.025100 0.083200
0 0.146100 0.382200 0.033400 0.125800
0 0.648700 0.114200 0.026600 0.096500
0 0.058500 0.942100 0.029400 0.089300
0 0.752700 0.164300 0.022100 0.088300
0 0.304700 0.133100 0.023700 0.082400
0 0.496300 0.632800 0.023700 0.087800
0 0.208500 0.260300 0.026000 0.113200
0 0.279000 0.784200 0.025700 0.126700
0 0.955100 0.922800 0.032200 0.128900
0 0.283100 0.209300 0.023100 0.107600
0 0.867800 0.035600 0.024100 0.073600
0 0.306400 0.241500 0.023100 0.100800
0 0.617400 0.332700 0.023900 0.087400
0 0.529000 0.161800 0.021600 0.097400
0 0.904200 0.396400 0.021500 0.100000
0 0.413800 0.273500 0.025500 0.093300
0 0.706500 0.229700 0.035000 0.133700
0 0.477200 0.476400 0.026700 0.085700
0 0.356700 0.694900 0.019800 0.073300
0 0.667700 0.038100 0.027200 0.083100
0 0.182800 0.270500 0.027000 0.103100
0 0.553400 0.458100 0.021800 0.099200
0 0.988700 0.898700 0.016000 0.113200
0 0.933500 0.362900 0.021600 0.080400
0 0.007000 0.179700 0.012700 0.129800
0 0.144300 0.023500 0.028400 0.046800
0 0.247800 0.461600 0.028700 0.097300
0 0.395600 0.300200 0.030700 0.143000
0 0.067700 0.978900 0.050800 0.046100
0 0.659700 0.368600 0.022800 0.108700
0 0.335200 0.569100 0.022500 0.087500
0 0.188281 0.350694 0.025000 0.112500
0 0.209766 0.336806 0.017969 0.093056
0 0.222266 0.363889 0.013281 0.083333
0 0.242969 0.341667 0.021875 0.069444
0 0.261328 0.383333 0.025781 0.088889
0 0.280859 0.332639 0.024219 0.084722
0 0.291797 0.425694 0.017969 0.093056
0 0.315625 0.379861 0.034375 0.098611
0 0.330469 0.275000 0.025000 0.088889
0 0.258594 0.220833 0.023438 0.091667
0 0.244141 0.150694 0.022656 0.065278
0 0.221875 0.197917 0.029687 0.076389
0 0.199609 0.198611 0.032031 0.086111
0 0.183203 0.143056 0.021094 0.075000
0 0.202734 0.104167 0.038281 0.100000
0 0.394531 0.132639 0.037500 0.090278
0 0.448438 0.141667 0.026563 0.100000
0 0.493750 0.184722 0.023438 0.083333
0 0.470313 0.169444 0.034375 0.091667
0 0.591797 0.214583 0.028906 0.073611
0 0.546875 0.240972 0.023438 0.054167
0 0.564844 0.285417 0.028125 0.056944
0 0.585938 0.347917 0.021875 0.073611
0 0.595312 0.275000 0.028125 0.061111
0 0.544922 0.341667 0.022656 0.066667
0 0.564844 0.389583 0.031250 0.084722
0 0.519531 0.400000 0.015625 0.108333
0 0.488672 0.388889 0.022656 0.080556
0 0.441797 0.348611 0.025781 0.055556
0 0.441016 0.416667 0.028906 0.083333
0 0.448047 0.295833 0.027344 0.077778
0 0.510938 0.223611 0.021875 0.086111
0 0.458594 0.059722 0.021875 0.075000
0 0.434375 0.087500 0.025000 0.066667
0 0.797266 0.774306 0.022656 0.134722
0 0.492969 0.801389 0.042188 0.130556
0 0.017188 0.680556 0.034375 0.130556
0 0.078516 0.500694 0.027344 0.093056
0 0.767969 0.239583 0.020312 0.101389
