26 0.677200 0.473800 0.015900 0.029700
26 0.396100 0.385600 0.018300 0.039500
26 0.915200 0.775000 0.013900 0.029900
24 0.617900 0.368400 0.016500 0.034100
0 0.065400 0.620000 0.031100 0.106000
0 0.852500 0.068500 0.024000 0.092100
0 0.759300 0.385700 0.027000 0.095500
0 0.668500 0.707600 0.029200 0.106300
0 0.463600 0.908600 0.025300 0.116400
0 0.912600 0.774200 0.023100 0.101300
0 0.712100 0.379300 0.024300 0.089200
0 0.601900 0.914300 0.028000 0.102900
0 0.150000 0.809300 0.027100 0.126800
0 0.678000 0.921700 0.034400 0.116800
0 0.346300 0.856100 0.034900 0.156200
0 0.925300 0.363500 0.020000 0.109200
0 0.732200 0.504000 0.035800 0.134000
0 0.292700 0.772400 0.039900 0.116300
0 0.408100 0.762300 0.026500 0.103700
0 0.087200 0.527900 0.032300 0.100000
0 0.337300 0.552400 0.024600 0.117700
0 0.904400 0.878600 0.026200 0.117400
0 0.090300 0.380900 0.024700 0.133400
0 0.590900 0.739500 0.023400 0.124200
0 0.762600 0.035900 0.033600 0.081700
0 0.814400 0.489800 0.021000 0.092000
0 0.714300 0.866400 0.033900 0.125500
0 0.056200 0.733000 0.038900 0.107600
0 0.957200 0.674400 0.036300 0.113500
0 0.549600 0.972000 0.031400 0.052600
0 0.029600 0.179700 0.031400 0.100000
0 0.861600 0.289400 0.026000 0.091800
0 0.120000 0.184000 0.027800 0.102600
0 0.668200 0.477600 0.028200 0.104400
0 0.075400 0.796300 0.036600 0.115600
0 0.966600 0.353000 0.025500 0.115900
0 0.483800 0.797900 0.033400 0.119700
0 0.302900 0.645900 0.035400 0.126300
0 0.419300 0.520800 0.032000 0.107200
0 0.458400 0.475700 0.027000 0.076900
0 0.174600 0.198700 0.028800 0.102500
0 0.012000 0.865200 0.024000 0.200000
0 0.930700 0.704600 0.035200 0.122400
0 0.245200 0.119400 0.022300 0.077200
0 0.864800 0.524400 0.023800 0.081300
0 0.825300 0.212600 0.029000 0.110300
0 0.461000 0.385600 0.028000 0.094100
0 0.147500 0.254400 0.025700 0.122700
0 0.598100 0.738200 0.026300 0.094500
0 0.598000 0.537200 0.026200 0.108600
0 0.909500 0.274100 0.027900 0.093100
0 0.130800 0.621200 0.025300 0.097000
0 0.067100 0.245400 0.029000 0.089000
0 0.270400 0.229900 0.022600 0.087200
0 0.664600 0.129000 0.028600 0.085100
0 0.603300 0.384700 0.027000 0.099300
0 0.393300 0.401800 0.024700 0.108200
0 0.395600 0.585900 0.033200 0.120700
0 0.533000 0.490000 0.026400 0.103900
0 0.365200 0.400500 0.024900 0.082900
0 0.060100 0.145700 0.021300 0.080700
0 0.294300 0.276200 0.027400 0.096700
0 0.666800 0.338700 0.022900 0.090100
0 0.132500 0.378400 0.021600 0.119400
0 0.623000 0.043800 0.028400 0.082700
0 0.259400 0.990500 0.020900 0.017100
0 0.019100 0.775800 0.033000 0.108600
0 0.929200 0.240600 0.022200 0.089500
0 0.962700 0.477800 0.022900 0.093600
0 0.267500 0.570900 0.031700 0.135300
0 0.637100 0.488300 0.034400 0.129600
0 0.510700 0.618300 0.025600 0.099200
0 0.519100 0.740300 0.039800 0.105900
0 0.479700 0.585600 0.033000 0.076800
0 0.790900 0.320500 0.027700 0.091200
0 0.483100 0.651600 0.024300 0.105900
0 0.695700 0.118400 0.019400 0.114000
0 0.408900 0.050300 0.024000 0.104600
0 0.151100 0.192600 0.022400 0.102300
0 0.333600 0.443300 0.023000 0.090500
0 0.639100 0.222700 0.022700 0.095700
0 0.455800 0.556800 0.043100 0.105200
0 0.572800 0.461600 0.024000 0.098300
0 0.714900 0.071300 0.024100 0.092200
0 0.237100 0.367200 0.024300 0.103400
0 0.639000 0.535500 0.026900 0.102900
0 0.880400 0.242800 0.024100 0.090200
0 0.501600 0.067000 0.023400 0.076100
0 0.902200 0.215100 0.021700 0.057100
0 0.382400 0.616400 0.023900 0.095800
0 0.544100 0.351400 0.025200 0.103800
0 0.724600 0.301000 0.038000 0.120200
0 0.930800 0.648200 0.023700 0.070300
0 0.006500 0.536900 0.013700 0.107100
0 0.572300 0.068500 0.026100 0.082000
0 0.507500 0.146900 0.027600 0.092400
0 0.504500 0.490700 0.025800 0.101700
0 0.283800 0.982400 0.022600 0.034500
0 0.197200 0.443100 0.029700 0.102500
0 0.322800 0.209200 0.024600 0.078800
0 0.214800 0.555800 0.023800 0.109500
0 0.590400 0.225100 0.026800 0.093100
0 0.108500 0.379900 0.033900 0.118300
0 0.708400 0.111800 0.033400 0.139600
0 0.212000 0.368200 0.026900 0.079700
0 0.992200 0.447400 0.013700 0.117700
0 0.520100 0.397500 0.025700 0.108900
0 0.570400 0.509400 0.026200 0.106300
0 0.517500 0.789400 0.026300 0.101800
0 0.160000 0.378900 0.024100 0.121300
0 0.308300 0.055600 0.025900 0.084300
0 0.990700 0.987500 0.017500 0.021000
0 0.181600 0.988400 0.028500 0.022000
0 0.322300 0.286300 0.027800 0.094600
0 0.474600 0.055100 0.025600 0.074400
0 0.431641 0.228472 0.019531 0.101389
0 0.473437 0.263889 0.023438 0.091667
0 0.511328 0.288194 0.017969 0.079167
0 0.574219 0.332639 0.018750 0.098611
0 0.547656 0.251389 0.020312 0.083333
0 0.581641 0.273611 0.017969 0.063889
0 0.555859 0.195139 0.021094 0.081944
0 0.527734 0.203472 0.022656 0.076389
0 0.483203 0.209722 0.032031 0.072222
0 0.461719 0.179167 0.021875 0.069444
0 0.446484 0.144444 0.016406 0.072222
0 0.467578 0.117361 0.016406 0.073611
0 0.435156 0.115972 0.018750 0.093056
0 0.462109 0.070833 0.016406 0.055556
0 0.445703 0.054861 0.016406 0.040278
0 0.401953 0.184722 0.024219 0.091667
0 0.379297 0.140278 0.016406 0.077778
0 0.363281 0.134722 0.021875 0.097222
0 0.335156 0.148611 0.020312 0.069444
0 0.296875 0.158333 0.021875 0.105556
0 0.330469 0.093750 0.021875 0.059722
0 0.307031 0.090278 0.018750 0.047222
0 0.332031 0.043750 0.020312 0.051389
0 0.312500 0.386806 0.025000 0.090278
0 0.262500 0.484722 0.026563 0.080556
0 0.232812 0.479861 0.018750 0.093056
0 0.252734 0.438889 0.024219 0.069444
0 0.244141 0.290972 0.024219 0.079167
0 0.224219 0.279167 0.020312 0.080556
0 0.207422 0.205556 0.024219 0.088889
0 0.220703 0.147222 0.024219 0.080556
0 0.300391 0.874306 0.032031 0.126389
0 0.422266 0.361806 0.021094 0.118056
0 0.398438 0.332639 0.021875 0.048611
0 0.380078 0.203472 0.022656 0.106944
0 0.630859 0.120139 0.027344 0.076389
0 0.578125 0.122917 0.031250 0.079167
0 0.753516 0.236806 0.019531 0.098611
0 0.691797 0.278472 0.027344 0.112500
0 0.678906 0.205556 0.028125 0.052778
0 0.983203 0.495833 0.019531 0.113889
