26 0.974200 0.619700 0.015200 0.032400
26 0.912600 0.684800 0.015100 0.028400
26 0.708600 0.339400 0.016600 0.034500
26 0.571100 0.448200 0.020000 0.036800
26 0.466900 0.761000 0.013400 0.034100
26 0.508500 0.573100 0.016500 0.034800
24 0.222400 0.603400 0.014800 0.028200
1 0.006000 0.477200 0.012100 0.085700
0 0.402500 0.706000 0.027900 0.108700
0 0.856500 0.104400 0.025200 0.094500
0 0.068600 0.755600 0.029600 0.097100
0 0.802000 0.446900 0.024300 0.111400
0 0.864700 0.333800 0.023600 0.088800
0 0.550800 0.769000 0.033900 0.114200
0 0.819200 0.167000 0.029200 0.101700
0 0.728200 0.819400 0.023500 0.131700
0 0.275400 0.724500 0.036000 0.120800
0 0.661100 0.668900 0.027700 0.097800
0 0.290700 0.604700 0.027400 0.094100
0 0.575900 0.950300 0.028000 0.098800
0 0.622400 0.869500 0.030100 0.096100
0 0.715600 0.449300 0.024200 0.120700
0 0.767900 0.431300 0.023500 0.095600
0 0.153900 0.760900 0.034100 0.120000
0 0.856500 0.597900 0.024700 0.112300
0 0.965200 0.307600 0.030100 0.094100
0 0.971600 0.964400 0.030100 0.068400
0 0.127700 0.425100 0.023300 0.102800
0 0.613500 0.427900 0.024400 0.121200
0 0.289800 0.840200 0.025600 0.142400
0 0.144900 0.292500 0.027300 0.099900
0 0.086400 0.478100 0.025800 0.103200
0 0.830500 0.975200 0.038700 0.046300
0 0.083900 0.330500 0.035700 0.115100
0 0.585300 0.035200 0.026900 0.081600
0 0.334700 0.826500 0.034400 0.136800
0 0.181000 0.400300 0.023900 0.111900
0 0.477000 0.554200 0.026100 0.090100
0 0.160800 0.964300 0.035900 0.071200
0 0.052500 0.572600 0.030100 0.086500
0 0.926900 0.675400 0.036600 0.137400
0 0.247700 0.159100 0.024200 0.092900
0 0.020900 0.151200 0.032100 0.093500
0 0.055300 0.201300 0.038700 0.119000
0 0.523100 0.695800 0.023200 0.106000
0 0.106200 0.159200 0.024500 0.109400
0 0.920000 0.412100 0.021100 0.119000
0 0.887700 0.214300 0.036200 0.124900
0 0.908500 0.724000 0.025200 0.090300
0 0.324400 0.758700 0.029300 0.082500
0 0.929500 0.286500 0.024700 0.090900
0 0.475500 0.769300 0.032000 0.112100
0 0.667100 0.440900 0.024400 0.112200
0 0.432600 0.193700 0.024400 0.100000
0 0.991700 0.460300 0.014600 0.136800
0 0.691300 0.879900 0.036200 0.111400
0 0.989800 0.964600 0.020900 0.069400
0 0.035800 0.733500 0.042400 0.119600
0 0.908800 0.819800 0.026000 0.090100
0 0.506200 0.587900 0.023400 0.099100
0 0.152800 0.417100 0.024200 0.098500
0 0.666500 0.089600 0.028800 0.094000
0 0.726800 0.104300 0.024300 0.098300
0 0.662400 0.508200 0.027000 0.066100
0 0.668200 0.572600 0.025300 0.103400
0 0.980600 0.451500 0.033100 0.134900
0 0.470900 0.103100 0.022100 0.095500
0 0.507500 0.759900 0.023300 0.114000
0 0.465500 0.772600 0.021600 0.086900
0 0.472000 0.631000 0.022000 0.086000
0 0.120600 0.229400 0.028800 0.110400
0 0.740000 0.034500 0.025500 0.074300
0 0.512000 0.090500 0.019700 0.083500
0 0.642100 0.178600 0.024900 0.095400
0 0.169900 0.242900 0.026000 0.092100
0 0.633100 0.071200 0.031800 0.079300
0 0.259900 0.542100 0.025600 0.093600
0 0.022600 0.678400 0.029800 0.061800
0 0.440000 0.520800 0.028800 0.109900
0 0.965400 0.631200 0.026500 0.100700
0 0.387600 0.554700 0.027200 0.102900
0 0.524500 0.446600 0.026100 0.084500
0 0.701800 0.347500 0.024300 0.099900
0 0.100600 0.974900 0.032000 0.048300
0 0.339700 0.494000 0.029700 0.097600
0 0.284700 0.979600 0.033000 0.037300
0 0.402900 0.027300 0.025700 0.065600
0 0.115200 0.582000 0.038700 0.122600
0 0.348400 0.601100 0.021600 0.093000
0 0.362500 0.100300 0.024300 0.103400
0 0.966700 0.447400 0.018800 0.096900
0 0.290300 0.254900 0.023000 0.104700
0 0.502200 0.694200 0.022500 0.090500
0 0.490000 0.089000 0.018200 0.078600
0 0.510700 0.702400 0.036900 0.116700
0 0.917100 0.274300 0.039900 0.100200
0 0.336000 0.195600 0.025000 0.088100
0 0.209400 0.400900 0.023300 0.111800
0 0.184700 0.192900 0.024700 0.104700
0 0.242300 0.273400 0.022500 0.102700
0 0.467100 0.864500 0.024500 0.090800
0 0.213100 0.116800 0.024500 0.075700
0 0.424500 0.460200 0.029000 0.061400
0 0.269500 0.285400 0.023800 0.101500
0 0.902400 0.271600 0.027300 0.101100
0 0.216200 0.614400 0.023300 0.083400
0 0.008900 0.742600 0.016100 0.100900
0 0.200000 0.320300 0.027100 0.068500
0 0.227500 0.321700 0.024200 0.091400
0 0.760900 0.836900 0.022200 0.105200
0 0.940900 0.272800 0.020700 0.082400
0 0.139000 0.424000 0.035400 0.107700
0 0.314800 0.445000 0.025000 0.101100
0 0.496500 0.445000 0.024400 0.095000
0 0.215900 0.256600 0.020700 0.087700
0 0.361100 0.369300 0.023400 0.086700
0 0.005500 0.490800 0.011200 0.107100
0 0.385300 0.525300 0.029800 0.065400
0 0.769531 0.297222 0.017188 0.111111
0 0.755469 0.230556 0.018750 0.088889
0 0.736328 0.315972 0.028906 0.095833
0 0.687891 0.245833 0.021094 0.111111
0 0.672266 0.301389 0.016406 0.066667
0 0.631250 0.304861 0.015625 0.090278
0 0.648047 0.252083 0.017969 0.073611
0 0.679297 0.164583 0.011719 0.037500
0 0.710938 0.184722 0.023438 0.075000
0 0.705078 0.115972 0.019531 0.043056
0 0.582812 0.529167 0.026563 0.133333
0 0.562891 0.406250 0.017969 0.076389
0 0.590625 0.365278 0.020312 0.075000
0 0.593750 0.302083 0.020312 0.062500
0 0.606250 0.270139 0.017188 0.112500
0 0.575781 0.227083 0.023438 0.087500
0 0.565234 0.297222 0.032031 0.111111
0 0.451953 0.334028 0.016406 0.076389
0 0.455469 0.434028 0.021875 0.093056
0 0.393359 0.366667 0.024219 0.105556
0 0.418750 0.321528 0.018750 0.101389
0 0.392188 0.290278 0.025000 0.063889
0 0.516406 0.358333 0.020312 0.086111
0 0.497656 0.376389 0.014062 0.061111
0 0.532422 0.316667 0.022656 0.116667
0 0.478516 0.327778 0.021094 0.088889
0 0.500000 0.252778 0.017188 0.077778
0 0.536719 0.229861 0.015625 0.065278
0 0.514844 0.185417 0.017188 0.087500
0 0.575000 0.165278 0.025000 0.080556
0 0.580078 0.094444 0.025781 0.080556
0 0.476562 0.231944 0.026563 0.086111
0 0.474609 0.170139 0.025781 0.065278
0 0.449609 0.143056 0.025781 0.119444
0 0.435547 0.088889 0.016406 0.061111
0 0.326562 0.079861 0.023438 0.059722
0 0.335156 0.127778 0.020312 0.063889
0 0.297656 0.174306 0.032812 0.068056
0 0.307031 0.120139 0.018750 0.040278
0 0.307422 0.074306 0.021094 0.048611
0 0.398047 0.154167 0.021094 0.102778
0 0.374609 0.165278 0.017969 0.097222
0 0.384375 0.073611 0.018750 0.058333
0 0.311328 0.020833 0.017969 0.041667
0 0.318359 0.318750 0.025781 0.104167
0 0.277344 0.359722 0.026563 0.094444
0 0.266406 0.452778 0.025000 0.086111
0 0.248437 0.411111 0.017188 0.091667
0 0.230078 0.439583 0.022656 0.112500
