26 0.534800 0.632500 0.013700 0.030600
26 0.840500 0.695200 0.013000 0.029600
26 0.037800 0.496800 0.027200 0.094800
26 0.029000 0.506400 0.012000 0.026200
26 0.661200 0.805700 0.013400 0.030300
26 0.394200 0.301700 0.019900 0.036700
0 0.771300 0.958200 0.029000 0.074700
0 0.653100 0.808300 0.030900 0.091300
0 0.980700 0.570800 0.028800 0.100000
0 0.051900 0.672100 0.036800 0.146500
0 0.760100 0.505800 0.024100 0.092000
0 0.632300 0.894100 0.035400 0.125600
0 0.319000 0.790600 0.035500 0.118300
0 0.137500 0.506200 0.025300 0.106700
0 0.140000 0.707600 0.043800 0.104700
0 0.522800 0.959100 0.035300 0.087100
0 0.850500 0.932300 0.029900 0.124900
0 0.697000 0.805300 0.033700 0.117500
0 0.397400 0.628900 0.021200 0.132900
0 0.849400 0.697200 0.023400 0.104400
0 0.914200 0.486400 0.022900 0.114500
0 0.924700 0.605400 0.032900 0.124600
0 0.868600 0.386300 0.026000 0.083000
0 0.927200 0.949800 0.029800 0.099200
0 0.862400 0.153800 0.026700 0.092600
0 0.361600 0.690400 0.020900 0.127900
0 0.716300 0.962500 0.038300 0.076100
0 0.068400 0.526100 0.026300 0.101400
0 0.522700 0.642800 0.027400 0.116700
0 0.961400 0.912900 0.026100 0.106400
0 0.778700 0.379000 0.025200 0.106200
0 0.096200 0.551000 0.025900 0.105400
0 0.044200 0.135600 0.026500 0.111800
0 0.076400 0.254200 0.038600 0.123800
0 0.010600 0.756800 0.021700 0.111700
0 0.654400 0.621100 0.027800 0.103400
0 0.040100 0.503600 0.027200 0.095500
0 0.128200 0.928400 0.034500 0.113600
0 0.013900 0.104100 0.027200 0.096100
0 0.613300 0.507000 0.022300 0.102500
0 0.085100 0.941600 0.026500 0.099700
0 0.700000 0.371600 0.025000 0.117100
0 0.747900 0.383900 0.023700 0.101400
0 0.956300 0.568300 0.021400 0.093200
0 0.816600 0.973800 0.033400 0.052300
0 0.167600 0.511200 0.032600 0.135000
0 0.176800 0.159100 0.024000 0.103800
0 0.331700 0.543100 0.041100 0.115700
0 0.247500 0.646800 0.033200 0.123600
0 0.415800 0.460400 0.028400 0.118400
0 0.119300 0.300300 0.034700 0.119000
0 0.543500 0.050400 0.024100 0.099800
0 0.659800 0.368700 0.024800 0.100400
0 0.759500 0.769800 0.029800 0.149800
0 0.983100 0.902200 0.025700 0.094700
0 0.897900 0.664300 0.023100 0.102100
0 0.501500 0.798900 0.030800 0.133000
0 0.144800 0.364900 0.026300 0.120100
0 0.450600 0.566900 0.023500 0.105200
0 0.293800 0.682200 0.027900 0.079800
0 0.745200 0.087900 0.026500 0.093700
0 0.699500 0.587100 0.027500 0.067800
0 0.669000 0.039600 0.027000 0.083000
0 0.079800 0.413600 0.034500 0.123200
0 0.323400 0.055800 0.025900 0.093700
0 0.800700 0.113100 0.026300 0.118600
0 0.494200 0.646300 0.025100 0.116300
0 0.489100 0.796100 0.032600 0.129900
0 0.285400 0.980300 0.022500 0.036400
0 0.472600 0.788600 0.020300 0.107000
0 0.482200 0.043100 0.026000 0.086200
0 0.018400 0.680700 0.030200 0.093400
0 0.941400 0.337100 0.023200 0.086100
0 0.210400 0.260900 0.025100 0.105300
0 0.580800 0.065800 0.024300 0.093000
0 0.277300 0.790300 0.036900 0.117700
0 0.240000 0.166400 0.020400 0.078400
0 0.837300 0.512000 0.035800 0.066300
0 0.911800 0.321100 0.021800 0.071100
0 0.163300 0.305700 0.026300 0.090900
0 0.442800 0.146100 0.027500 0.101400
0 0.903600 0.148300 0.024600 0.113100
0 0.815300 0.043600 0.025800 0.095100
0 0.454100 0.709000 0.041500 0.099700
0 0.904200 0.382600 0.022300 0.105100
0 0.368900 0.509600 0.036300 0.117600
0 0.413600 0.275300 0.024300 0.107700
0 0.450000 0.709300 0.021600 0.083100
0 0.065800 0.944900 0.028200 0.096400
0 0.569500 0.966600 0.032300 0.067000
0 0.647300 0.119500 0.025800 0.100000
0 0.259300 0.989000 0.023000 0.020900
0 0.933600 0.352700 0.024400 0.092000
0 0.520800 0.396800 0.030100 0.097800
0 0.980000 0.397900 0.022600 0.103600
0 0.271000 0.542300 0.029300 0.098400
0 0.330800 0.192700 0.023900 0.098800
0 0.304200 0.131800 0.025200 0.084200
0 0.739700 0.240400 0.027900 0.106000
0 0.477700 0.519300 0.030400 0.148000
0 0.256800 0.215200 0.023600 0.093300
0 0.526200 0.148700 0.021100 0.092000
0 0.357500 0.319200 0.023600 0.090700
0 0.990500 0.570500 0.015400 0.098000
0 0.476700 0.476300 0.027600 0.070400
0 0.481300 0.537900 0.021200 0.090200
0 0.243100 0.039100 0.026200 0.080200
0 0.792500 0.772500 0.029100 0.081800
0 0.916600 0.729000 0.027400 0.088200
0 0.381000 0.491200 0.025000 0.110600
0 0.003500 0.413800 0.008000 0.111100
0 0.506600 0.148500 0.021400 0.104200
0 0.490700 0.694100 0.025200 0.082700
0 0.277600 0.336200 0.024100 0.102600
0 0.222800 0.380600 0.024600 0.099700
0 0.708413 0.205467 0.020400 0.115300
0 0.700400 0.647500 0.023800 0.083400
0 0.644700 0.055000 0.025800 0.074200
0 0.394900 0.118800 0.026400 0.096600
0 0.185600 0.275000 0.029000 0.092800
0 0.305400 0.238400 0.022100 0.096200
0 0.252344 0.463194 0.026563 0.079167
0 0.297656 0.429861 0.037500 0.084722
0 0.308594 0.499306 0.018750 0.059722
0 0.319141 0.375694 0.024219 0.081944
0 0.262500 0.400694 0.034375 0.095833
0 0.247266 0.341667 0.025781 0.066667
0 0.322266 0.304167 0.024219 0.075000
0 0.332422 0.244444 0.022656 0.052778
0 0.229297 0.215278 0.027344 0.077778
0 0.200781 0.191667 0.028125 0.077778
0 0.199609 0.115278 0.022656 0.111111
0 0.207031 0.062500 0.020312 0.069444
0 0.332422 0.125000 0.028906 0.066667
0 0.304688 0.169444 0.018750 0.050000
0 0.771484 0.245139 0.021094 0.098611
0 0.694141 0.275694 0.025781 0.070833
0 0.667969 0.240972 0.021875 0.076389
0 0.676172 0.170833 0.019531 0.083333
0 0.714453 0.241667 0.024219 0.102778
0 0.747266 0.150000 0.035156 0.086111
0 0.676562 0.120833 0.021875 0.066667
0 0.642969 0.193056 0.018750 0.080556
0 0.626562 0.220139 0.023438 0.106944
0 0.591016 0.225000 0.025781 0.083333
0 0.590625 0.148611 0.029687 0.069444
0 0.544141 0.231250 0.022656 0.051389
0 0.566797 0.275000 0.025781 0.072222
0 0.591406 0.275694 0.018750 0.068056
0 0.616406 0.315972 0.023438 0.081944
0 0.603125 0.363194 0.017188 0.056944
0 0.612500 0.413194 0.031250 0.054167
0 0.548828 0.348611 0.024219 0.083333
0 0.487109 0.393056 0.021094 0.077778
0 0.499609 0.330556 0.024219 0.069444
0 0.446875 0.362500 0.032812 0.086111
0 0.437500 0.393056 0.026563 0.061111
0 0.452734 0.288889 0.033594 0.083333
0 0.471484 0.259028 0.021094 0.073611
0 0.471875 0.175000 0.026563 0.100000
0 0.495703 0.186111 0.025781 0.091667
0 0.453906 0.061806 0.028125 0.068056
