26 0.522400 0.616600 0.016900 0.042800
26 0.476000 0.807300 0.014500 0.031800
24 0.520800 0.617600 0.024000 0.056900
26 0.097700 0.395100 0.029000 0.094600
0 0.850800 0.058100 0.023900 0.088200
0 0.669500 0.716000 0.030700 0.105500
0 0.603000 0.728300 0.025000 0.103400
0 0.738500 0.510700 0.037200 0.126500
0 0.409100 0.777200 0.027100 0.110500
0 0.461400 0.917300 0.024100 0.110300
0 0.757500 0.379200 0.027600 0.104200
0 0.520500 0.800100 0.033100 0.126300
0 0.084400 0.805200 0.027100 0.097300
0 0.597200 0.927800 0.030700 0.127900
0 0.153300 0.827000 0.035800 0.114900
0 0.826300 0.225000 0.028500 0.120600
0 0.119700 0.176800 0.027800 0.110900
0 0.070000 0.633400 0.030200 0.094200
0 0.383400 0.630400 0.022500 0.124100
0 0.398200 0.612300 0.029400 0.152000
0 0.676300 0.933200 0.038100 0.117400
0 0.134900 0.634200 0.025300 0.103300
0 0.299300 0.792300 0.034300 0.129500
0 0.353500 0.879700 0.034700 0.146700
0 0.816900 0.508000 0.021800 0.116900
0 0.715000 0.385900 0.028300 0.086700
0 0.089300 0.542600 0.029900 0.098000
0 0.926600 0.348000 0.020400 0.102200
0 0.957300 0.677500 0.024300 0.094200
0 0.098700 0.393100 0.036300 0.122700
0 0.133100 0.363400 0.023300 0.107400
0 0.967100 0.354300 0.027400 0.094200
0 0.932800 0.729100 0.026700 0.101600
0 0.600000 0.541600 0.030200 0.100200
0 0.306000 0.657900 0.034700 0.108300
0 0.913400 0.771400 0.023500 0.068000
0 0.517000 0.636500 0.035300 0.123500
0 0.174800 0.182100 0.029500 0.096000
0 0.486000 0.804300 0.029700 0.120400
0 0.014600 0.892300 0.028900 0.170600
0 0.795700 0.331500 0.035900 0.111200
0 0.865500 0.510700 0.022300 0.106600
0 0.540000 0.977400 0.032400 0.043800
0 0.479500 0.599200 0.027400 0.081300
0 0.891400 0.267000 0.033400 0.133400
0 0.270900 0.228400 0.026700 0.093400
0 0.502700 0.494400 0.029600 0.100900
0 0.244600 0.112800 0.024500 0.084400
0 0.533800 0.492900 0.029100 0.095400
0 0.526700 0.739000 0.029400 0.081200
0 0.065500 0.727900 0.028500 0.087500
0 0.764000 0.043100 0.027200 0.087400
0 0.368400 0.425500 0.024000 0.126000
0 0.758400 0.242200 0.023100 0.129600
0 0.036300 0.194000 0.030500 0.094000
0 0.018100 0.788700 0.028300 0.093100
0 0.960000 0.495000 0.022700 0.112600
0 0.067500 0.256100 0.034100 0.118600
0 0.668700 0.474900 0.026900 0.080300
0 0.927800 0.228400 0.022200 0.102700
0 0.903600 0.884600 0.028000 0.089500
0 0.870200 0.275500 0.042300 0.111800
0 0.711800 0.883700 0.034400 0.131700
0 0.457600 0.488600 0.029300 0.088600
0 0.408100 0.057300 0.029600 0.099500
0 0.148500 0.240700 0.024700 0.118000
0 0.726000 0.284400 0.027600 0.106700
0 0.713000 0.056400 0.024700 0.083200
0 0.259300 0.990900 0.020400 0.016800
0 0.638300 0.229400 0.026500 0.085900
0 0.087300 0.018000 0.020600 0.046800
0 0.419900 0.523200 0.032800 0.080000
0 0.394100 0.415400 0.025600 0.120400
0 0.666100 0.349900 0.021200 0.086100
0 0.664100 0.135300 0.026700 0.083500
0 0.699800 0.145400 0.025100 0.100500
0 0.517100 0.320000 0.024100 0.096900
0 0.424400 0.369300 0.022800 0.094500
0 0.918800 0.349500 0.018700 0.099200
0 0.333600 0.527200 0.025100 0.087000
0 0.284400 0.982000 0.022200 0.033700
0 0.622600 0.057100 0.029000 0.089500
0 0.461200 0.396300 0.027900 0.094600
0 0.496500 0.055600 0.025000 0.084400
0 0.992500 0.462800 0.013700 0.135300
0 0.930100 0.653300 0.025300 0.065900
0 0.601600 0.369400 0.021800 0.102800
0 0.275800 0.307000 0.024800 0.086900
0 0.902200 0.210900 0.022000 0.065700
0 0.274500 0.597800 0.021900 0.113000
0 0.989800 0.193900 0.017800 0.093500
0 0.458700 0.566600 0.029300 0.097300
0 0.201300 0.453100 0.039900 0.122100
0 0.982600 0.488400 0.029700 0.155900
0 0.163700 0.365700 0.023000 0.111500
0 0.572900 0.056800 0.025700 0.076000
0 0.308200 0.883400 0.019700 0.126100
0 0.183500 0.992100 0.025300 0.016000
0 0.400800 0.352000 0.025200 0.073500
0 0.588200 0.225000 0.023500 0.113700
0 0.728300 0.869400 0.026700 0.077500
0 0.632800 0.510400 0.027000 0.084300
0 0.497300 0.728000 0.022900 0.071200
0 0.572400 0.523300 0.029700 0.112400
0 0.220700 0.180600 0.025400 0.102100
0 0.523500 0.042100 0.026300 0.086500
0 0.573800 0.477600 0.026700 0.094300
0 0.303400 0.288400 0.026100 0.093500
0 0.488800 0.649500 0.025800 0.083600
0 0.241400 0.393200 0.035800 0.133300
0 0.050100 0.146700 0.018800 0.077100
0 0.432422 0.235417 0.021094 0.101389
0 0.475000 0.281944 0.029687 0.105556
0 0.480469 0.225000 0.025000 0.086111
0 0.517187 0.208333 0.023438 0.108333
0 0.541016 0.239583 0.019531 0.087500
0 0.574609 0.331944 0.027344 0.108333
0 0.550000 0.175000 0.021875 0.086111
0 0.576172 0.122917 0.024219 0.090278
0 0.628125 0.131250 0.025000 0.090278
0 0.444141 0.157639 0.022656 0.090278
0 0.468750 0.191667 0.031250 0.091667
0 0.469922 0.131250 0.021094 0.070833
0 0.501953 0.121528 0.025781 0.070833
0 0.473047 0.079861 0.032031 0.090278
0 0.448047 0.062500 0.019531 0.055556
0 0.434766 0.097917 0.022656 0.056944
0 0.404687 0.194444 0.029687 0.105556
0 0.378125 0.206944 0.023438 0.083333
0 0.326172 0.194444 0.025781 0.072222
0 0.323828 0.271528 0.027344 0.093056
0 0.296094 0.146528 0.020312 0.093056
0 0.335156 0.138889 0.017188 0.088889
0 0.357422 0.140972 0.016406 0.109722
0 0.376172 0.130556 0.019531 0.066667
0 0.304297 0.081944 0.017969 0.055556
0 0.333594 0.085417 0.025000 0.048611
0 0.306641 0.034028 0.022656 0.062500
0 0.331250 0.036111 0.025000 0.055556
0 0.172656 0.436111 0.020312 0.111111
0 0.210156 0.529167 0.031250 0.091667
0 0.258203 0.507639 0.024219 0.098611
0 0.235156 0.486806 0.020312 0.112500
0 0.217578 0.380556 0.024219 0.100000
0 0.225781 0.293750 0.021875 0.098611
0 0.246094 0.306250 0.023438 0.084722
0 0.207031 0.227778 0.021875 0.116667
0 0.328906 0.426389 0.035937 0.091667
0 0.312891 0.368750 0.032031 0.090278
0 0.636328 0.369444 0.024219 0.122222
0 0.643359 0.280556 0.022656 0.050000
0 0.690625 0.281250 0.025000 0.101389
0 0.682813 0.214583 0.017188 0.051389
0 0.199609 0.049306 0.022656 0.098611
