26 0.588000 0.381600 0.015100 0.025300
26 0.959900 0.680900 0.016800 0.033100
26 0.710600 0.868000 0.015900 0.033700
24 0.385300 0.632800 0.025200 0.064700
24 0.524300 0.628900 0.017700 0.038200
24 0.521400 0.633300 0.025100 0.068900
0 0.413100 0.787900 0.027200 0.100100
0 0.090800 0.554700 0.031200 0.100500
0 0.153300 0.837500 0.040400 0.109900
0 0.739500 0.521900 0.038500 0.117600
0 0.672700 0.944300 0.037700 0.113000
0 0.588800 0.930700 0.039000 0.113800
0 0.716300 0.395300 0.029000 0.105600
0 0.073700 0.646000 0.027200 0.094400
0 0.755000 0.367100 0.027500 0.093400
0 0.303100 0.798000 0.036300 0.118600
0 0.850400 0.050400 0.024400 0.093700
0 0.350500 0.879200 0.040400 0.145600
0 0.088200 0.815200 0.028800 0.090300
0 0.800900 0.335800 0.031300 0.097700
0 0.866200 0.496100 0.023000 0.107100
0 0.703800 0.885900 0.030800 0.127600
0 0.333300 0.526200 0.023000 0.127000
0 0.398900 0.609200 0.034700 0.121300
0 0.133200 0.351900 0.024100 0.099400
0 0.673800 0.722400 0.026300 0.099400
0 0.069100 0.258900 0.035000 0.126000
0 0.136900 0.646800 0.026100 0.101700
0 0.368700 0.427400 0.021500 0.118300
0 0.517000 0.645200 0.036200 0.116800
0 0.174000 0.180200 0.029300 0.101000
0 0.604100 0.552700 0.027400 0.101100
0 0.462400 0.400900 0.030300 0.095200
0 0.146900 0.225800 0.028300 0.113500
0 0.524700 0.767000 0.033200 0.135500
0 0.827600 0.237600 0.031000 0.120600
0 0.101500 0.403200 0.038200 0.111400
0 0.309600 0.663500 0.026300 0.096000
0 0.459900 0.925800 0.025000 0.093800
0 0.711400 0.054500 0.025700 0.093400
0 0.606100 0.713000 0.025900 0.091900
0 0.622600 0.069000 0.026300 0.094000
0 0.820700 0.510500 0.023700 0.091500
0 0.966900 0.363700 0.027800 0.103400
0 0.425200 0.379300 0.023200 0.121600
0 0.013800 0.791600 0.024900 0.085100
0 0.460300 0.495900 0.027300 0.076400
0 0.769300 0.052600 0.026500 0.098200
0 0.325700 0.428000 0.028500 0.115300
0 0.549000 0.382800 0.024500 0.124600
0 0.260800 0.523700 0.026400 0.097100
0 0.724000 0.274400 0.028300 0.099800
0 0.237300 0.492000 0.023900 0.102400
0 0.915800 0.789500 0.022000 0.089800
0 0.727600 0.885800 0.024100 0.097900
0 0.535400 0.506500 0.027800 0.109500
0 0.423100 0.539300 0.032900 0.096000
0 0.241900 0.105900 0.026900 0.075800
0 0.038700 0.196900 0.028800 0.092800
0 0.120600 0.168100 0.027400 0.114900
0 0.888900 0.270400 0.037400 0.122400
0 0.211000 0.229100 0.025300 0.099100
0 0.573000 0.536300 0.028600 0.130900
0 0.386100 0.649200 0.025200 0.101000
0 0.007400 0.557100 0.013700 0.115600
0 0.903300 0.900800 0.027200 0.089600
0 0.192800 0.446600 0.027700 0.091000
0 0.086700 0.024200 0.029300 0.049700
0 0.958800 0.507800 0.024400 0.097200
0 0.857100 0.271800 0.025700 0.101800
0 0.462000 0.572900 0.027100 0.098700
0 0.016400 0.893500 0.031700 0.156300
0 0.243800 0.383200 0.026500 0.093400
0 0.399300 0.354400 0.023100 0.060600
0 0.432300 0.246200 0.028600 0.104600
0 0.479800 0.821000 0.025900 0.077400
0 0.757500 0.242000 0.019300 0.141100
0 0.664000 0.355000 0.025000 0.086900
0 0.535100 0.981200 0.023700 0.034400
0 0.075500 0.741400 0.039600 0.117900
0 0.259600 0.990500 0.021800 0.016800
0 0.164000 0.351100 0.021300 0.102400
0 0.897800 0.197600 0.022800 0.061800
0 0.284600 0.982400 0.023600 0.035300
0 0.586500 0.212500 0.025200 0.101200
0 0.394700 0.427500 0.029400 0.116400
0 0.481300 0.603400 0.025200 0.073600
0 0.598300 0.364400 0.022900 0.101800
0 0.833000 0.518800 0.043700 0.108900
0 0.522200 0.412700 0.025900 0.103700
0 0.228800 0.306500 0.023900 0.099900
0 0.276700 0.615500 0.020700 0.118000
0 0.934500 0.740900 0.026800 0.093000
0 0.637800 0.242500 0.025300 0.092100
0 0.193500 0.993300 0.027600 0.013400
0 0.955600 0.692100 0.022500 0.087400
0 0.503600 0.758900 0.019600 0.110600
0 0.488900 0.672500 0.033700 0.137100
0 0.222400 0.193500 0.023300 0.115800
0 0.926800 0.211600 0.023100 0.082000
0 0.489300 0.241900 0.037300 0.127300
0 0.036900 0.135600 0.022600 0.060100
0 0.270300 0.223300 0.026400 0.094200
0 0.628000 0.493200 0.025500 0.080900
0 0.693900 0.295900 0.039600 0.107300
0 0.929200 0.666300 0.025900 0.073000
0 0.176700 0.444800 0.021900 0.099000
0 0.493400 0.396500 0.028300 0.080700
0 0.071300 0.730100 0.027300 0.076300
0 0.211600 0.520800 0.026000 0.096200
0 0.491600 0.679000 0.022500 0.078500
0 0.667000 0.146600 0.029600 0.089100
0 0.993300 0.476300 0.012700 0.122500
0 0.522600 0.319900 0.025300 0.084900
0 0.492000 0.472200 0.025400 0.110100
0 0.945000 0.702300 0.034700 0.129100
0 0.618400 0.459500 0.024300 0.089400
0 0.925000 0.347200 0.021200 0.117500
0 0.992100 0.318100 0.015500 0.112700
0 0.519300 0.817300 0.038000 0.112100
0 0.403600 0.065900 0.028300 0.097900
0 0.306641 0.370139 0.028906 0.109722
0 0.199219 0.060417 0.025000 0.120833
0 0.304688 0.286806 0.020312 0.084722
0 0.271484 0.297917 0.022656 0.095833
0 0.251953 0.312500 0.030469 0.097222
0 0.317578 0.265972 0.027344 0.098611
0 0.324609 0.201389 0.022656 0.105556
0 0.295703 0.140278 0.028906 0.108333
0 0.304688 0.095139 0.026563 0.079167
0 0.325781 0.089583 0.015625 0.068056
0 0.337500 0.137500 0.017188 0.091667
0 0.356250 0.147917 0.021875 0.104167
0 0.376172 0.152778 0.019531 0.080556
0 0.377734 0.219444 0.021094 0.108333
0 0.405469 0.204861 0.023438 0.109722
0 0.502734 0.127778 0.024219 0.100000
0 0.516406 0.189583 0.021875 0.084722
0 0.547656 0.165278 0.021875 0.086111
0 0.542969 0.243750 0.035937 0.104167
0 0.577734 0.108333 0.024219 0.091667
0 0.574219 0.051389 0.031250 0.091667
0 0.533594 0.050694 0.028125 0.098611
0 0.446875 0.168056 0.026563 0.094444
0 0.469922 0.140278 0.025781 0.083333
0 0.673437 0.504167 0.026563 0.133333
0 0.637109 0.371528 0.024219 0.118056
0 0.644531 0.302083 0.029687 0.073611
0 0.570703 0.313889 0.027344 0.102778
