26 0.677800 0.475800 0.016200 0.029700
0 0.852300 0.066500 0.024600 0.091400
0 0.677800 0.925700 0.036700 0.122600
0 0.463600 0.908800 0.024700 0.119900
0 0.669000 0.708300 0.029900 0.108000
0 0.066100 0.620700 0.032000 0.103800
0 0.599800 0.922000 0.032600 0.122200
0 0.912400 0.773100 0.023100 0.094300
0 0.758900 0.385400 0.026000 0.095700
0 0.732600 0.505300 0.035700 0.129800
0 0.077200 0.799200 0.037400 0.120000
0 0.925600 0.361600 0.018300 0.116200
0 0.904300 0.882400 0.026700 0.113700
0 0.294300 0.772500 0.039700 0.113500
0 0.712100 0.379000 0.024500 0.090200
0 0.959300 0.673300 0.038200 0.103900
0 0.668400 0.477500 0.027400 0.108700
0 0.814600 0.492900 0.021200 0.094300
0 0.087000 0.528600 0.031600 0.104100
0 0.347200 0.861700 0.033500 0.152200
0 0.057400 0.729400 0.026100 0.099500
0 0.119700 0.183900 0.027300 0.105100
0 0.599700 0.738100 0.027300 0.098500
0 0.302700 0.650300 0.027400 0.112400
0 0.151300 0.816700 0.034400 0.115800
0 0.419200 0.520900 0.031400 0.104700
0 0.175200 0.196800 0.027600 0.103500
0 0.545000 0.973000 0.031000 0.049700
0 0.768400 0.036700 0.025400 0.083500
0 0.090400 0.381000 0.026800 0.120300
0 0.033000 0.181000 0.034700 0.095700
0 0.336700 0.549900 0.023900 0.101800
0 0.517300 0.790000 0.027500 0.110200
0 0.484300 0.794000 0.032300 0.118600
0 0.409500 0.770700 0.024700 0.110600
0 0.067500 0.245200 0.028000 0.092600
0 0.714900 0.072800 0.025100 0.096500
0 0.245500 0.119900 0.021400 0.078500
0 0.861500 0.287400 0.023700 0.092300
0 0.931900 0.714400 0.026500 0.090900
0 0.966300 0.352200 0.026300 0.110000
0 0.271000 0.229600 0.022500 0.090700
0 0.714400 0.869400 0.036100 0.116600
0 0.365300 0.411000 0.025000 0.096000
0 0.393600 0.402300 0.024200 0.112600
0 0.533200 0.490700 0.026300 0.098000
0 0.454900 0.554900 0.029000 0.097100
0 0.011300 0.863400 0.024100 0.176700
0 0.639300 0.223200 0.024300 0.096900
0 0.148500 0.246800 0.030400 0.095200
0 0.512000 0.617800 0.027100 0.102300
0 0.479100 0.586700 0.032000 0.077000
0 0.930900 0.648900 0.023400 0.067700
0 0.381800 0.617700 0.023500 0.094200
0 0.825300 0.213600 0.028400 0.101800
0 0.665500 0.129500 0.029700 0.086400
0 0.904000 0.271600 0.026800 0.093300
0 0.666400 0.339500 0.023300 0.088400
0 0.592200 0.739900 0.021600 0.125100
0 0.394000 0.606900 0.029800 0.141100
0 0.458100 0.476500 0.026900 0.080800
0 0.132200 0.629000 0.023000 0.109000
0 0.132200 0.378500 0.021800 0.128700
0 0.462100 0.386300 0.028600 0.096200
0 0.929900 0.229400 0.022100 0.085100
0 0.864500 0.523400 0.024000 0.082600
0 0.962200 0.492700 0.021300 0.096800
0 0.574700 0.492200 0.029500 0.162700
0 0.259400 0.990600 0.020300 0.017000
0 0.332700 0.444800 0.026500 0.100400
0 0.059100 0.146400 0.022100 0.080100
0 0.271900 0.583300 0.024400 0.100400
0 0.525500 0.727400 0.031200 0.073600
0 0.216200 0.179100 0.024900 0.133900
0 0.601800 0.383200 0.028100 0.099400
0 0.150300 0.192100 0.023500 0.096800
0 0.408800 0.051400 0.025100 0.099100
0 0.486800 0.661600 0.025800 0.090300
0 0.196500 0.443600 0.029000 0.104300
0 0.107900 0.380900 0.034600 0.122100
0 0.992200 0.447600 0.013600 0.122100
0 0.963400 0.459000 0.024200 0.058200
0 0.572400 0.067400 0.026300 0.081100
0 0.636000 0.485700 0.033100 0.129800
0 0.215300 0.551600 0.023700 0.099200
0 0.347100 0.805400 0.035300 0.076700
0 0.708400 0.111100 0.033700 0.137000
0 0.008400 0.525200 0.014800 0.112700
0 0.284100 0.982200 0.022400 0.033800
0 0.597900 0.536900 0.026600 0.100000
0 0.164200 0.553300 0.028800 0.060100
0 0.902400 0.214700 0.021100 0.055900
0 0.182800 0.988500 0.027400 0.020800
0 0.638500 0.535900 0.026300 0.106800
0 0.501600 0.058100 0.024000 0.091400
0 0.789700 0.320900 0.037500 0.120000
0 0.018900 0.774200 0.032500 0.093600
0 0.322300 0.287900 0.028400 0.095600
0 0.161700 0.384700 0.035400 0.120200
0 0.520900 0.040000 0.024400 0.087500
0 0.322400 0.209700 0.023900 0.080900
0 0.305600 0.867100 0.021300 0.088500
0 0.675000 0.477200 0.022900 0.079200
0 0.505000 0.490800 0.023900 0.100700
0 0.144600 0.379900 0.032100 0.128300
0 0.622900 0.043700 0.025500 0.083700
0 0.507500 0.147100 0.028500 0.090800
0 0.237700 0.366400 0.022900 0.100600
0 0.299500 0.159700 0.023200 0.105200
0 0.723900 0.300500 0.038300 0.125900
0 0.401900 0.338300 0.017400 0.064100
0 0.376563 0.221528 0.018750 0.106944
0 0.400781 0.191667 0.020312 0.097222
0 0.431641 0.229167 0.022656 0.100000
0 0.471094 0.268750 0.020312 0.106944
0 0.517578 0.287500 0.017969 0.066667
0 0.488281 0.363194 0.015625 0.073611
0 0.487109 0.429167 0.016406 0.058333
0 0.517969 0.381250 0.018750 0.079167
0 0.544922 0.347917 0.021094 0.093056
0 0.574219 0.332639 0.023438 0.095833
0 0.552344 0.251389 0.021875 0.077778
0 0.592969 0.206944 0.021875 0.061111
0 0.582422 0.268750 0.019531 0.070833
0 0.557422 0.190278 0.027344 0.077778
0 0.521875 0.202778 0.021875 0.075000
0 0.482422 0.208333 0.030469 0.069444
0 0.448438 0.153472 0.026563 0.093056
0 0.467969 0.136111 0.029687 0.077778
0 0.467578 0.071528 0.021094 0.062500
0 0.444922 0.063889 0.021094 0.052778
0 0.437109 0.095833 0.021094 0.063889
0 0.329688 0.095139 0.018750 0.056944
0 0.335156 0.140972 0.020312 0.062500
0 0.357031 0.129861 0.020312 0.084722
0 0.377344 0.126389 0.017188 0.072222
0 0.305078 0.090972 0.022656 0.045833
0 0.308594 0.047917 0.023438 0.056944
0 0.328906 0.050000 0.020312 0.055556
0 0.627734 0.116667 0.025781 0.083333
0 0.578516 0.117361 0.027344 0.081944
0 0.755469 0.231250 0.021875 0.081944
0 0.880859 0.248611 0.019531 0.111111
0 0.989844 0.172222 0.020312 0.097222
0 0.983203 0.503472 0.024219 0.112500
0 0.212500 0.376389 0.028125 0.102778
0 0.173438 0.429167 0.025000 0.113889
0 0.225391 0.285417 0.021094 0.081944
0 0.243359 0.292361 0.021094 0.081944
0 0.270703 0.306944 0.021094 0.086111
0 0.310156 0.381944 0.032812 0.097222
0 0.258984 0.481250 0.032031 0.079167
0 0.231250 0.471528 0.023438 0.095833
0 0.252344 0.429167 0.018750 0.063889
0 0.300391 0.271528 0.019531 0.087500
0 0.200781 0.048611 0.034375 0.091667
0 0.422266 0.363889 0.022656 0.113889
0 0.737109 0.868056 0.025781 0.122222
0 0.498437 0.729167 0.025000 0.091667
0 0.635938 0.354167 0.025000 0.116667
0 0.642187 0.287500 0.021875 0.080556
0 0.690234 0.275000 0.021094 0.108333
0 0.682813 0.219444 0.025000 0.072222
