26 0.910300 0.166300 0.017400 0.030900
26 0.492300 0.538300 0.017900 0.037000
26 0.457000 0.588600 0.021300 0.089400
0 0.870500 0.369400 0.026500 0.089700
0 0.761000 0.478700 0.026400 0.099200
0 0.607500 0.921400 0.034700 0.128900
0 0.651600 0.632500 0.028700 0.104200
0 0.786400 0.401800 0.022900 0.117100
0 0.851900 0.660500 0.024600 0.112500
0 0.918400 0.457800 0.027600 0.113200
0 0.861000 0.136200 0.025700 0.093500
0 0.924100 0.617500 0.028300 0.101900
0 0.522000 0.660900 0.025200 0.114800
0 0.331400 0.802400 0.035200 0.118100
0 0.260500 0.671300 0.031600 0.123200
0 0.042800 0.525900 0.025600 0.112600
0 0.398500 0.652300 0.025600 0.107000
0 0.695900 0.832300 0.032000 0.128700
0 0.911200 0.774400 0.027800 0.124800
0 0.426500 0.485200 0.030600 0.137500
0 0.515900 0.794700 0.040700 0.116600
0 0.152900 0.721600 0.033400 0.114200
0 0.709500 0.399300 0.033600 0.123700
0 0.639500 0.833100 0.035000 0.114300
0 0.355900 0.661700 0.024400 0.102500
0 0.079900 0.277700 0.038600 0.122800
0 0.306000 0.709100 0.030100 0.094400
0 0.225400 0.697300 0.031900 0.134100
0 0.490300 0.552800 0.024500 0.106800
0 0.090400 0.957000 0.029000 0.092100
0 0.141900 0.945500 0.039700 0.102500
0 0.582400 0.052700 0.025900 0.096100
0 0.278100 0.566500 0.023500 0.104300
0 0.082700 0.428400 0.025500 0.115600
0 0.393200 0.336000 0.026800 0.119400
0 0.898300 0.168700 0.037900 0.113700
0 0.016400 0.728000 0.031800 0.134100
0 0.153200 0.158000 0.023000 0.118100
0 0.529600 0.973200 0.038700 0.052000
0 0.495700 0.662400 0.027000 0.105800
0 0.456000 0.598500 0.029800 0.130600
0 0.978900 0.597300 0.029500 0.100500
0 0.689800 0.569300 0.025200 0.081300
0 0.052000 0.707100 0.038800 0.124400
0 0.050400 0.160600 0.036000 0.112000
0 0.142900 0.339500 0.026600 0.104700
0 0.849500 0.945500 0.027300 0.091200
0 0.934300 0.320900 0.021200 0.095000
0 0.104200 0.571500 0.025400 0.104600
0 0.123600 0.269400 0.025400 0.119100
0 0.167000 0.286300 0.025700 0.106100
0 0.132200 0.474300 0.023100 0.087000
0 0.066700 0.957600 0.030100 0.078000
0 0.763800 0.973900 0.032900 0.052900
0 0.931800 0.966500 0.035900 0.068300
0 0.667600 0.055200 0.026100 0.090800
0 0.742700 0.068900 0.023500 0.091900
0 0.521500 0.134700 0.021800 0.103000
0 0.318500 0.355400 0.025500 0.101000
0 0.813800 0.036900 0.021400 0.083700
0 0.104900 0.509600 0.025200 0.065300
0 0.911800 0.303900 0.020800 0.075800
0 0.336500 0.521800 0.026300 0.121200
0 0.783600 0.806100 0.030200 0.130000
0 0.909200 0.382700 0.019300 0.068300
0 0.286500 0.979700 0.029100 0.037800
0 0.361500 0.336700 0.023200 0.093100
0 0.987800 0.931000 0.019500 0.104800
0 0.903900 0.667600 0.033000 0.081600
0 0.304800 0.119300 0.026400 0.096400
0 0.807600 0.133200 0.026100 0.089100
0 0.643700 0.144800 0.025500 0.095500
0 0.821300 0.980300 0.034500 0.035300
0 0.193600 0.290600 0.030100 0.102000
0 0.951100 0.584900 0.024300 0.101700
0 0.377900 0.521500 0.037400 0.129300
0 0.017300 0.131500 0.028900 0.097500
0 0.974300 0.412400 0.021100 0.088100
0 0.571700 0.982100 0.026900 0.034100
0 0.966000 0.272500 0.028400 0.096500
0 0.208800 0.074100 0.024900 0.068500
0 0.471800 0.816200 0.023700 0.105400
0 0.663600 0.380500 0.024800 0.078000
0 0.267300 0.041000 0.021700 0.089000
0 0.309200 0.492800 0.027400 0.102800
0 0.043400 0.665500 0.029300 0.078200
0 0.164700 0.474700 0.033200 0.126300
0 0.472800 0.068000 0.027400 0.090400
0 0.255000 0.494700 0.025900 0.100200
0 0.325900 0.038900 0.024600 0.083600
0 0.081600 0.536600 0.024100 0.090600
0 0.608100 0.426500 0.032200 0.142100
0 0.004200 0.443300 0.008900 0.104800
0 0.286300 0.800900 0.037300 0.112300
0 0.745000 0.358600 0.037100 0.107400
0 0.476400 0.508100 0.028800 0.097200
0 0.411100 0.116900 0.024600 0.106700
0 0.184300 0.368600 0.026700 0.096600
0 0.612300 0.478500 0.024800 0.097400
0 0.744300 0.255800 0.027300 0.094700
0 0.303000 0.225500 0.025100 0.102200
0 0.694800 0.307300 0.027600 0.073000
0 0.994000 0.428600 0.012600 0.115400
0 0.684800 0.630400 0.024600 0.087100
0 0.273700 0.321800 0.022800 0.099700
0 0.261200 0.988500 0.022700 0.021100
0 0.522800 0.413500 0.027400 0.091700
0 0.216700 0.286900 0.023800 0.096200
0 0.334200 0.240700 0.027100 0.087500
0 0.757700 0.788700 0.024400 0.107900
0 0.416500 0.289300 0.020400 0.091500
0 0.284500 0.226200 0.023500 0.109900
0 0.710400 0.180600 0.023100 0.110700
0 0.583800 0.149700 0.025600 0.100700
0 0.961700 0.932600 0.026300 0.081700
0 0.544300 0.041100 0.024200 0.087200
0 0.007100 0.725600 0.012600 0.121400
0 0.975800 0.930100 0.039800 0.111300
0 0.206300 0.145100 0.037700 0.117500
0 0.913700 0.356200 0.035100 0.127700
0 0.119000 0.959200 0.030300 0.084400
0 0.330200 0.167700 0.026300 0.085500
0 0.669922 0.268750 0.017969 0.093056
0 0.631250 0.243056 0.028125 0.094444
0 0.608984 0.286806 0.028906 0.073611
0 0.598047 0.334722 0.021094 0.052778
0 0.576172 0.331944 0.032031 0.094444
0 0.589453 0.267361 0.028906 0.087500
0 0.560547 0.268056 0.025781 0.063889
0 0.512109 0.315278 0.030469 0.077778
0 0.500391 0.350000 0.028906 0.066667
0 0.491797 0.414583 0.022656 0.087500
0 0.444922 0.397222 0.033594 0.083333
0 0.521094 0.272917 0.021875 0.093056
0 0.530469 0.213194 0.026563 0.079167
0 0.498047 0.227778 0.033594 0.102778
0 0.473828 0.199306 0.030469 0.095833
0 0.473828 0.129167 0.030469 0.072222
0 0.433203 0.159722 0.019531 0.097222
0 0.444531 0.104861 0.018750 0.048611
0 0.248047 0.184722 0.032031 0.083333
0 0.233984 0.222917 0.027344 0.079167
0 0.205859 0.202083 0.027344 0.056944
0 0.206641 0.369444 0.021094 0.113889
0 0.224219 0.397222 0.017188 0.102778
0 0.247266 0.356250 0.024219 0.065278
0 0.262500 0.403472 0.025000 0.079167
0 0.290625 0.402083 0.034375 0.073611
0 0.464063 0.726389 0.032812 0.100000
