26 0.901500 0.177000 0.017700 0.031400
26 0.899600 0.167600 0.024800 0.069200
26 0.698200 0.319300 0.016700 0.030900
24 0.144100 0.949100 0.027100 0.084400
0 0.861600 0.132500 0.025100 0.135900
0 0.865900 0.356100 0.026600 0.087900
0 0.789600 0.413800 0.027200 0.096500
0 0.601400 0.929500 0.031200 0.119000
0 0.854400 0.644400 0.030900 0.123500
0 0.976100 0.605700 0.026400 0.099700
0 0.635200 0.848600 0.025800 0.117300
0 0.085600 0.445500 0.029100 0.096900
0 0.706900 0.418700 0.031600 0.127600
0 0.402000 0.674100 0.028700 0.123900
0 0.081100 0.295400 0.036500 0.126100
0 0.919100 0.447600 0.021500 0.122300
0 0.761700 0.464600 0.026600 0.095000
0 0.154500 0.731000 0.033700 0.118200
0 0.017300 0.131600 0.031800 0.100800
0 0.130100 0.457300 0.022900 0.094500
0 0.285900 0.822200 0.031400 0.132700
0 0.353100 0.649800 0.024500 0.105000
0 0.463100 0.598300 0.023900 0.102300
0 0.838200 0.961500 0.035000 0.075300
0 0.810700 0.028900 0.022300 0.064100
0 0.904300 0.692300 0.028700 0.085700
0 0.425800 0.481900 0.028300 0.150100
0 0.049300 0.175800 0.039300 0.119900
0 0.909400 0.792500 0.030400 0.132900
0 0.306900 0.733700 0.043300 0.100600
0 0.810400 0.143900 0.024600 0.131500
0 0.948700 0.599000 0.024900 0.108000
0 0.912500 0.286400 0.020100 0.072800
0 0.262800 0.696100 0.034700 0.115700
0 0.694500 0.841600 0.034600 0.116800
0 0.096400 0.961500 0.031300 0.067400
0 0.939300 0.977400 0.031100 0.047000
0 0.924600 0.629200 0.024700 0.091300
0 0.335400 0.818300 0.034800 0.133400
0 0.765000 0.805800 0.043300 0.122100
0 0.139000 0.157600 0.027000 0.101200
0 0.142200 0.950100 0.045300 0.091200
0 0.652300 0.648900 0.029200 0.115600
0 0.989300 0.946700 0.018600 0.103600
0 0.287700 0.979800 0.030200 0.039100
0 0.939000 0.302500 0.019800 0.093100
0 0.163600 0.449400 0.025000 0.100100
0 0.964400 0.949100 0.029600 0.091400
0 0.899600 0.179400 0.024000 0.089200
0 0.521200 0.677300 0.023900 0.116700
0 0.279900 0.584900 0.025700 0.112500
0 0.252800 0.177400 0.023100 0.080700
0 0.495100 0.570200 0.023500 0.080600
0 0.524300 0.426200 0.026400 0.092600
0 0.614900 0.461600 0.021900 0.101800
0 0.683200 0.576100 0.032200 0.126200
0 0.966400 0.288300 0.026900 0.090900
0 0.525600 0.787300 0.022600 0.125300
0 0.642700 0.150700 0.026700 0.091100
0 0.371100 0.552800 0.030300 0.098700
0 0.737500 0.130300 0.021900 0.104200
0 0.742300 0.350900 0.025800 0.100600
0 0.583000 0.043400 0.025700 0.080200
0 0.993000 0.444000 0.014400 0.110200
0 0.043400 0.537200 0.026400 0.086800
0 0.122700 0.254700 0.026300 0.099400
0 0.757200 0.976300 0.028700 0.046900
0 0.067800 0.965400 0.036700 0.063800
0 0.357800 0.346900 0.025100 0.103500
0 0.478000 0.523700 0.025400 0.093000
0 0.695900 0.322900 0.027300 0.078600
0 0.519300 0.115700 0.021100 0.090500
0 0.669400 0.067000 0.024000 0.093800
0 0.303900 0.113300 0.020400 0.105500
0 0.168100 0.272900 0.028100 0.092900
0 0.470500 0.074600 0.025700 0.095700
0 0.319200 0.490900 0.034100 0.125900
0 0.289900 0.401400 0.027300 0.103600
0 0.759800 0.258500 0.039700 0.128500
0 0.433700 0.166300 0.026900 0.099000
0 0.338800 0.504800 0.026400 0.091900
0 0.664700 0.398400 0.023600 0.081000
0 0.972400 0.431900 0.021800 0.109400
0 0.196700 0.305100 0.032700 0.093400
0 0.911600 0.338000 0.022200 0.071300
0 0.221300 0.303000 0.024700 0.090800
0 0.223800 0.663400 0.028800 0.084000
0 0.325300 0.161800 0.022100 0.085400
0 0.143500 0.321900 0.023600 0.106500
0 0.395700 0.349200 0.025000 0.119900
0 0.105300 0.550500 0.040400 0.125800
0 0.333500 0.227600 0.026100 0.090900
0 0.574200 0.990500 0.024800 0.017500
0 0.385600 0.511200 0.028500 0.092700
0 0.974700 0.270600 0.039000 0.132800
0 0.512900 0.701100 0.032400 0.151400
0 0.261100 0.988900 0.020600 0.021100
0 0.270900 0.306700 0.023500 0.092400
0 0.210300 0.085900 0.024700 0.067000
0 0.496400 0.394700 0.031900 0.144800
0 0.183300 0.378400 0.026900 0.098000
0 0.569600 0.455400 0.030800 0.159200
0 0.283900 0.227000 0.021900 0.095800
0 0.637100 0.036500 0.032200 0.075800
0 0.257900 0.505700 0.023600 0.094500
0 0.549800 0.035500 0.021500 0.075900
0 0.948100 0.010300 0.016100 0.022900
0 0.742200 0.079700 0.033700 0.149600
0 0.004900 0.459600 0.010500 0.121200
0 0.224400 0.412200 0.025800 0.094400
0 0.974500 0.947200 0.022200 0.097100
0 0.549900 0.274900 0.021700 0.123600
0 0.417700 0.306600 0.024400 0.088600
0 0.231000 0.229200 0.022800 0.064600
0 0.473047 0.831250 0.025781 0.104167
0 0.461328 0.732639 0.028906 0.098611
0 0.527734 0.200000 0.022656 0.055556
0 0.527344 0.284028 0.025000 0.104167
0 0.498437 0.240278 0.023438 0.088889
0 0.476172 0.197222 0.027344 0.094444
0 0.478906 0.140278 0.023438 0.050000
0 0.580078 0.115278 0.025781 0.061111
0 0.582031 0.180556 0.023438 0.058333
0 0.569922 0.301389 0.024219 0.075000
0 0.598828 0.334028 0.011719 0.068056
0 0.600391 0.389583 0.022656 0.081944
0 0.612109 0.283333 0.027344 0.100000
0 0.426562 0.102083 0.025000 0.065278
0 0.367578 0.150000 0.019531 0.088889
0 0.390234 0.119444 0.030469 0.100000
0 0.359766 0.061111 0.022656 0.088889
0 0.206641 0.172917 0.025781 0.095833
0 0.279297 0.040972 0.022656 0.070833
0 0.062500 0.744444 0.035937 0.125000
0 0.039062 0.675694 0.032812 0.065278
0 0.017188 0.740972 0.034375 0.115278
0 0.014453 0.655556 0.027344 0.080556
