26 0.645200 0.831400 0.014100 0.041400
26 0.044800 0.933300 0.015200 0.026100
26 0.857600 0.433700 0.013600 0.033300
26 0.711600 0.913700 0.012600 0.030300
24 0.320300 0.739400 0.017100 0.031900
24 0.041300 0.770700 0.016700 0.034500
0 0.508600 0.928500 0.037100 0.128500
0 0.453700 0.804600 0.037700 0.119800
0 0.668900 0.580100 0.026000 0.097500
0 0.755300 0.412800 0.026700 0.096400
0 0.935200 0.551500 0.029500 0.114000
0 0.918700 0.694500 0.027100 0.121500
0 0.864900 0.193700 0.022800 0.104900
0 0.391600 0.570400 0.022300 0.101900
0 0.555200 0.941100 0.039800 0.111200
0 0.040900 0.089600 0.027500 0.109800
0 0.759100 0.551300 0.025400 0.098100
0 0.989700 0.538700 0.019200 0.096900
0 0.880700 0.617700 0.033500 0.110500
0 0.115300 0.896800 0.043700 0.121500
0 0.900600 0.430100 0.023900 0.130800
0 0.055500 0.612300 0.032400 0.125200
0 0.941100 0.381300 0.022800 0.104900
0 0.075000 0.197500 0.040400 0.117100
0 0.025800 0.194400 0.031800 0.099200
0 0.762900 0.324500 0.023000 0.093200
0 0.075800 0.356500 0.028000 0.098300
0 0.868500 0.433700 0.028100 0.097500
0 0.696100 0.754200 0.033900 0.120800
0 0.866300 0.887900 0.034500 0.129800
0 0.908700 0.537700 0.022600 0.121700
0 0.461400 0.494500 0.024100 0.129300
0 0.820900 0.073500 0.023300 0.101500
0 0.660000 0.847600 0.028200 0.107900
0 0.122100 0.335200 0.024000 0.126300
0 0.665100 0.773800 0.029200 0.082100
0 0.682500 0.975500 0.032400 0.047600
0 0.049800 0.785800 0.036500 0.116300
0 0.169700 0.238300 0.029500 0.108700
0 0.915900 0.893400 0.026300 0.096900
0 0.302800 0.765900 0.035600 0.126800
0 0.145800 0.555400 0.026800 0.105400
0 0.478300 0.651300 0.026400 0.102800
0 0.913300 0.100900 0.024200 0.101400
0 0.575700 0.087900 0.022900 0.096600
0 0.790600 0.073700 0.026500 0.092100
0 0.955400 0.053300 0.019800 0.103200
0 0.990300 0.709000 0.017500 0.117000
0 0.306600 0.567500 0.024000 0.116700
0 0.693600 0.329900 0.035500 0.119700
0 0.012700 0.083000 0.024900 0.101800
0 0.479000 0.738400 0.025600 0.094100
0 0.980900 0.867100 0.026100 0.102100
0 0.433700 0.538800 0.024700 0.119200
0 0.283400 0.634700 0.029500 0.090900
0 0.651600 0.081400 0.026200 0.095800
0 0.120700 0.698100 0.039900 0.105000
0 0.989100 0.353900 0.020200 0.093900
0 0.513300 0.601700 0.024500 0.099400
0 0.084000 0.523000 0.025100 0.092900
0 0.166300 0.553200 0.027600 0.106500
0 0.492800 0.604000 0.023000 0.093700
0 0.700100 0.914100 0.029000 0.092400
0 0.794700 0.950000 0.039900 0.103300
0 0.847900 0.768800 0.036700 0.117800
0 0.716200 0.649300 0.028100 0.095400
0 0.914700 0.367600 0.021100 0.078300
0 0.285900 0.976500 0.028500 0.043500
0 0.925000 0.960700 0.031000 0.075100
0 0.615500 0.554100 0.021800 0.090700
0 0.234000 0.599100 0.036000 0.122600
0 0.965600 0.538000 0.025900 0.113600
0 0.445900 0.666900 0.026600 0.091500
0 0.355200 0.479400 0.024500 0.096100
0 0.277200 0.759900 0.024300 0.116000
0 0.957600 0.867900 0.024200 0.100600
0 0.322700 0.571300 0.024300 0.099600
0 0.431100 0.085200 0.028700 0.096700
0 0.409600 0.240100 0.020200 0.095800
0 0.473200 0.443400 0.026300 0.087900
0 0.021800 0.644200 0.040500 0.119100
0 0.647600 0.965400 0.029000 0.057000
0 0.982000 0.364800 0.020200 0.088900
0 0.964200 0.207900 0.028200 0.090300
0 0.166900 0.353400 0.029300 0.093700
0 0.331900 0.585000 0.023900 0.107100
0 0.259400 0.788000 0.026300 0.087200
0 0.365000 0.731100 0.027300 0.076100
0 0.783700 0.726900 0.021700 0.100700
0 0.143900 0.037500 0.021800 0.083900
0 0.746800 0.121800 0.023900 0.086200
0 0.067800 0.961900 0.031700 0.077200
0 0.991100 0.037800 0.017800 0.078200
0 0.540100 0.084900 0.017500 0.095500
0 0.285800 0.379500 0.028400 0.114700
0 0.847800 0.055000 0.020600 0.087500
0 0.725600 0.696900 0.022500 0.088100
0 0.261600 0.244700 0.027000 0.086500
0 0.487200 0.366900 0.024600 0.093200
0 0.770400 0.727300 0.040600 0.111300
0 0.356500 0.286300 0.028500 0.097600
0 0.869300 0.055900 0.019400 0.077000
0 0.072000 0.885100 0.027500 0.076700
0 0.652300 0.323700 0.022800 0.084200
0 0.517900 0.367000 0.027100 0.102400
0 0.046000 0.488300 0.048000 0.098700
0 0.892800 0.053300 0.020500 0.101300
0 0.759700 0.197700 0.026400 0.092800
0 0.194500 0.229800 0.023300 0.108600
0 0.584000 0.384100 0.021000 0.098500
0 0.798000 0.731300 0.037700 0.121300
0 0.216600 0.192300 0.025100 0.097100
0 0.319500 0.072200 0.023300 0.085800
0 0.443900 0.396200 0.032500 0.081900
0 0.193000 0.085500 0.025400 0.112500
0 0.208800 0.041000 0.027500 0.088900
0 0.408300 0.417000 0.029600 0.099500
0 0.736400 0.199300 0.027300 0.100400
0 0.618400 0.364500 0.022900 0.086200
0 0.029300 0.444400 0.029100 0.075500
0 0.674700 0.088600 0.023900 0.059200
0 0.616000 0.514600 0.027700 0.158300
0 0.615000 0.478500 0.023600 0.079200
0 0.387800 0.284800 0.025100 0.103900
0 0.211600 0.303900 0.022900 0.087400
0 0.778906 0.242361 0.026563 0.079167
0 0.988281 0.137500 0.021875 0.108333
0 0.720312 0.285417 0.018750 0.112500
0 0.687500 0.249306 0.023438 0.045833
0 0.712891 0.211806 0.024219 0.043056
0 0.662891 0.222917 0.028906 0.090278
0 0.646094 0.159722 0.018750 0.066667
0 0.678125 0.141667 0.037500 0.066667
0 0.621484 0.180556 0.021094 0.105556
0 0.595703 0.184722 0.016406 0.055556
0 0.592969 0.239583 0.025000 0.056944
0 0.558594 0.269444 0.017188 0.047222
0 0.534766 0.292361 0.019531 0.045833
0 0.509766 0.290278 0.022656 0.055556
0 0.494531 0.270139 0.021875 0.070833
0 0.506250 0.198611 0.018750 0.083333
0 0.521094 0.168750 0.018750 0.081944
0 0.540625 0.177778 0.017188 0.075000
0 0.462891 0.218056 0.016406 0.058333
0 0.444531 0.313889 0.023438 0.072222
0 0.447656 0.245139 0.029687 0.062500
0 0.389844 0.206250 0.020312 0.045833
0 0.467578 0.149306 0.022656 0.076389
0 0.489062 0.149306 0.020312 0.079167
0 0.458984 0.111806 0.021094 0.068056
0 0.487891 0.066667 0.025781 0.066667
0 0.468359 0.036111 0.027344 0.063889
0 0.362891 0.141667 0.017969 0.080556
0 0.334766 0.045833 0.024219 0.061111
0 0.337109 0.156250 0.019531 0.054167
0 0.310547 0.146528 0.025781 0.054167
0 0.278125 0.127083 0.029687 0.051389
0 0.307422 0.197917 0.014844 0.045833
0 0.329688 0.205556 0.021875 0.047222
0 0.304688 0.254167 0.020312 0.066667
0 0.330078 0.281250 0.021094 0.065278
0 0.323438 0.332639 0.029687 0.062500
0 0.312500 0.399306 0.021875 0.056944
0 0.375781 0.452083 0.029687 0.115278
0 0.296484 0.472917 0.019531 0.062500
0 0.267578 0.489583 0.021094 0.079167
0 0.246094 0.424306 0.028125 0.087500
0 0.155469 0.418750 0.018750 0.109722
0 0.224219 0.339583 0.026563 0.084722
0 0.242969 0.304167 0.015625 0.047222
0 0.255078 0.352083 0.033594 0.068056
0 0.189453 0.311111 0.022656 0.094444
0 0.195312 0.152778 0.025000 0.041667
0 0.214844 0.116667 0.021875 0.036111
0 0.263281 0.988194 0.020312 0.020833
0 0.133203 0.952083 0.028906 0.095833
0 0.096875 0.981250 0.025000 0.034722
0 0.043359 0.890972 0.030469 0.084722
