26 0.678700 0.477400 0.015800 0.035400
26 0.097100 0.385200 0.026100 0.084200
26 0.476000 0.802500 0.015900 0.027200
26 0.521600 0.615400 0.017000 0.038600
0 0.462800 0.911300 0.024400 0.128100
0 0.598000 0.926700 0.033900 0.123200
0 0.757600 0.385000 0.029500 0.100900
0 0.815100 0.506800 0.023400 0.120200
0 0.733900 0.506100 0.034500 0.128100
0 0.670500 0.712600 0.035700 0.108500
0 0.302800 0.652500 0.027800 0.111200
0 0.851100 0.064500 0.024900 0.098400
0 0.120100 0.181600 0.027500 0.108700
0 0.600500 0.736800 0.026300 0.102100
0 0.926100 0.353800 0.020500 0.111900
0 0.543200 0.973800 0.032300 0.046600
0 0.382700 0.628300 0.024900 0.112700
0 0.713000 0.381600 0.027300 0.086700
0 0.674600 0.929800 0.034700 0.122300
0 0.408600 0.773000 0.026800 0.105900
0 0.296100 0.775200 0.038300 0.108700
0 0.957100 0.677000 0.038000 0.109000
0 0.904200 0.884700 0.028100 0.096200
0 0.825800 0.223800 0.028600 0.130500
0 0.175900 0.190900 0.027900 0.104500
0 0.070500 0.630000 0.030900 0.110600
0 0.152000 0.820400 0.038200 0.121400
0 0.962000 0.491300 0.022600 0.127200
0 0.349600 0.863500 0.033300 0.155500
0 0.078400 0.800700 0.036500 0.116600
0 0.059100 0.728500 0.029900 0.091500
0 0.913500 0.770700 0.024200 0.084700
0 0.133400 0.633400 0.025100 0.114900
0 0.533400 0.489500 0.027100 0.102900
0 0.272800 0.586500 0.022800 0.122000
0 0.271100 0.228900 0.023500 0.092400
0 0.767600 0.040500 0.024000 0.088000
0 0.480900 0.801100 0.032600 0.116900
0 0.092300 0.387600 0.035000 0.121500
0 0.420000 0.521900 0.031800 0.084600
0 0.130200 0.369400 0.020400 0.098700
0 0.517400 0.794000 0.036200 0.117500
0 0.244500 0.118500 0.023200 0.081400
0 0.366400 0.412600 0.025700 0.090900
0 0.525400 0.728900 0.029500 0.076200
0 0.017800 0.787400 0.027800 0.113500
0 0.488200 0.652100 0.026600 0.091300
0 0.088300 0.537100 0.028500 0.093600
0 0.931500 0.722200 0.024500 0.104800
0 0.928700 0.229400 0.023000 0.090700
0 0.713100 0.070500 0.025800 0.100000
0 0.067800 0.245700 0.027700 0.097600
0 0.148700 0.244800 0.027000 0.096700
0 0.792600 0.324600 0.036000 0.116400
0 0.966300 0.352100 0.025500 0.112300
0 0.634400 0.520600 0.027800 0.087500
0 0.864200 0.512100 0.024000 0.084100
0 0.757600 0.241700 0.023700 0.119100
0 0.012500 0.888600 0.026800 0.173600
0 0.638500 0.224500 0.025700 0.092700
0 0.667400 0.338200 0.023000 0.082500
0 0.547900 0.365700 0.028100 0.108600
0 0.334600 0.539300 0.025100 0.076000
0 0.033700 0.181400 0.033900 0.091300
0 0.668400 0.477700 0.026400 0.087900
0 0.902800 0.270200 0.026400 0.099600
0 0.007600 0.537400 0.014200 0.095000
0 0.518000 0.629800 0.023700 0.098800
0 0.480100 0.598300 0.028800 0.082700
0 0.216300 0.181100 0.025100 0.117500
0 0.881500 0.256500 0.024300 0.108500
0 0.409000 0.053100 0.025300 0.101200
0 0.599800 0.538900 0.025500 0.101700
0 0.054900 0.145900 0.021900 0.077800
0 0.622800 0.044100 0.029100 0.086100
0 0.393400 0.411000 0.025800 0.105700
0 0.163300 0.368400 0.021200 0.095300
0 0.497900 0.057200 0.024500 0.077500
0 0.259300 0.990700 0.020100 0.016900
0 0.399400 0.586700 0.026200 0.092600
0 0.930700 0.650500 0.024000 0.067100
0 0.724900 0.289100 0.025400 0.095700
0 0.711000 0.886400 0.036000 0.134200
0 0.331500 0.444700 0.025300 0.092500
0 0.461200 0.386000 0.027300 0.079500
0 0.149600 0.191800 0.023300 0.104900
0 0.392200 0.614800 0.028400 0.147100
0 0.572900 0.058900 0.026600 0.075200
0 0.284400 0.982000 0.021800 0.032900
0 0.196400 0.442800 0.029600 0.093400
0 0.503500 0.492700 0.024100 0.106500
0 0.901900 0.212500 0.019400 0.058200
0 0.664900 0.132400 0.027600 0.088400
0 0.708000 0.853200 0.027100 0.077500
0 0.323500 0.209800 0.022300 0.080700
0 0.579200 0.513100 0.032900 0.129300
0 0.989300 0.180900 0.020400 0.088000
0 0.992700 0.460500 0.012500 0.123100
0 0.703400 0.137800 0.029600 0.146300
0 0.456700 0.557100 0.029100 0.094700
0 0.497300 0.724900 0.023700 0.065100
0 0.424300 0.367600 0.022300 0.096300
0 0.215200 0.395600 0.026900 0.108000
0 0.522600 0.040900 0.025400 0.090800
0 0.183200 0.989600 0.025200 0.018600
0 0.299900 0.160700 0.024100 0.102700
0 0.472400 0.056500 0.026400 0.089800
0 0.348100 0.807800 0.032800 0.070800
0 0.430859 0.234722 0.024219 0.102778
0 0.473047 0.270833 0.030469 0.097222
0 0.514063 0.299306 0.029687 0.079167
0 0.576953 0.327083 0.027344 0.095833
0 0.604688 0.375000 0.021875 0.091667
0 0.639844 0.364583 0.028125 0.106944
0 0.858984 0.284028 0.021094 0.079167
0 0.593750 0.213194 0.034375 0.079167
0 0.584375 0.258333 0.017188 0.058333
0 0.543750 0.244444 0.020312 0.083333
0 0.550000 0.183333 0.026563 0.086111
0 0.575391 0.123611 0.025781 0.080556
0 0.626172 0.127083 0.025781 0.073611
0 0.507422 0.120833 0.025781 0.061111
0 0.518359 0.201389 0.030469 0.086111
0 0.483984 0.217361 0.032031 0.084722
0 0.462500 0.189583 0.023438 0.087500
0 0.442969 0.159028 0.021875 0.104167
0 0.467187 0.126389 0.026563 0.077778
0 0.439063 0.113889 0.032812 0.094444
0 0.467187 0.070139 0.025000 0.065278
0 0.405078 0.195139 0.032031 0.098611
0 0.378516 0.213194 0.017969 0.093056
0 0.376953 0.145833 0.016406 0.083333
0 0.390625 0.102778 0.023438 0.075000
0 0.361328 0.133333 0.017969 0.100000
0 0.337500 0.149306 0.025000 0.079167
0 0.328516 0.091667 0.019531 0.052778
0 0.305469 0.088889 0.025000 0.058333
0 0.305859 0.036111 0.021094 0.063889
0 0.335547 0.044444 0.028906 0.063889
0 0.308203 0.383333 0.027344 0.097222
0 0.299219 0.281250 0.025000 0.106944
0 0.322266 0.279167 0.027344 0.100000
0 0.246484 0.295139 0.027344 0.090278
0 0.225000 0.289583 0.028125 0.098611
0 0.241016 0.360417 0.030469 0.098611
0 0.251563 0.447917 0.025000 0.076389
0 0.264844 0.500000 0.032812 0.088889
0 0.236328 0.484722 0.025781 0.125000
0 0.213281 0.544444 0.032812 0.119444
0 0.173828 0.430556 0.025781 0.108333
