26 0.524800 0.411200 0.023800 0.035600
26 0.503100 0.558000 0.013500 0.038100
24 0.899900 0.182200 0.017700 0.041300
0 0.588700 0.941200 0.037300 0.114200
0 0.632800 0.853600 0.027700 0.102000
0 0.690500 0.851300 0.028400 0.107700
0 0.154200 0.740500 0.038400 0.114000
0 0.854500 0.621700 0.023500 0.120800
0 0.857100 0.114400 0.026100 0.097200
0 0.654200 0.657800 0.030500 0.124100
0 0.403100 0.689400 0.021100 0.119000
0 0.865200 0.339500 0.026800 0.083400
0 0.336500 0.824200 0.033100 0.124000
0 0.315100 0.744100 0.030100 0.093600
0 0.834300 0.966300 0.035500 0.073100
0 0.926200 0.635600 0.027200 0.085400
0 0.975200 0.617400 0.024100 0.086600
0 0.761600 0.449500 0.025200 0.091400
0 0.476900 0.539600 0.024300 0.102500
0 0.966800 0.291900 0.027600 0.104500
0 0.086600 0.458200 0.030000 0.102000
0 0.794600 0.425000 0.026000 0.094900
0 0.268300 0.701800 0.035000 0.121800
0 0.919800 0.429400 0.020800 0.113600
0 0.972600 0.956200 0.032600 0.087900
0 0.521700 0.681500 0.025600 0.096000
0 0.708700 0.432100 0.033500 0.129600
0 0.896100 0.191900 0.024600 0.102400
0 0.945500 0.600200 0.022800 0.089500
0 0.260000 0.518700 0.025800 0.108500
0 0.080600 0.307600 0.041300 0.122300
0 0.667300 0.416400 0.027100 0.092300
0 0.699100 0.334500 0.026700 0.093300
0 0.941800 0.981900 0.036900 0.036900
0 0.148300 0.958000 0.034600 0.080200
0 0.168300 0.258700 0.029500 0.097100
0 0.223900 0.646800 0.027000 0.104200
0 0.613200 0.456700 0.023500 0.124600
0 0.935000 0.292700 0.021700 0.097000
0 0.465500 0.602600 0.022600 0.114100
0 0.816400 0.161100 0.028400 0.097200
0 0.018900 0.146700 0.030100 0.108600
0 0.471300 0.826700 0.026900 0.133900
0 0.161200 0.440600 0.025500 0.101000
0 0.144200 0.315500 0.025100 0.115700
0 0.909300 0.796900 0.028900 0.133600
0 0.642400 0.165500 0.025700 0.095100
0 0.045000 0.539900 0.029200 0.078100
0 0.350700 0.631900 0.023300 0.118100
0 0.975200 0.432000 0.023200 0.114400
0 0.989600 0.958000 0.019700 0.083200
0 0.585000 0.040400 0.025200 0.083300
0 0.991800 0.445000 0.016200 0.124100
0 0.050800 0.741000 0.046500 0.105700
0 0.909100 0.696600 0.028500 0.076800
0 0.121600 0.243800 0.027100 0.119600
0 0.052700 0.180200 0.029000 0.105100
0 0.677200 0.527500 0.023800 0.063700
0 0.113300 0.570800 0.038500 0.113100
0 0.535700 0.776100 0.030000 0.120500
0 0.286300 0.979700 0.029900 0.038400
0 0.677200 0.588800 0.025300 0.081200
0 0.224100 0.307900 0.026900 0.096000
0 0.285700 0.826200 0.032000 0.123500
0 0.127700 0.445700 0.022600 0.090300
0 0.271000 0.300000 0.023900 0.103100
0 0.119500 0.455100 0.042200 0.111800
0 0.097700 0.966300 0.035100 0.060300
0 0.514300 0.105500 0.020200 0.085300
0 0.038400 0.695600 0.027300 0.077100
0 0.337600 0.494400 0.029300 0.092600
0 0.286400 0.589900 0.040500 0.110200
0 0.127600 0.151100 0.018500 0.099300
0 0.497100 0.571400 0.021200 0.094100
0 0.237500 0.255100 0.021700 0.105700
0 0.471200 0.088000 0.025800 0.089400
0 0.316500 0.464400 0.025200 0.102900
0 0.013100 0.681100 0.022400 0.092400
0 0.991200 0.291500 0.017600 0.109400
0 0.252500 0.166500 0.024000 0.075000
0 0.731700 0.120100 0.024500 0.091700
0 0.512800 0.707000 0.033600 0.131100
0 0.810200 0.026800 0.023600 0.058200
0 0.775000 0.820000 0.026400 0.098300
0 0.503500 0.726300 0.026000 0.082700
0 0.754300 0.980800 0.028300 0.039700
0 0.336100 0.213400 0.026000 0.085200
0 0.013500 0.758200 0.029800 0.133300
0 0.910500 0.276000 0.020000 0.067700
0 0.667600 0.073400 0.024700 0.085600
0 0.203700 0.168500 0.033700 0.153100
0 0.635500 0.052800 0.031600 0.088000
0 0.492000 0.118300 0.021500 0.082700
0 0.225800 0.415700 0.025800 0.106600
0 0.740500 0.338200 0.035600 0.112800
0 0.496400 0.666300 0.025800 0.073100
0 0.197800 0.318100 0.030800 0.098600
0 0.286100 0.385400 0.026300 0.109300
0 0.258500 0.423500 0.037100 0.113100
0 0.212300 0.241200 0.023200 0.072300
0 0.911200 0.321300 0.030900 0.131200
0 0.489200 0.573300 0.032200 0.139200
0 0.599100 0.398500 0.025000 0.089300
0 0.633594 0.279861 0.023438 0.093056
0 0.669531 0.290972 0.021875 0.084722
0 0.681250 0.209722 0.017188 0.075000
0 0.711719 0.188889 0.017188 0.080556
0 0.676172 0.148611 0.019531 0.036111
0 0.707031 0.127778 0.017188 0.030556
0 0.610547 0.266667 0.027344 0.080556
0 0.595703 0.315972 0.024219 0.051389
0 0.566406 0.300694 0.018750 0.081944
0 0.561719 0.372222 0.021875 0.044444
0 0.564844 0.425000 0.021875 0.044444
0 0.568750 0.481944 0.025000 0.083333
0 0.502734 0.443056 0.028906 0.086111
0 0.525000 0.439583 0.028125 0.090278
0 0.497266 0.365278 0.022656 0.072222
0 0.512500 0.333333 0.020312 0.072222
0 0.528906 0.288194 0.021875 0.106944
0 0.546094 0.237500 0.017188 0.061111
0 0.573047 0.229861 0.019531 0.051389
0 0.580078 0.170833 0.024219 0.050000
0 0.525391 0.184028 0.017969 0.056944
0 0.496875 0.238194 0.028125 0.090278
0 0.469531 0.211111 0.020312 0.075000
0 0.475781 0.298611 0.023438 0.069444
0 0.453516 0.330556 0.027344 0.083333
0 0.451562 0.413194 0.020312 0.076389
0 0.421875 0.428472 0.020312 0.040278
0 0.426562 0.502083 0.034375 0.106944
0 0.387109 0.517361 0.030469 0.090278
0 0.371094 0.559722 0.026563 0.102778
0 0.360938 0.351389 0.021875 0.100000
0 0.324219 0.320139 0.031250 0.081944
0 0.392969 0.342361 0.018750 0.090278
0 0.417578 0.308333 0.017969 0.088889
0 0.398047 0.278472 0.024219 0.037500
0 0.435547 0.176389 0.019531 0.097222
0 0.449609 0.086806 0.017969 0.034722
0 0.448047 0.136111 0.017969 0.061111
0 0.427344 0.096528 0.026563 0.065278
0 0.441797 0.038194 0.019531 0.045833
0 0.388672 0.040972 0.028906 0.045833
0 0.363672 0.062500 0.017969 0.047222
0 0.370313 0.147222 0.021875 0.102778
0 0.394141 0.131944 0.028906 0.102778
0 0.330469 0.088194 0.020312 0.040278
0 0.334375 0.134722 0.021875 0.050000
0 0.303906 0.079861 0.025000 0.054167
0 0.304688 0.129861 0.021875 0.045833
0 0.300781 0.187500 0.029687 0.063889
0 0.287109 0.220833 0.025781 0.069444
0 0.212500 0.088889 0.020312 0.055556
0 0.576563 0.095833 0.031250 0.077778
0 0.760547 0.277083 0.028906 0.115278
0 0.760938 0.199306 0.025000 0.031944
0 0.985937 0.212500 0.025000 0.072222
0 0.734375 0.811111 0.028125 0.133333
0 0.464453 0.737500 0.032031 0.091667
