26 0.678600 0.474900 0.016400 0.032400
26 0.475100 0.801100 0.014500 0.027200
24 0.521000 0.615700 0.016800 0.038800
0 0.463700 0.909200 0.024900 0.121600
0 0.676900 0.928100 0.035100 0.122300
0 0.852000 0.065200 0.025200 0.096600
0 0.669200 0.709500 0.031000 0.099900
0 0.732700 0.506600 0.034500 0.127300
0 0.913300 0.774500 0.023900 0.100800
0 0.544800 0.973600 0.032300 0.047100
0 0.757900 0.384800 0.027500 0.098200
0 0.347800 0.860700 0.033400 0.158200
0 0.957200 0.675900 0.037700 0.106500
0 0.120300 0.182600 0.027700 0.106800
0 0.301900 0.652000 0.027900 0.119100
0 0.151700 0.818200 0.034800 0.119600
0 0.600400 0.916300 0.028000 0.097200
0 0.926100 0.354400 0.020400 0.113800
0 0.712200 0.379900 0.025200 0.085200
0 0.815300 0.505000 0.023300 0.109900
0 0.904200 0.884100 0.028700 0.103500
0 0.600500 0.737100 0.026000 0.098500
0 0.175900 0.193500 0.027600 0.108600
0 0.296700 0.774000 0.037600 0.110900
0 0.058300 0.728700 0.028200 0.096900
0 0.068000 0.619500 0.031900 0.090500
0 0.079500 0.799900 0.036300 0.118000
0 0.931500 0.714700 0.026700 0.092300
0 0.033400 0.181400 0.033900 0.096100
0 0.409200 0.772400 0.025100 0.106600
0 0.668700 0.477900 0.027100 0.094600
0 0.768300 0.037300 0.024500 0.085300
0 0.270600 0.229200 0.023100 0.092900
0 0.381300 0.620600 0.023200 0.106800
0 0.245500 0.119300 0.022300 0.077300
0 0.533400 0.489600 0.025400 0.104100
0 0.087300 0.528400 0.030900 0.104900
0 0.419800 0.521200 0.032200 0.091700
0 0.930800 0.649300 0.023200 0.067900
0 0.091000 0.382400 0.027300 0.107500
0 0.133400 0.632300 0.025100 0.106300
0 0.335600 0.541300 0.025700 0.090300
0 0.638800 0.223400 0.025100 0.096800
0 0.365900 0.412000 0.025300 0.097900
0 0.067700 0.245300 0.028100 0.094800
0 0.825000 0.213800 0.028100 0.100900
0 0.713400 0.869500 0.036000 0.121300
0 0.714800 0.071400 0.024500 0.100600
0 0.965900 0.350600 0.025200 0.112100
0 0.483400 0.797100 0.032000 0.120300
0 0.106700 0.383200 0.034200 0.128400
0 0.524600 0.727600 0.031600 0.074700
0 0.863900 0.511500 0.024000 0.078800
0 0.517600 0.791300 0.028100 0.106100
0 0.215900 0.179300 0.025000 0.128300
0 0.962100 0.491800 0.022000 0.099800
0 0.148800 0.245500 0.029400 0.094900
0 0.130400 0.370700 0.020000 0.098200
0 0.667300 0.348400 0.022900 0.091500
0 0.056300 0.146200 0.021900 0.079400
0 0.272500 0.583900 0.024300 0.108100
0 0.462100 0.394100 0.027900 0.107300
0 0.600200 0.382100 0.028200 0.102100
0 0.928800 0.229300 0.023600 0.087300
0 0.409000 0.053100 0.025700 0.100200
0 0.478500 0.588200 0.030400 0.079200
0 0.398600 0.585100 0.026500 0.097800
0 0.457500 0.478300 0.025900 0.082400
0 0.521700 0.041400 0.024700 0.091000
0 0.392900 0.410000 0.023900 0.113400
0 0.622600 0.043700 0.027400 0.084100
0 0.545100 0.365700 0.025600 0.105700
0 0.579000 0.510800 0.032100 0.130700
0 0.665300 0.130700 0.028400 0.086200
0 0.195700 0.443500 0.027700 0.095500
0 0.793400 0.322200 0.034900 0.118700
0 0.161300 0.370300 0.021000 0.104600
0 0.259500 0.990700 0.020500 0.016900
0 0.150000 0.182000 0.021500 0.083500
0 0.902600 0.213700 0.018600 0.057800
0 0.012200 0.889000 0.025900 0.190200
0 0.487600 0.651400 0.024700 0.094300
0 0.861900 0.285400 0.022300 0.088900
0 0.017700 0.788800 0.026800 0.121900
0 0.498200 0.058000 0.022700 0.075200
0 0.517700 0.631300 0.023400 0.094300
0 0.572900 0.067400 0.026000 0.081700
0 0.480900 0.239800 0.038900 0.133100
0 0.284400 0.981800 0.021700 0.034000
0 0.903300 0.270500 0.025300 0.092200
0 0.213800 0.384000 0.027300 0.090500
0 0.755900 0.241700 0.023800 0.114700
0 0.725600 0.297100 0.034100 0.127400
0 0.634600 0.489400 0.031200 0.126400
0 0.598700 0.537900 0.025900 0.099000
0 0.391400 0.611200 0.027100 0.147200
0 0.239000 0.370400 0.025500 0.097600
0 0.505200 0.492300 0.021300 0.112800
0 0.883300 0.257700 0.023400 0.109200
0 0.455400 0.556500 0.029400 0.092600
0 0.008100 0.525500 0.014900 0.099000
0 0.401200 0.339700 0.019900 0.059300
0 0.324000 0.209600 0.022700 0.080000
0 0.305900 0.867300 0.021300 0.083100
0 0.183500 0.988300 0.027000 0.021200
0 0.175391 0.439583 0.025781 0.104167
0 0.211328 0.545833 0.033594 0.108333
0 0.264453 0.493750 0.035156 0.084722
0 0.232422 0.483333 0.021094 0.105556
0 0.249609 0.438889 0.021094 0.058333
0 0.243750 0.297222 0.023438 0.091667
0 0.222656 0.284722 0.018750 0.091667
0 0.207813 0.215278 0.023438 0.111111
0 0.496484 0.725000 0.017969 0.080556
0 0.738281 0.859028 0.031250 0.106944
0 0.570312 0.444444 0.023438 0.072222
0 0.519531 0.394444 0.028125 0.091667
0 0.514453 0.303472 0.024219 0.087500
0 0.492578 0.371528 0.024219 0.084722
0 0.485938 0.428472 0.031250 0.073611
0 0.437109 0.236111 0.027344 0.105556
0 0.404687 0.188194 0.025000 0.098611
0 0.380469 0.213194 0.023438 0.104167
0 0.378516 0.142361 0.019531 0.084722
0 0.389844 0.106250 0.018750 0.073611
0 0.362109 0.124306 0.017969 0.087500
0 0.337109 0.150694 0.021094 0.087500
0 0.333203 0.098611 0.025781 0.061111
0 0.296875 0.153472 0.018750 0.087500
0 0.304688 0.097917 0.021875 0.079167
0 0.307031 0.038889 0.015625 0.058333
0 0.332031 0.043056 0.023438 0.058333
0 0.444141 0.140972 0.014844 0.065278
0 0.466797 0.119444 0.024219 0.063889
0 0.505469 0.134028 0.020312 0.076389
0 0.519141 0.202083 0.019531 0.070833
0 0.547656 0.247222 0.021875 0.094444
0 0.551562 0.180556 0.018750 0.072222
0 0.589844 0.206250 0.021875 0.068056
0 0.583594 0.258333 0.020312 0.063889
0 0.577734 0.327083 0.021094 0.087500
0 0.635547 0.359028 0.025781 0.106944
0 0.639453 0.279861 0.022656 0.065278
0 0.692969 0.279167 0.025000 0.116667
0 0.703125 0.152083 0.023438 0.095833
0 0.697266 0.088194 0.024219 0.056944
0 0.628516 0.115278 0.025781 0.077778
0 0.577344 0.120833 0.025000 0.080556
0 0.465625 0.075000 0.025000 0.069444
0 0.423438 0.363194 0.021875 0.112500
0 0.300000 0.272222 0.025000 0.094444
0 0.320312 0.273611 0.025000 0.097222
0 0.275000 0.301389 0.023438 0.083333
0 0.330859 0.443056 0.032031 0.100000
0 0.310937 0.380556 0.032812 0.094444
