26 0.395600 0.336200 0.019900 0.036800
24 0.899400 0.181900 0.016500 0.044000
0 0.586600 0.943300 0.039200 0.113500
0 0.854500 0.618500 0.023500 0.128800
0 0.402200 0.691200 0.024900 0.119000
0 0.154500 0.742900 0.037500 0.114200
0 0.315800 0.745500 0.029800 0.094600
0 0.336400 0.825100 0.033000 0.121400
0 0.919900 0.426800 0.022300 0.119300
0 0.944600 0.602700 0.023500 0.092200
0 0.864900 0.338200 0.027500 0.083900
0 0.630500 0.859700 0.035400 0.110800
0 0.659200 0.658700 0.029700 0.109000
0 0.857100 0.112000 0.025300 0.094400
0 0.798700 0.429000 0.023900 0.102400
0 0.925200 0.644300 0.025600 0.111100
0 0.834500 0.966800 0.033200 0.070200
0 0.761200 0.449200 0.025200 0.090500
0 0.085900 0.459100 0.029100 0.092800
0 0.910000 0.803300 0.030200 0.123800
0 0.974500 0.617500 0.024800 0.084200
0 0.694000 0.860000 0.034400 0.123600
0 0.973400 0.956200 0.032200 0.085500
0 0.260100 0.522300 0.026500 0.108800
0 0.269400 0.705600 0.035800 0.114900
0 0.286900 0.826400 0.032200 0.125000
0 0.934500 0.291400 0.021400 0.096500
0 0.471500 0.822000 0.026900 0.149500
0 0.521600 0.681400 0.025400 0.099100
0 0.966500 0.291700 0.026100 0.096800
0 0.149100 0.958700 0.034000 0.079200
0 0.477300 0.540300 0.024800 0.095800
0 0.708600 0.432300 0.033500 0.127500
0 0.080300 0.308100 0.040100 0.120500
0 0.286100 0.597800 0.028100 0.112700
0 0.168500 0.258100 0.029100 0.100100
0 0.816700 0.161800 0.029600 0.097800
0 0.585300 0.039500 0.025100 0.080300
0 0.538200 0.774300 0.024300 0.100900
0 0.053400 0.181200 0.027500 0.110800
0 0.699900 0.335600 0.025000 0.092600
0 0.642700 0.166900 0.026200 0.092300
0 0.143800 0.315000 0.024000 0.116900
0 0.894800 0.193100 0.023600 0.100700
0 0.943500 0.981400 0.048500 0.037100
0 0.979200 0.432900 0.032100 0.126500
0 0.464800 0.601500 0.023300 0.108700
0 0.019300 0.148000 0.030000 0.108900
0 0.161600 0.434600 0.027200 0.100500
0 0.667000 0.426600 0.024300 0.119400
0 0.910000 0.708000 0.025500 0.080500
0 0.989400 0.957900 0.020300 0.082100
0 0.045200 0.539900 0.029100 0.072900
0 0.286300 0.979700 0.030200 0.038800
0 0.121700 0.241500 0.027100 0.117400
0 0.570300 0.480700 0.025800 0.134200
0 0.991500 0.445400 0.016600 0.127100
0 0.769200 0.456700 0.022300 0.095600
0 0.614100 0.448000 0.025600 0.091600
0 0.514200 0.104500 0.019800 0.086600
0 0.096800 0.972300 0.037000 0.057800
0 0.012800 0.758500 0.028700 0.135400
0 0.128100 0.444100 0.022600 0.091400
0 0.338300 0.494300 0.028400 0.099500
0 0.676100 0.538100 0.025700 0.082100
0 0.223900 0.633700 0.026000 0.084900
0 0.769900 0.821900 0.036700 0.121900
0 0.350700 0.620900 0.026500 0.089800
0 0.497100 0.572900 0.021700 0.102000
0 0.357900 0.365800 0.023600 0.105000
0 0.910300 0.275000 0.019900 0.074100
0 0.598300 0.399500 0.024100 0.102300
0 0.127200 0.152000 0.019200 0.098500
0 0.810000 0.027200 0.023300 0.059500
0 0.119400 0.456900 0.042300 0.114000
0 0.038400 0.695300 0.027700 0.074800
0 0.252100 0.166300 0.023700 0.076000
0 0.222700 0.316200 0.024900 0.100800
0 0.966900 0.431600 0.022400 0.107700
0 0.379600 0.551400 0.033800 0.125800
0 0.861800 0.618700 0.022000 0.094500
0 0.488500 0.572000 0.028100 0.140700
0 0.754100 0.980300 0.020300 0.035500
0 0.114100 0.587000 0.026200 0.089900
0 0.677300 0.168200 0.025500 0.058700
0 0.227100 0.417300 0.025800 0.101400
0 0.317100 0.462900 0.024700 0.108600
0 0.991600 0.291400 0.016600 0.102500
0 0.731600 0.117800 0.024000 0.090400
0 0.237500 0.256000 0.021500 0.104300
0 0.667700 0.073000 0.025700 0.080900
0 0.394600 0.354400 0.025700 0.118400
0 0.491900 0.119200 0.021700 0.077000
0 0.513500 0.704700 0.033100 0.129300
0 0.136800 0.449900 0.034200 0.117400
0 0.199400 0.321800 0.029800 0.094600
0 0.419000 0.323300 0.022300 0.090500
0 0.432700 0.181700 0.025900 0.097700
0 0.740600 0.336000 0.034000 0.118400
0 0.635000 0.052900 0.032000 0.083600
0 0.496900 0.668500 0.028400 0.077000
0 0.018200 0.679600 0.031500 0.090300
0 0.675500 0.586900 0.024900 0.074200
0 0.732700 0.787500 0.017700 0.069500
0 0.495900 0.253500 0.022000 0.105000
0 0.122100 0.540100 0.030800 0.084600
0 0.063281 0.747917 0.021875 0.095833
0 0.762500 0.279861 0.029687 0.115278
0 0.758594 0.208333 0.025000 0.050000
0 0.710938 0.193056 0.023438 0.086111
0 0.708203 0.126389 0.016406 0.041667
0 0.669141 0.295139 0.022656 0.084722
0 0.683984 0.216667 0.024219 0.086111
0 0.644141 0.224306 0.027344 0.059722
0 0.634375 0.281250 0.017188 0.106944
0 0.609375 0.271528 0.032812 0.081944
0 0.597656 0.316667 0.031250 0.063889
0 0.569922 0.312500 0.032031 0.111111
0 0.574219 0.227778 0.023438 0.072222
0 0.544922 0.234028 0.024219 0.068056
0 0.532422 0.280556 0.022656 0.086111
0 0.521875 0.198611 0.020312 0.077778
0 0.467969 0.213194 0.020312 0.087500
0 0.581641 0.163194 0.027344 0.054167
0 0.580859 0.103472 0.019531 0.051389
0 0.475391 0.149306 0.024219 0.048611
0 0.450391 0.140972 0.017969 0.076389
0 0.444531 0.083333 0.017188 0.038889
0 0.428125 0.093750 0.018750 0.081944
0 0.470313 0.079861 0.026563 0.054167
0 0.393359 0.134028 0.024219 0.093056
0 0.372656 0.159028 0.021875 0.081944
0 0.331250 0.139583 0.021875 0.065278
0 0.335156 0.202778 0.029687 0.061111
0 0.327344 0.245833 0.035937 0.069444
0 0.317969 0.325000 0.026563 0.091667
0 0.270312 0.283333 0.021875 0.072222
0 0.278516 0.369444 0.025781 0.072222
0 0.250391 0.384028 0.024219 0.065278
0 0.262891 0.429861 0.035156 0.065278
0 0.283203 0.219444 0.021094 0.086111
0 0.297266 0.186806 0.021094 0.073611
0 0.304297 0.129861 0.016406 0.045833
0 0.305078 0.087500 0.022656 0.055556
0 0.329688 0.084028 0.021875 0.045833
0 0.363281 0.081250 0.018750 0.087500
0 0.387500 0.045139 0.025000 0.051389
0 0.213281 0.091667 0.032812 0.063889
0 0.192969 0.180556 0.010937 0.075000
0 0.210938 0.154167 0.026563 0.091667
0 0.391406 0.277083 0.023438 0.043056
0 0.455859 0.421528 0.021094 0.093056
0 0.498828 0.435417 0.025781 0.087500
0 0.524219 0.441667 0.020312 0.077778
0 0.432813 0.516667 0.032812 0.116667
0 0.428516 0.438194 0.027344 0.048611
0 0.494141 0.356944 0.019531 0.038889
0 0.560547 0.381250 0.016406 0.054167
0 0.516406 0.343056 0.025000 0.086111
0 0.455078 0.325000 0.025781 0.080556
0 0.479688 0.303472 0.015625 0.076389
0 0.463281 0.738194 0.035937 0.090278
