26 0.346600 0.629600 0.011500 0.028500
26 0.430800 0.617600 0.015900 0.029500
24 0.272500 0.712500 0.014400 0.034600
1 0.023100 0.253400 0.048200 0.047400
0 0.489500 0.867400 0.029200 0.117800
0 0.303200 0.731800 0.033400 0.121000
0 0.269100 0.731600 0.032000 0.122100
0 0.398600 0.784600 0.021800 0.135900
0 0.877400 0.239600 0.027400 0.107400
0 0.544700 0.881800 0.027400 0.126000
0 0.652800 0.942200 0.025500 0.130300
0 0.758600 0.457200 0.026200 0.091100
0 0.061300 0.558300 0.030500 0.101600
0 0.677800 0.542000 0.025400 0.089000
0 0.870900 0.477100 0.026300 0.093600
0 0.509800 0.566300 0.024500 0.096500
0 0.682400 0.946900 0.028000 0.101100
0 0.898600 0.465300 0.025600 0.098100
0 0.378800 0.520000 0.019800 0.107400
0 0.274800 0.162100 0.026900 0.105600
0 0.487300 0.699000 0.024900 0.112600
0 0.853900 0.556900 0.027700 0.087500
0 0.101300 0.612200 0.035400 0.113400
0 0.066800 0.133000 0.032800 0.089200
0 0.488600 0.569900 0.023100 0.091800
0 0.039600 0.051100 0.026600 0.097300
0 0.944500 0.509000 0.026300 0.099000
0 0.851800 0.085900 0.023800 0.090200
0 0.940300 0.425100 0.023500 0.107100
0 0.947900 0.971500 0.028400 0.058500
0 0.066800 0.310300 0.028600 0.111200
0 0.106400 0.957000 0.049700 0.084000
0 0.290000 0.868700 0.022800 0.083400
0 0.240500 0.161900 0.024500 0.112800
0 0.101600 0.828800 0.039100 0.149400
0 0.074700 0.478700 0.027500 0.094900
0 0.174500 0.971700 0.033100 0.058300
0 0.415200 0.497800 0.025200 0.123300
0 0.917000 0.415300 0.026200 0.081500
0 0.684900 0.853700 0.029500 0.094000
0 0.582600 0.119900 0.026300 0.105400
0 0.823600 0.699200 0.035800 0.122100
0 0.826500 0.112300 0.022500 0.104600
0 0.916000 0.055700 0.023900 0.101400
0 0.895400 0.086400 0.025200 0.091200
0 0.396400 0.371300 0.024900 0.125300
0 0.725600 0.151600 0.028300 0.093700
0 0.974400 0.490200 0.026600 0.105000
0 0.008500 0.052000 0.020200 0.094500
0 0.964200 0.724500 0.028600 0.085300
0 0.330400 0.619500 0.037400 0.118200
0 0.807200 0.695800 0.025900 0.111600
0 0.368600 0.804300 0.021900 0.076500
0 0.447600 0.447500 0.023600 0.085600
0 0.213200 0.164000 0.020800 0.118500
0 0.607300 0.459000 0.027000 0.091300
0 0.126800 0.385200 0.028000 0.106700
0 0.138000 0.050900 0.025400 0.091200
0 0.150600 0.198400 0.028400 0.103300
0 0.464500 0.615100 0.023300 0.117000
0 0.933200 0.633100 0.029100 0.088500
0 0.992400 0.492200 0.014400 0.105100
0 0.170200 0.420800 0.033000 0.130500
0 0.068300 0.206200 0.031100 0.095600
0 0.023600 0.399900 0.029400 0.087300
0 0.242400 0.385800 0.025400 0.096000
0 0.214800 0.542300 0.036400 0.130700
0 0.650400 0.290500 0.023000 0.108500
0 0.058500 0.849300 0.025800 0.095200
0 0.981000 0.816800 0.026400 0.103500
0 0.450500 0.629000 0.037500 0.101500
0 0.692700 0.694300 0.027900 0.090800
0 0.260600 0.584100 0.027400 0.093600
0 0.303800 0.571600 0.032000 0.151600
0 0.911800 0.837000 0.037700 0.110200
0 0.902200 0.587400 0.023000 0.104800
0 0.956800 0.818900 0.026400 0.095000
0 0.176000 0.182500 0.024100 0.104400
0 0.386800 0.243800 0.025600 0.113900
0 0.632000 0.133800 0.022600 0.091800
0 0.087000 0.863200 0.025900 0.097100
0 0.463200 0.401200 0.029500 0.096100
0 0.757900 0.601600 0.030000 0.087900
0 0.132000 0.898900 0.038900 0.106100
0 0.507500 0.332900 0.025800 0.100700
0 0.992900 0.322400 0.014000 0.130000
0 0.653300 0.042100 0.024900 0.086000
0 0.370600 0.401200 0.029600 0.091200
0 0.430700 0.042200 0.022500 0.087400
0 0.950800 0.102700 0.019900 0.104000
0 0.615100 0.138200 0.035000 0.124300
0 0.056500 0.927000 0.049400 0.116600
0 0.163600 0.459700 0.024700 0.100200
0 0.284900 0.977900 0.033400 0.040400
0 0.756800 0.163700 0.026300 0.089600
0 0.329900 0.258300 0.023800 0.094400
0 0.179800 0.049900 0.027700 0.097700
0 0.076000 0.858600 0.035400 0.120100
0 0.013200 0.197800 0.023600 0.059600
0 0.731000 0.035900 0.025500 0.081000
0 0.754300 0.634900 0.036500 0.169900
0 0.357100 0.245100 0.026000 0.087200
0 0.763400 0.241700 0.022300 0.099400
0 0.270300 0.286500 0.022900 0.087900
0 0.871600 0.084800 0.020100 0.087200
0 0.541900 0.119900 0.022100 0.089300
0 0.653600 0.180100 0.026000 0.088300
0 0.935300 0.512100 0.038300 0.131600
0 0.412500 0.210400 0.023200 0.089500
0 0.433400 0.632600 0.023100 0.079500
0 0.212900 0.271700 0.023200 0.102000
0 0.252600 0.336600 0.027500 0.097300
0 0.550700 0.224300 0.022100 0.095800
0 0.019800 0.462900 0.028000 0.089100
0 0.508100 0.050900 0.023600 0.099500
0 0.035200 0.853300 0.025900 0.089500
0 0.009200 0.568800 0.018100 0.100000
0 0.190400 0.275000 0.025200 0.093900
0 0.144141 0.977083 0.025781 0.043056
0 0.781250 0.922917 0.021875 0.123611
0 0.797656 0.866667 0.026563 0.086111
0 0.842578 0.834028 0.042969 0.112500
0 0.881250 0.836111 0.026563 0.130556
0 0.909375 0.910417 0.029687 0.084722
0 0.906250 0.968750 0.032812 0.059722
0 0.683984 0.723611 0.041406 0.063889
0 0.687891 0.771528 0.044531 0.098611
0 0.616797 0.615972 0.030469 0.112500
0 0.615625 0.524306 0.029687 0.087500
0 0.630859 0.416667 0.028906 0.113889
0 0.582812 0.421528 0.035937 0.104167
0 0.614844 0.354861 0.021875 0.079167
0 0.576563 0.369444 0.032812 0.061111
0 0.566797 0.315972 0.028906 0.079167
0 0.541016 0.311111 0.021094 0.077778
0 0.530078 0.376389 0.028906 0.088889
0 0.480469 0.326389 0.026563 0.100000
0 0.507812 0.254167 0.018750 0.072222
0 0.527734 0.267361 0.024219 0.056944
0 0.535937 0.200694 0.023438 0.087500
0 0.601953 0.232639 0.030469 0.073611
0 0.601562 0.282639 0.040625 0.093056
0 0.448047 0.271528 0.035156 0.065278
0 0.438281 0.340278 0.032812 0.083333
0 0.441016 0.204861 0.017969 0.068056
0 0.466406 0.194444 0.026563 0.091667
0 0.502344 0.151389 0.035937 0.086111
0 0.493359 0.222917 0.028906 0.079167
0 0.496875 0.090972 0.029687 0.048611
0 0.475391 0.109722 0.025781 0.080556
0 0.476953 0.047917 0.024219 0.062500
0 0.394922 0.050000 0.033594 0.088889
0 0.362500 0.050000 0.028125 0.094444
0 0.335156 0.072917 0.026563 0.087500
0 0.311328 0.082639 0.019531 0.065278
0 0.316406 0.124306 0.029687 0.059722
0 0.333594 0.179861 0.032812 0.062500
0 0.385156 0.170833 0.023438 0.050000
0 0.307422 0.178472 0.028906 0.068056
0 0.308594 0.232639 0.021875 0.043056
0 0.301172 0.286806 0.014844 0.081944
0 0.328125 0.329167 0.035937 0.050000
0 0.322266 0.372222 0.022656 0.088889
0 0.292578 0.403472 0.028906 0.098611
0 0.313281 0.447917 0.026563 0.073611
0 0.345703 0.427778 0.028906 0.105556
0 0.253125 0.453472 0.034375 0.098611
0 0.228125 0.305556 0.025000 0.086111
0 0.243359 0.261806 0.024219 0.056944
0 0.190234 0.127083 0.028906 0.068056
0 0.669531 0.107639 0.028125 0.098611
0 0.679688 0.045833 0.031250 0.066667
0 0.965625 0.171528 0.032812 0.109722
0 0.982031 0.092361 0.032812 0.084722
0 0.794922 0.256944 0.032031 0.111111
0 0.749219 0.278472 0.025000 0.120833
0 0.714844 0.247222 0.029687 0.069444
0 0.721484 0.315972 0.024219 0.104167
0 0.678906 0.206250 0.018750 0.037500
0 0.685938 0.270139 0.032812 0.126389
0 0.149219 0.618056 0.037500 0.130556
0 0.780078 0.973611 0.046094 0.050000
