26 0.444200 0.667100 0.015100 0.030300
26 0.917600 0.105400 0.016200 0.039900
24 0.275700 0.759900 0.024900 0.076200
24 0.355500 0.728000 0.013800 0.033300
0 0.509900 0.934300 0.035500 0.128000
0 0.864600 0.183600 0.026600 0.090300
0 0.695400 0.335400 0.025600 0.127900
0 0.754400 0.410100 0.026300 0.099500
0 0.667200 0.588100 0.027800 0.103000
0 0.909700 0.520800 0.022100 0.138000
0 0.393000 0.580200 0.026100 0.106700
0 0.869400 0.427000 0.025200 0.096700
0 0.459400 0.804800 0.023700 0.129700
0 0.697800 0.761200 0.036000 0.119700
0 0.556700 0.948100 0.028500 0.122300
0 0.055900 0.618000 0.034000 0.123500
0 0.930100 0.570800 0.035800 0.121300
0 0.884900 0.630800 0.031500 0.125300
0 0.865800 0.897500 0.035300 0.128600
0 0.042200 0.099900 0.026800 0.104000
0 0.760900 0.541100 0.029400 0.096200
0 0.941700 0.372300 0.024700 0.097600
0 0.314500 0.770500 0.033900 0.117800
0 0.076400 0.364600 0.025600 0.099700
0 0.119200 0.899300 0.042300 0.119500
0 0.464100 0.505700 0.024100 0.104400
0 0.917800 0.919400 0.035800 0.136300
0 0.663200 0.776100 0.030400 0.089500
0 0.075600 0.211300 0.036100 0.127100
0 0.084700 0.527600 0.027100 0.102300
0 0.681200 0.981100 0.033900 0.042600
0 0.965100 0.537600 0.028100 0.110600
0 0.917000 0.698100 0.027500 0.101200
0 0.701200 0.927600 0.026700 0.093700
0 0.364200 0.731100 0.026800 0.085900
0 0.725300 0.692400 0.024700 0.101600
0 0.121700 0.708400 0.034600 0.076600
0 0.237200 0.600900 0.035500 0.119000
0 0.042000 0.785300 0.044300 0.107100
0 0.821600 0.069100 0.023900 0.112300
0 0.902100 0.418600 0.024900 0.123000
0 0.276000 0.774600 0.025400 0.113100
0 0.173800 0.242700 0.029300 0.105700
0 0.990900 0.708600 0.017200 0.138700
0 0.121800 0.320600 0.028200 0.091800
0 0.575000 0.085500 0.023300 0.094200
0 0.013300 0.082500 0.025600 0.094400
0 0.959000 0.882800 0.024500 0.140400
0 0.408000 0.427600 0.031300 0.109700
0 0.018600 0.190900 0.029000 0.099400
0 0.618600 0.365500 0.024600 0.112000
0 0.447700 0.681300 0.024300 0.089100
0 0.481600 0.650900 0.026600 0.079800
0 0.791400 0.072800 0.026900 0.087200
0 0.758700 0.191400 0.025500 0.095400
0 0.796700 0.739100 0.040500 0.120500
0 0.513800 0.612300 0.035600 0.113100
0 0.847100 0.037400 0.023300 0.073900
0 0.744100 0.118600 0.025400 0.094500
0 0.767300 0.337200 0.020900 0.089800
0 0.168800 0.548400 0.039200 0.110900
0 0.146600 0.553600 0.025900 0.125700
0 0.614500 0.541100 0.022900 0.094300
0 0.487600 0.369000 0.028700 0.093000
0 0.286100 0.976800 0.027600 0.042500
0 0.989900 0.355500 0.019600 0.094000
0 0.023400 0.647300 0.042500 0.121100
0 0.473300 0.447000 0.028900 0.087000
0 0.034000 0.447900 0.031800 0.080300
0 0.893000 0.041500 0.021100 0.085400
0 0.914500 0.354200 0.022800 0.063400
0 0.472900 0.757800 0.033900 0.133900
0 0.492500 0.602600 0.022300 0.082500
0 0.319500 0.072100 0.022600 0.087100
0 0.255000 0.775500 0.020500 0.095100
0 0.356100 0.290100 0.028200 0.097200
0 0.410400 0.243000 0.019600 0.093900
0 0.649500 0.087700 0.024400 0.091900
0 0.283700 0.636300 0.031200 0.085300
0 0.912900 0.114400 0.023200 0.089600
0 0.517300 0.368500 0.031000 0.089400
0 0.870500 0.040000 0.018900 0.084400
0 0.927700 0.963300 0.028000 0.070000
0 0.134400 0.961800 0.027800 0.070700
0 0.261200 0.989800 0.021500 0.019300
0 0.052200 0.506400 0.031300 0.090800
0 0.144300 0.035900 0.021000 0.079300
0 0.435100 0.539700 0.025400 0.093700
0 0.443700 0.292400 0.035100 0.128200
0 0.190400 0.318800 0.026300 0.103000
0 0.956100 0.040300 0.020300 0.079900
0 0.395200 0.288800 0.031800 0.129400
0 0.056200 0.928100 0.044300 0.129100
0 0.700500 0.650400 0.044000 0.111300
0 0.659100 0.854400 0.032200 0.127500
0 0.306900 0.150400 0.025200 0.082900
0 0.443300 0.396800 0.033100 0.088100
0 0.981700 0.867900 0.025600 0.092600
0 0.212400 0.318000 0.023100 0.107700
0 0.327800 0.574500 0.033900 0.130800
0 0.615200 0.476800 0.026600 0.091900
0 0.267700 0.510300 0.031200 0.103800
0 0.098500 0.988500 0.019700 0.020700
0 0.216600 0.195200 0.027000 0.106900
0 0.366200 0.132400 0.022000 0.104100
0 0.354800 0.492000 0.027400 0.095900
0 0.284500 0.367300 0.024300 0.113600
0 0.246200 0.441400 0.027800 0.104300
0 0.985487 0.540911 0.032100 0.126200
0 0.800400 0.961100 0.032500 0.067700
0 0.377200 0.459500 0.025200 0.112400
0 0.236200 0.773400 0.033900 0.125500
0 0.648800 0.974300 0.032200 0.046100
0 0.433000 0.097200 0.025400 0.097100
0 0.165600 0.350100 0.028200 0.110900
0 0.305859 0.550694 0.024219 0.090278
0 0.294141 0.465972 0.025781 0.068056
0 0.316016 0.411111 0.022656 0.080556
0 0.325781 0.342361 0.028125 0.081944
0 0.333203 0.273611 0.016406 0.069444
0 0.305859 0.245833 0.017969 0.063889
0 0.310937 0.197917 0.014062 0.045833
0 0.330859 0.196528 0.017969 0.048611
0 0.327734 0.151389 0.027344 0.055556
0 0.254297 0.232639 0.021094 0.079167
0 0.271094 0.130556 0.020312 0.058333
0 0.280078 0.177778 0.021094 0.088889
0 0.208594 0.126389 0.017188 0.038889
0 0.192969 0.170833 0.023438 0.063889
0 0.197656 0.211806 0.025000 0.087500
0 0.191406 0.076389 0.023438 0.097222
0 0.155078 0.419444 0.025781 0.127778
0 0.776172 0.235417 0.025781 0.087500
0 0.711719 0.205556 0.018750 0.058333
0 0.716797 0.261806 0.021094 0.070833
0 0.684375 0.249306 0.018750 0.062500
0 0.650391 0.345139 0.024219 0.104167
0 0.659766 0.211806 0.021094 0.079167
0 0.678125 0.142361 0.023438 0.087500
0 0.646094 0.158333 0.018750 0.058333
0 0.624219 0.187500 0.017188 0.105556
0 0.593359 0.181250 0.027344 0.068056
0 0.590234 0.234028 0.024219 0.040278
0 0.601172 0.297917 0.022656 0.070833
0 0.572656 0.300000 0.017188 0.055556
0 0.588672 0.366667 0.019531 0.088889
0 0.602734 0.391667 0.016406 0.063889
0 0.555859 0.276389 0.027344 0.072222
0 0.538281 0.309722 0.021875 0.069444
0 0.558594 0.343056 0.020312 0.072222
0 0.547266 0.428472 0.024219 0.112500
0 0.503906 0.302778 0.021875 0.061111
0 0.508984 0.211806 0.028906 0.070833
0 0.537109 0.161111 0.017969 0.075000
0 0.521875 0.148611 0.026563 0.069444
0 0.494922 0.150000 0.022656 0.083333
0 0.470703 0.156250 0.027344 0.084722
0 0.456250 0.102083 0.026563 0.059722
0 0.487891 0.072222 0.032031 0.088889
0 0.461328 0.029861 0.016406 0.043056
0 0.549219 0.066667 0.028125 0.088889
0 0.680078 0.091667 0.028906 0.063889
0 0.334375 0.043056 0.028125 0.075000
0 0.962109 0.215278 0.024219 0.105556
0 0.982813 0.147917 0.021875 0.101389
0 0.849219 0.745833 0.031250 0.108333
0 0.774609 0.720833 0.030469 0.113889
