26 0.974200 0.621500 0.018300 0.037300
26 0.708600 0.340000 0.016600 0.035300
26 0.463600 0.773400 0.013200 0.023800
26 0.393400 0.354300 0.023200 0.037600
0 0.403100 0.713600 0.027700 0.111100
0 0.856400 0.099800 0.023800 0.093600
0 0.803300 0.456500 0.022400 0.117500
0 0.820300 0.174500 0.026700 0.107900
0 0.574100 0.955400 0.027300 0.090200
0 0.276200 0.728800 0.036300 0.119700
0 0.154300 0.764000 0.036200 0.117900
0 0.553300 0.765800 0.035100 0.114500
0 0.145500 0.288400 0.024400 0.104800
0 0.857600 0.589600 0.025700 0.112000
0 0.068600 0.763600 0.038100 0.102800
0 0.762600 0.427300 0.022300 0.100900
0 0.087300 0.481000 0.027600 0.103100
0 0.661900 0.668600 0.027900 0.090500
0 0.726400 0.820600 0.025600 0.119700
0 0.340500 0.839000 0.028500 0.121300
0 0.971600 0.965900 0.031700 0.067200
0 0.620300 0.871400 0.029700 0.100500
0 0.866100 0.322800 0.025500 0.086500
0 0.054500 0.573500 0.031000 0.084900
0 0.103800 0.158800 0.023900 0.110300
0 0.466900 0.864700 0.023900 0.108000
0 0.161000 0.965600 0.034000 0.068700
0 0.180800 0.402100 0.025000 0.095900
0 0.289500 0.838600 0.035300 0.116700
0 0.246900 0.153600 0.026400 0.083500
0 0.522900 0.697300 0.024500 0.099900
0 0.965100 0.307900 0.029200 0.093200
0 0.084900 0.335800 0.035700 0.119500
0 0.057300 0.203600 0.039300 0.116200
0 0.666300 0.443700 0.023300 0.113700
0 0.506600 0.758400 0.035700 0.122100
0 0.022400 0.151600 0.030500 0.089300
0 0.716300 0.448100 0.023600 0.095700
0 0.826000 0.975200 0.038200 0.049500
0 0.613100 0.425200 0.020600 0.114900
0 0.325800 0.759700 0.029100 0.081900
0 0.262000 0.540400 0.024700 0.086400
0 0.924100 0.410200 0.021600 0.115500
0 0.665800 0.098400 0.024600 0.092600
0 0.701900 0.350800 0.024300 0.101600
0 0.477200 0.773100 0.033300 0.104300
0 0.585200 0.035000 0.028000 0.079000
0 0.928000 0.672100 0.037900 0.146900
0 0.909700 0.725400 0.028700 0.087600
0 0.153200 0.413900 0.024300 0.101900
0 0.387000 0.554500 0.031300 0.089700
0 0.284700 0.978800 0.033100 0.039500
0 0.989200 0.965000 0.020900 0.068600
0 0.888200 0.214500 0.036000 0.122000
0 0.128200 0.418500 0.021300 0.099100
0 0.725500 0.103300 0.025000 0.094600
0 0.441400 0.522400 0.027500 0.103100
0 0.574900 0.489400 0.036100 0.120100
0 0.506600 0.601900 0.023200 0.115400
0 0.005100 0.491600 0.010700 0.111900
0 0.372500 0.587600 0.025600 0.101100
0 0.511300 0.090000 0.022300 0.085700
0 0.292000 0.606100 0.024400 0.096000
0 0.466000 0.773100 0.022100 0.079400
0 0.689900 0.880000 0.025700 0.098400
0 0.119900 0.576500 0.042200 0.109800
0 0.242800 0.274000 0.024400 0.106900
0 0.431700 0.194800 0.025800 0.092400
0 0.473900 0.619400 0.024000 0.103900
0 0.525900 0.448500 0.026200 0.076300
0 0.346700 0.601300 0.022000 0.099000
0 0.965500 0.634900 0.028100 0.094000
0 0.502600 0.694000 0.022300 0.088500
0 0.135100 0.528500 0.024800 0.047600
0 0.034800 0.733800 0.041600 0.122400
0 0.964500 0.459800 0.020100 0.102600
0 0.667500 0.570800 0.024500 0.105800
0 0.992400 0.460800 0.013200 0.144300
0 0.119200 0.231700 0.036100 0.116600
0 0.402900 0.027600 0.028400 0.064100
0 0.478900 0.554200 0.030200 0.087100
0 0.290600 0.254400 0.024100 0.105700
0 0.933600 0.633100 0.027500 0.113800
0 0.471500 0.103100 0.025400 0.084800
0 0.642300 0.180900 0.026000 0.091500
0 0.314500 0.440400 0.025600 0.102100
0 0.395600 0.306200 0.020300 0.064000
0 0.361800 0.379300 0.022400 0.103200
0 0.100900 0.977600 0.032800 0.043500
0 0.212500 0.118100 0.024500 0.070400
0 0.418200 0.321600 0.020700 0.079100
0 0.216200 0.603600 0.020300 0.080000
0 0.268200 0.275900 0.024600 0.101000
0 0.764000 0.837400 0.039800 0.113500
0 0.496500 0.458700 0.027800 0.101500
0 0.931000 0.275800 0.021400 0.089300
0 0.601000 0.258500 0.025900 0.083300
0 0.175500 0.239800 0.026400 0.096200
0 0.210100 0.411400 0.024000 0.108900
0 0.739400 0.035100 0.023300 0.078600
0 0.980400 0.450700 0.033000 0.142000
0 0.490200 0.089200 0.021300 0.083500
0 0.732300 0.322500 0.026300 0.084100
0 0.180700 0.181300 0.023100 0.076200
0 0.941500 0.271200 0.020900 0.086600
0 0.141500 0.418600 0.034900 0.109400
0 0.336000 0.195000 0.025500 0.089400
0 0.216800 0.259100 0.023000 0.089700
0 0.300781 0.172917 0.026563 0.084722
0 0.320703 0.313194 0.025781 0.093056
0 0.276172 0.356944 0.021094 0.083333
0 0.908203 0.840278 0.021094 0.111111
0 0.560938 0.287500 0.021875 0.091667
0 0.592578 0.378472 0.017969 0.112500
0 0.566797 0.399306 0.022656 0.070833
0 0.513281 0.358333 0.015625 0.091667
0 0.494141 0.388889 0.022656 0.063889
0 0.455078 0.437500 0.030469 0.091667
0 0.423047 0.463194 0.027344 0.068056
0 0.457812 0.349306 0.026563 0.090278
0 0.482031 0.336111 0.018750 0.086111
0 0.533984 0.304861 0.021094 0.101389
0 0.502344 0.252778 0.018750 0.083333
0 0.518359 0.188889 0.021094 0.097222
0 0.538281 0.227778 0.015625 0.052778
0 0.567578 0.214583 0.022656 0.054167
0 0.581641 0.161111 0.025781 0.072222
0 0.572266 0.086111 0.017969 0.050000
0 0.633984 0.058333 0.028906 0.058333
0 0.644922 0.106944 0.021094 0.047222
0 0.705469 0.118750 0.018750 0.056944
0 0.711328 0.186111 0.025781 0.108333
0 0.684375 0.245139 0.025000 0.109722
0 0.670313 0.309028 0.025000 0.095833
0 0.673047 0.176389 0.022656 0.052778
0 0.633984 0.313194 0.028906 0.129167
0 0.770312 0.293056 0.021875 0.113889
0 0.753516 0.240972 0.022656 0.106944
0 0.375781 0.170139 0.017188 0.090278
0 0.396875 0.154861 0.020312 0.104167
0 0.304297 0.125000 0.014844 0.069444
0 0.326953 0.122222 0.022656 0.052778
0 0.305469 0.074306 0.021875 0.065278
0 0.329297 0.067361 0.021094 0.048611
0 0.357031 0.081250 0.018750 0.056944
0 0.381250 0.072222 0.017188 0.044444
0 0.441797 0.077083 0.019531 0.048611
0 0.471484 0.236806 0.027344 0.090278
0 0.476562 0.170833 0.031250 0.072222
0 0.446875 0.130556 0.029687 0.091667
