26 0.365200 0.745500 0.024800 0.081800
26 0.711000 0.900500 0.012600 0.034400
26 0.661900 0.320200 0.014500 0.035300
24 0.043000 0.771300 0.015600 0.033800
0 0.451700 0.804400 0.037500 0.118600
0 0.508500 0.927400 0.036600 0.129700
0 0.669200 0.581300 0.027600 0.105400
0 0.756100 0.414500 0.026300 0.097400
0 0.759600 0.551200 0.025500 0.099800
0 0.935500 0.550600 0.028900 0.116000
0 0.865000 0.197100 0.022200 0.102700
0 0.918100 0.693800 0.026000 0.130700
0 0.391700 0.571300 0.021900 0.104400
0 0.114500 0.894600 0.042500 0.116500
0 0.867000 0.888100 0.033700 0.130700
0 0.555300 0.940200 0.041000 0.109000
0 0.989700 0.538500 0.019700 0.093100
0 0.056000 0.610500 0.032500 0.126800
0 0.867700 0.441800 0.024200 0.111800
0 0.900200 0.431200 0.023500 0.129800
0 0.052000 0.787100 0.036200 0.117900
0 0.461100 0.492300 0.023300 0.115100
0 0.040900 0.088500 0.027400 0.105600
0 0.074400 0.194900 0.039500 0.120100
0 0.076000 0.354700 0.028800 0.097200
0 0.908700 0.539300 0.023500 0.121200
0 0.941600 0.383100 0.023300 0.098700
0 0.988500 0.352100 0.022300 0.089200
0 0.879600 0.617500 0.024900 0.119000
0 0.697200 0.743900 0.035200 0.111600
0 0.366100 0.753600 0.025100 0.105900
0 0.956600 0.868800 0.024600 0.127200
0 0.122000 0.338500 0.026000 0.132400
0 0.681400 0.974300 0.034000 0.048600
0 0.699500 0.911700 0.029600 0.088700
0 0.789400 0.072300 0.026200 0.095700
0 0.989400 0.709700 0.019500 0.104900
0 0.662700 0.846100 0.027400 0.101900
0 0.027000 0.193900 0.032000 0.095800
0 0.651700 0.081800 0.026200 0.101800
0 0.916100 0.887800 0.025800 0.094700
0 0.575900 0.088000 0.022800 0.097700
0 0.279500 0.634700 0.030100 0.087900
0 0.821800 0.074100 0.023000 0.105200
0 0.145600 0.557700 0.026300 0.111100
0 0.848300 0.771700 0.036100 0.115900
0 0.716400 0.650000 0.025200 0.097600
0 0.305400 0.763300 0.036100 0.121000
0 0.664900 0.772300 0.027500 0.085400
0 0.169200 0.236700 0.029600 0.106600
0 0.083000 0.523200 0.025400 0.092800
0 0.913900 0.100900 0.026300 0.099800
0 0.924100 0.550400 0.030900 0.125900
0 0.479400 0.738400 0.025500 0.096000
0 0.233700 0.588800 0.037900 0.118800
0 0.955500 0.054600 0.020400 0.097300
0 0.120200 0.693200 0.039700 0.106300
0 0.980600 0.866800 0.025900 0.103700
0 0.478100 0.649800 0.027900 0.097000
0 0.925000 0.960500 0.031800 0.076900
0 0.916100 0.381900 0.022200 0.101500
0 0.694600 0.327900 0.034300 0.120800
0 0.276600 0.759500 0.023200 0.127600
0 0.012400 0.082800 0.024300 0.099800
0 0.166100 0.554500 0.027400 0.110100
0 0.285300 0.976500 0.027900 0.042600
0 0.323200 0.573600 0.023900 0.102200
0 0.727100 0.697900 0.022800 0.086800
0 0.614700 0.555500 0.021900 0.090900
0 0.966000 0.525000 0.027000 0.104200
0 0.355200 0.478800 0.024600 0.094100
0 0.746700 0.128800 0.022900 0.089500
0 0.472900 0.443900 0.025100 0.090300
0 0.431700 0.082200 0.027900 0.101900
0 0.492900 0.602400 0.023100 0.092700
0 0.794400 0.949000 0.039700 0.104800
0 0.120700 0.980200 0.037600 0.040000
0 0.617600 0.515100 0.027300 0.162800
0 0.433100 0.539900 0.023400 0.105600
0 0.305200 0.568400 0.020100 0.106700
0 0.653400 0.323500 0.022200 0.084800
0 0.541200 0.086000 0.018100 0.096500
0 0.259500 0.788800 0.023700 0.083900
0 0.067200 0.960100 0.033300 0.080800
0 0.192300 0.085500 0.025200 0.116600
0 0.410600 0.230900 0.019300 0.078400
0 0.964000 0.197600 0.029100 0.090200
0 0.143600 0.036800 0.021900 0.080500
0 0.072100 0.885700 0.028400 0.079300
0 0.357300 0.285600 0.027500 0.097400
0 0.444800 0.663800 0.027100 0.086200
0 0.512900 0.600000 0.024400 0.094900
0 0.387500 0.275700 0.028700 0.097100
0 0.433300 0.508400 0.021900 0.068100
0 0.491400 0.073300 0.027200 0.086700
0 0.165400 0.363700 0.035300 0.113700
0 0.044200 0.897200 0.029600 0.086000
0 0.446900 0.274000 0.036100 0.122300
0 0.980800 0.537700 0.029500 0.132200
0 0.132800 0.946400 0.028400 0.074700
0 0.331200 0.574200 0.023200 0.085500
0 0.194000 0.161500 0.022900 0.064700
0 0.758900 0.197800 0.025200 0.091900
0 0.620500 0.380400 0.021400 0.125000
0 0.022000 0.643400 0.040100 0.122600
0 0.513400 0.363800 0.028900 0.091100
0 0.096700 0.979400 0.034900 0.037500
0 0.284800 0.380900 0.028800 0.112800
0 0.407400 0.427100 0.026600 0.114700
0 0.892500 0.053500 0.020600 0.104300
0 0.320100 0.072300 0.022900 0.084400
0 0.487200 0.366900 0.024600 0.093900
0 0.441400 0.384300 0.033000 0.074100
0 0.377000 0.446900 0.028300 0.099000
0 0.558900 0.278100 0.021000 0.065700
0 0.605400 0.413000 0.024100 0.088900
0 0.847500 0.041100 0.021700 0.071400
0 0.674400 0.101800 0.028200 0.082600
0 0.785937 0.245139 0.023438 0.090278
0 0.761328 0.315278 0.027344 0.091667
0 0.713672 0.207639 0.025781 0.051389
0 0.734375 0.193056 0.015625 0.086111
0 0.721094 0.274306 0.025000 0.090278
0 0.693750 0.237500 0.035937 0.063889
0 0.619141 0.177083 0.022656 0.106944
0 0.643750 0.152778 0.020312 0.075000
0 0.662500 0.220139 0.021875 0.076389
0 0.675781 0.146528 0.029687 0.081944
0 0.984375 0.150694 0.021875 0.106944
0 0.592969 0.186111 0.026563 0.072222
0 0.592969 0.246528 0.026563 0.056944
0 0.601172 0.305556 0.021094 0.047222
0 0.573047 0.307639 0.013281 0.043056
0 0.582422 0.369444 0.016406 0.091667
0 0.548437 0.422917 0.023438 0.084722
0 0.554688 0.356250 0.029687 0.095833
0 0.536328 0.295139 0.024219 0.079167
0 0.505859 0.284028 0.028906 0.056944
0 0.508594 0.201389 0.023438 0.080556
0 0.520312 0.170833 0.020312 0.080556
0 0.542188 0.177778 0.020312 0.086111
0 0.489844 0.150000 0.015625 0.094444
0 0.472656 0.146528 0.025000 0.084722
0 0.466016 0.099306 0.030469 0.079167
0 0.464844 0.218056 0.028125 0.072222
0 0.390234 0.204861 0.025781 0.045833
0 0.366016 0.072222 0.024219 0.075000
0 0.333203 0.047222 0.024219 0.077778
0 0.362891 0.131250 0.035156 0.090278
0 0.333594 0.156944 0.023438 0.055556
0 0.309766 0.151389 0.022656 0.072222
0 0.278906 0.127778 0.031250 0.036111
0 0.278906 0.177778 0.020312 0.077778
0 0.302734 0.193056 0.016406 0.036111
0 0.330469 0.212500 0.020312 0.069444
0 0.307031 0.273611 0.025000 0.100000
0 0.330078 0.294444 0.027344 0.080556
0 0.320703 0.337500 0.022656 0.066667
0 0.311719 0.404167 0.031250 0.075000
0 0.298047 0.481250 0.030469 0.073611
0 0.261328 0.501389 0.025781 0.091667
0 0.155859 0.416667 0.035156 0.116667
0 0.242969 0.421528 0.023438 0.104167
0 0.257422 0.376389 0.025781 0.113889
0 0.227734 0.342361 0.021094 0.095833
0 0.246094 0.317361 0.025000 0.084722
0 0.211719 0.301389 0.023438 0.105556
0 0.190234 0.320139 0.027344 0.093056
0 0.196094 0.215972 0.032812 0.098611
0 0.216016 0.185417 0.024219 0.095833
0 0.220703 0.122222 0.025781 0.052778
0 0.260156 0.234722 0.032812 0.080556
0 0.034375 0.500000 0.028125 0.086111
0 0.056250 0.486806 0.031250 0.098611
0 0.033594 0.428472 0.029687 0.070833
0 0.644531 0.964583 0.029687 0.065278
0 0.812109 0.738194 0.027344 0.112500
0 0.778906 0.715278 0.034375 0.113889
