26 0.857400 0.433300 0.013500 0.031700
26 0.646300 0.834100 0.014600 0.041900
26 0.443400 0.663000 0.015900 0.026200
26 0.919100 0.099300 0.016500 0.031900
24 0.321200 0.740900 0.016600 0.031400
0 0.508200 0.931000 0.035000 0.127300
0 0.935200 0.553500 0.028300 0.112700
0 0.392000 0.572900 0.023500 0.100400
0 0.454800 0.805000 0.033100 0.116600
0 0.668700 0.580800 0.025800 0.093400
0 0.918400 0.695800 0.028300 0.114700
0 0.865300 0.192200 0.021700 0.107300
0 0.696200 0.756300 0.035000 0.122700
0 0.041200 0.089300 0.027700 0.112500
0 0.556200 0.941400 0.035900 0.111200
0 0.074900 0.203100 0.039200 0.123200
0 0.989400 0.539600 0.019400 0.099600
0 0.866600 0.892200 0.033900 0.131000
0 0.755300 0.411300 0.025200 0.092200
0 0.461800 0.495500 0.024100 0.119100
0 0.115900 0.896900 0.045100 0.115800
0 0.055000 0.613800 0.032000 0.127300
0 0.868400 0.433300 0.027300 0.100000
0 0.024800 0.192900 0.031300 0.097200
0 0.918300 0.921000 0.036400 0.152600
0 0.941100 0.381000 0.023200 0.106900
0 0.664500 0.773800 0.030200 0.085800
0 0.759700 0.543600 0.028100 0.092800
0 0.694300 0.333300 0.030500 0.125300
0 0.075400 0.356800 0.027500 0.098400
0 0.682100 0.976700 0.031900 0.046200
0 0.912900 0.103700 0.026300 0.095400
0 0.880900 0.618600 0.031700 0.112300
0 0.981200 0.868200 0.025500 0.110900
0 0.658400 0.852500 0.028000 0.107100
0 0.989900 0.707800 0.018900 0.118700
0 0.305800 0.766800 0.036100 0.124400
0 0.763700 0.333200 0.021300 0.093800
0 0.822000 0.070900 0.022500 0.094700
0 0.901200 0.429300 0.024500 0.122300
0 0.122400 0.334600 0.034700 0.117200
0 0.575700 0.086800 0.022300 0.097800
0 0.084300 0.523400 0.025500 0.098600
0 0.273900 0.768100 0.033600 0.126200
0 0.478700 0.651000 0.027900 0.092200
0 0.799700 0.957300 0.030800 0.087800
0 0.170300 0.238900 0.030700 0.106700
0 0.648300 0.971900 0.033500 0.053500
0 0.478800 0.740700 0.024700 0.092700
0 0.012700 0.081900 0.025000 0.099800
0 0.306300 0.565800 0.024400 0.110100
0 0.700400 0.917400 0.030600 0.093500
0 0.365900 0.731900 0.027000 0.085900
0 0.444900 0.678600 0.022300 0.087200
0 0.908900 0.535500 0.021400 0.109500
0 0.511500 0.608700 0.033600 0.113700
0 0.049300 0.786400 0.038000 0.110000
0 0.964700 0.538600 0.025700 0.124800
0 0.067700 0.961900 0.032700 0.078200
0 0.493000 0.603000 0.022600 0.089000
0 0.956400 0.051100 0.019800 0.101300
0 0.914600 0.367400 0.020000 0.081200
0 0.121200 0.703300 0.041100 0.100600
0 0.989100 0.354700 0.021400 0.092100
0 0.432000 0.087300 0.028700 0.094900
0 0.651200 0.082900 0.025700 0.098600
0 0.715700 0.650100 0.029200 0.095700
0 0.354500 0.488200 0.024400 0.101100
0 0.167000 0.552100 0.026400 0.113800
0 0.145300 0.552400 0.024200 0.101900
0 0.285800 0.976300 0.028400 0.043200
0 0.790800 0.071700 0.026200 0.087300
0 0.725300 0.696900 0.023000 0.090900
0 0.958000 0.881000 0.023100 0.139900
0 0.233800 0.599400 0.036600 0.120300
0 0.615200 0.553100 0.023400 0.092200
0 0.022000 0.645800 0.040000 0.117500
0 0.283600 0.635900 0.028400 0.090100
0 0.409900 0.241500 0.020400 0.100700
0 0.166300 0.353100 0.029100 0.096000
0 0.144100 0.037500 0.021400 0.083300
0 0.849400 0.765300 0.037000 0.120500
0 0.071900 0.885500 0.029600 0.083000
0 0.434700 0.524300 0.023500 0.081300
0 0.964300 0.208100 0.028800 0.089100
0 0.052900 0.493100 0.031100 0.095600
0 0.541300 0.084500 0.019000 0.100600
0 0.981900 0.364200 0.020500 0.096600
0 0.326350 0.582122 0.025100 0.113100
0 0.990900 0.037400 0.017100 0.076300
0 0.847400 0.039000 0.022500 0.071700
0 0.245900 0.440900 0.026200 0.112900
0 0.745900 0.121400 0.024200 0.087400
0 0.356900 0.287400 0.027600 0.096300
0 0.194100 0.229700 0.023200 0.109000
0 0.619700 0.364500 0.024200 0.094600
0 0.893000 0.042400 0.021100 0.085800
0 0.216600 0.194800 0.024200 0.099500
0 0.260900 0.243900 0.026700 0.080500
0 0.132800 0.960700 0.029700 0.070300
0 0.320100 0.072600 0.023700 0.087200
0 0.614600 0.478300 0.023600 0.083200
0 0.759500 0.195400 0.024900 0.097600
0 0.445500 0.290700 0.035100 0.139800
0 0.443400 0.395700 0.033100 0.081000
0 0.799400 0.732100 0.039100 0.114400
0 0.258800 0.788100 0.024900 0.086500
0 0.029300 0.444300 0.029400 0.075100
0 0.191000 0.318000 0.025800 0.100300
0 0.558300 0.276000 0.018200 0.073100
0 0.487100 0.366800 0.024600 0.094200
0 0.208800 0.041300 0.028100 0.087100
0 0.098500 0.982700 0.021400 0.031100
0 0.261200 0.990100 0.021100 0.018400
0 0.285800 0.379800 0.028000 0.119000
0 0.491600 0.083300 0.026000 0.095300
0 0.870600 0.055300 0.018900 0.075400
0 0.620400 0.180000 0.025100 0.101900
0 0.472800 0.444000 0.027200 0.090300
0 0.256100 0.370300 0.028800 0.086300
0 0.782812 0.254167 0.018750 0.086111
0 0.719531 0.279167 0.017188 0.108333
0 0.688281 0.263194 0.020312 0.070833
0 0.658984 0.336111 0.022656 0.083333
0 0.661328 0.220833 0.016406 0.083333
0 0.714063 0.224306 0.025000 0.079167
0 0.737109 0.202778 0.024219 0.077778
0 0.678516 0.153472 0.019531 0.079167
0 0.676562 0.085417 0.015625 0.040278
0 0.645312 0.168056 0.018750 0.075000
0 0.595703 0.184028 0.019531 0.054167
0 0.589844 0.237500 0.020312 0.047222
0 0.601953 0.310417 0.016406 0.068056
0 0.582422 0.386111 0.014844 0.094444
0 0.600391 0.401389 0.022656 0.050000
0 0.577344 0.334722 0.017188 0.088889
0 0.555469 0.352778 0.018750 0.080556
0 0.546094 0.425000 0.020312 0.102778
0 0.515625 0.361806 0.023438 0.087500
0 0.537109 0.304861 0.021094 0.059722
0 0.510547 0.296528 0.019531 0.054167
0 0.497656 0.264583 0.020312 0.062500
0 0.507812 0.209722 0.020312 0.055556
0 0.464453 0.221528 0.013281 0.070833
0 0.543359 0.163889 0.022656 0.066667
0 0.524609 0.168056 0.024219 0.058333
0 0.489062 0.155556 0.028125 0.055556
0 0.468750 0.158333 0.017188 0.075000
0 0.464063 0.104861 0.028125 0.056944
0 0.369141 0.065972 0.024219 0.054167
0 0.334766 0.038194 0.025781 0.054167
0 0.361328 0.136111 0.024219 0.072222
0 0.339453 0.150694 0.025781 0.056944
0 0.310156 0.141667 0.015625 0.063889
0 0.308203 0.195139 0.013281 0.031944
0 0.325391 0.198611 0.024219 0.036111
0 0.279297 0.138889 0.028906 0.063889
0 0.214062 0.121528 0.017188 0.040278
0 0.193359 0.157639 0.013281 0.043056
0 0.192188 0.073611 0.021875 0.086111
0 0.158203 0.411806 0.024219 0.109722
0 0.980469 0.135417 0.021875 0.084722
0 0.779297 0.725000 0.030469 0.108333
0 0.408203 0.421528 0.022656 0.104167
0 0.377344 0.443750 0.025000 0.090278
0 0.390625 0.290972 0.026563 0.093056
0 0.387500 0.212500 0.018750 0.041667
0 0.333203 0.284722 0.022656 0.055556
0 0.306250 0.253472 0.028125 0.076389
0 0.319141 0.331944 0.032031 0.094444
0 0.314453 0.404861 0.014844 0.073611
0 0.294141 0.468750 0.024219 0.059722
0 0.264453 0.504861 0.017969 0.090278
0 0.048437 0.904167 0.025000 0.105556
