26 0.919200 0.101900 0.015000 0.033400
26 0.444200 0.665100 0.014600 0.029200
26 0.646800 0.836300 0.016400 0.041100
26 0.681800 0.808500 0.029800 0.043500
24 0.355600 0.477400 0.025300 0.071500
0 0.508300 0.933000 0.036200 0.125800
0 0.668200 0.582800 0.027400 0.101600
0 0.865100 0.190400 0.023700 0.098900
0 0.934400 0.558000 0.028900 0.119300
0 0.868600 0.433300 0.026800 0.108100
0 0.696600 0.757000 0.036200 0.114700
0 0.918800 0.696800 0.029100 0.101500
0 0.392100 0.575400 0.024800 0.101600
0 0.055100 0.617000 0.033900 0.130200
0 0.759900 0.543100 0.028100 0.094500
0 0.988800 0.541300 0.020700 0.111200
0 0.118700 0.898700 0.044900 0.120000
0 0.076000 0.207600 0.036600 0.125900
0 0.461800 0.496400 0.024400 0.109700
0 0.456000 0.806300 0.034000 0.116800
0 0.941000 0.379300 0.022400 0.105400
0 0.023300 0.192100 0.030100 0.099100
0 0.755600 0.410300 0.024700 0.084500
0 0.694800 0.333300 0.031400 0.116900
0 0.041100 0.090400 0.027900 0.112800
0 0.866100 0.894300 0.034000 0.129300
0 0.681900 0.979400 0.032000 0.045100
0 0.990300 0.708400 0.018200 0.122300
0 0.908700 0.534500 0.021100 0.113400
0 0.883000 0.618000 0.025100 0.101400
0 0.365600 0.731300 0.027100 0.084500
0 0.121100 0.703800 0.040500 0.100100
0 0.912500 0.104500 0.026400 0.090000
0 0.075600 0.362900 0.025100 0.108700
0 0.557600 0.945600 0.028100 0.113200
0 0.725600 0.695400 0.022900 0.094700
0 0.764400 0.334300 0.021700 0.094700
0 0.918200 0.920300 0.036800 0.149000
0 0.663700 0.776500 0.030900 0.091600
0 0.122400 0.333400 0.035400 0.116200
0 0.700600 0.925000 0.027900 0.093400
0 0.479900 0.649800 0.026500 0.086100
0 0.084600 0.524600 0.026500 0.097900
0 0.657800 0.855600 0.025800 0.105300
0 0.575500 0.087000 0.022000 0.097900
0 0.013000 0.074600 0.025800 0.096100
0 0.901800 0.428800 0.024500 0.114600
0 0.492300 0.603700 0.023300 0.086200
0 0.963600 0.538700 0.025400 0.125400
0 0.614700 0.552000 0.023100 0.102200
0 0.512700 0.609800 0.034300 0.114000
0 0.478500 0.741600 0.025500 0.095100
0 0.959000 0.872200 0.033100 0.122000
0 0.021300 0.645500 0.040100 0.119600
0 0.068000 0.963800 0.032000 0.073400
0 0.233500 0.600000 0.035200 0.124800
0 0.273300 0.769900 0.031800 0.122700
0 0.822200 0.069300 0.021300 0.100300
0 0.306900 0.565600 0.024800 0.112900
0 0.792000 0.072300 0.028000 0.088100
0 0.283300 0.636900 0.030900 0.093900
0 0.409800 0.242600 0.020500 0.100100
0 0.286000 0.976700 0.028200 0.042900
0 0.170600 0.240500 0.028400 0.108200
0 0.981300 0.869800 0.025600 0.100900
0 0.452100 0.673600 0.037400 0.106200
0 0.800100 0.959600 0.030200 0.081100
0 0.777144 0.722556 0.038400 0.118600
0 0.848000 0.038700 0.022100 0.072100
0 0.435200 0.539500 0.023600 0.106100
0 0.956100 0.042300 0.018100 0.080300
0 0.133200 0.960900 0.028300 0.072400
0 0.072800 0.896600 0.027900 0.092100
0 0.614100 0.477100 0.024800 0.085600
0 0.850300 0.760500 0.036900 0.122100
0 0.407800 0.426000 0.030100 0.112700
0 0.914800 0.366200 0.021100 0.080900
0 0.650400 0.084900 0.024600 0.091900
0 0.042800 0.784400 0.027900 0.089600
0 0.145100 0.554500 0.024300 0.113300
0 0.165700 0.553000 0.025500 0.123900
0 0.144400 0.036900 0.021900 0.082200
0 0.745200 0.120900 0.023600 0.089900
0 0.356700 0.288500 0.027800 0.092200
0 0.989300 0.355300 0.020800 0.095200
0 0.517800 0.367600 0.028700 0.093200
0 0.432500 0.088000 0.025600 0.097200
0 0.648800 0.972900 0.031900 0.050700
0 0.619500 0.365400 0.023900 0.103600
0 0.759500 0.194800 0.025300 0.097900
0 0.315100 0.768500 0.035100 0.113700
0 0.166500 0.351900 0.030400 0.096300
0 0.893200 0.042900 0.020900 0.087600
0 0.319900 0.073400 0.023300 0.088900
0 0.487000 0.369400 0.025900 0.098100
0 0.991000 0.036900 0.016400 0.075800
0 0.355100 0.490800 0.025200 0.100400
0 0.542000 0.083400 0.020100 0.105100
0 0.443900 0.396800 0.032600 0.083000
0 0.261400 0.989900 0.022000 0.018500
0 0.332600 0.585100 0.024800 0.121200
0 0.714700 0.650300 0.028700 0.094600
0 0.245900 0.440800 0.027400 0.108100
0 0.869600 0.038800 0.018800 0.074700
0 0.045300 0.486500 0.046500 0.101100
0 0.034000 0.445000 0.033100 0.075500
0 0.193000 0.087400 0.025900 0.111800
0 0.472900 0.443500 0.027400 0.084600
0 0.256800 0.370900 0.028200 0.093300
0 0.392100 0.288400 0.024700 0.115800
0 0.362500 0.133000 0.021600 0.096700
0 0.916800 0.897700 0.026600 0.090900
0 0.284800 0.368800 0.024900 0.108600
0 0.195200 0.229000 0.024300 0.104300
0 0.490400 0.083200 0.027800 0.097200
0 0.885800 0.053700 0.017900 0.092300
0 0.620600 0.180400 0.024100 0.097300
0 0.323000 0.568800 0.024000 0.093800
0 0.260000 0.242400 0.024400 0.083300
0 0.306600 0.149200 0.024900 0.076200
0 0.209700 0.041000 0.026200 0.087200
0 0.099300 0.986900 0.021300 0.023000
0 0.190200 0.317900 0.025300 0.102600
0 0.675100 0.099000 0.025000 0.065800
0 0.557600 0.275600 0.019500 0.073200
0 0.538400 0.181000 0.020500 0.103400
0 0.536200 0.320600 0.021100 0.092500
0 0.377100 0.460000 0.024400 0.116700
0 0.153125 0.406944 0.031250 0.111111
0 0.214453 0.304861 0.019531 0.104167
0 0.217187 0.188889 0.025000 0.105556
0 0.189453 0.163194 0.014844 0.070833
0 0.210547 0.124306 0.021094 0.059722
0 0.303906 0.199306 0.020312 0.045833
0 0.335156 0.212500 0.029687 0.061111
0 0.309375 0.256944 0.031250 0.077778
0 0.331250 0.279167 0.025000 0.058333
0 0.320312 0.338194 0.023438 0.073611
0 0.319922 0.422222 0.024219 0.086111
0 0.298438 0.468056 0.028125 0.063889
0 0.266406 0.500694 0.032812 0.084722
0 0.257812 0.790972 0.020312 0.109722
0 0.782812 0.231250 0.021875 0.076389
0 0.707422 0.202778 0.016406 0.044444
0 0.718750 0.272222 0.021875 0.100000
0 0.547266 0.429167 0.027344 0.111111
0 0.577734 0.311111 0.025781 0.061111
0 0.587109 0.379167 0.022656 0.088889
0 0.559375 0.347917 0.032812 0.073611
0 0.600781 0.311111 0.021875 0.058333
0 0.591797 0.247222 0.028906 0.075000
0 0.596094 0.175694 0.029687 0.070833
0 0.520703 0.175694 0.025781 0.093056
0 0.508203 0.197222 0.028906 0.066667
0 0.505469 0.295833 0.020312 0.063889
0 0.496484 0.263194 0.024219 0.065278
0 0.466016 0.231250 0.025781 0.093056
0 0.492188 0.150694 0.023438 0.076389
0 0.464453 0.138889 0.027344 0.066667
0 0.460938 0.095833 0.025000 0.063889
0 0.337109 0.152083 0.025781 0.068056
0 0.336719 0.036806 0.023438 0.056944
0 0.386719 0.215278 0.028125 0.055556
0 0.444531 0.326389 0.029687 0.072222
0 0.445703 0.254167 0.032031 0.086111
0 0.662891 0.218056 0.027344 0.091667
0 0.655859 0.325694 0.025781 0.090278
0 0.690625 0.259722 0.032812 0.086111
0 0.678516 0.148611 0.030469 0.105556
0 0.646094 0.154167 0.023438 0.088889
0 0.806250 0.741667 0.031250 0.111111
0 0.051172 0.904861 0.028906 0.104167
0 0.223828 0.345833 0.021094 0.111111
0 0.248437 0.319444 0.029687 0.080556
0 0.276563 0.152778 0.031250 0.091667
0 0.737109 0.202083 0.027344 0.101389
0 0.964453 0.214583 0.027344 0.112500
0 0.606641 0.401389 0.025781 0.075000
0 0.983594 0.146528 0.025000 0.104167
0 0.467969 0.033333 0.021875 0.052778
