26 0.346900 0.606500 0.019400 0.035100
26 0.855300 0.856300 0.021400 0.031800
0 0.616600 0.508700 0.029100 0.082500
26 0.822500 0.710500 0.019900 0.031200
26 0.431800 0.647300 0.014200 0.025600
24 0.273100 0.728500 0.026600 0.063300
24 0.460500 0.460700 0.015600 0.032800
24 0.272300 0.728300 0.016900 0.039500
1 0.012100 0.241300 0.021100 0.071400
0 0.651000 0.956800 0.028800 0.091300
0 0.865700 0.600600 0.025000 0.108700
0 0.757400 0.432800 0.025700 0.085500
0 0.868700 0.216300 0.023500 0.098600
0 0.940000 0.402300 0.023300 0.103800
0 0.871800 0.870000 0.035300 0.130100
0 0.512600 0.585200 0.025300 0.120100
0 0.760000 0.572400 0.028000 0.094100
0 0.864900 0.457300 0.026900 0.100800
0 0.307300 0.746500 0.033600 0.128100
0 0.754300 0.303200 0.023500 0.098500
0 0.502700 0.903200 0.039300 0.125200
0 0.912300 0.082700 0.026800 0.133200
0 0.925600 0.666700 0.028200 0.108300
0 0.681600 0.962000 0.029300 0.075500
0 0.492800 0.587100 0.020800 0.097700
0 0.552000 0.914300 0.040900 0.120300
0 0.791900 0.931500 0.028100 0.137700
0 0.038500 0.881500 0.025800 0.101200
0 0.387900 0.549900 0.019400 0.114300
0 0.274000 0.745500 0.035400 0.116100
0 0.070700 0.178300 0.039300 0.133000
0 0.060200 0.584300 0.024500 0.103600
0 0.074300 0.334900 0.035400 0.105500
0 0.456000 0.473700 0.025500 0.113200
0 0.423900 0.802600 0.026900 0.123200
0 0.081200 0.494600 0.023600 0.097100
0 0.674100 0.568000 0.026500 0.092800
0 0.696000 0.722900 0.025200 0.103200
0 0.275900 0.174800 0.025700 0.109300
0 0.913900 0.862800 0.028800 0.098000
0 0.940000 0.527300 0.028400 0.097800
0 0.180000 0.980600 0.034600 0.040100
0 0.990800 0.511500 0.018300 0.113100
0 0.040500 0.067800 0.027900 0.101900
0 0.147000 0.583100 0.027000 0.109500
0 0.900600 0.455400 0.031500 0.119500
0 0.224500 0.569100 0.033200 0.122000
0 0.904200 0.566000 0.023000 0.126200
0 0.101600 0.870700 0.025600 0.094300
0 0.482400 0.724800 0.024100 0.097700
0 0.475500 0.631300 0.025200 0.088300
0 0.651800 0.058100 0.025800 0.098000
0 0.425300 0.511000 0.025100 0.103200
0 0.990100 0.337700 0.020700 0.105300
0 0.916400 0.944700 0.031000 0.088600
0 0.402800 0.396400 0.025100 0.127100
0 0.134700 0.932400 0.038700 0.106700
0 0.100300 0.972500 0.034300 0.054700
0 0.064800 0.944500 0.042000 0.102400
0 0.073000 0.790700 0.027400 0.090500
0 0.287200 0.977500 0.032600 0.041800
0 0.915100 0.398700 0.020300 0.094400
0 0.728300 0.668400 0.024800 0.085700
0 0.795200 0.700900 0.035100 0.114300
0 0.010300 0.057400 0.023300 0.102800
0 0.722100 0.300200 0.023800 0.103800
0 0.330700 0.609900 0.032000 0.129400
0 0.677400 0.828400 0.033500 0.141000
0 0.684600 0.303400 0.022600 0.131400
0 0.981000 0.839500 0.028100 0.097800
0 0.947200 0.980300 0.037400 0.038800
0 0.851500 0.806000 0.028900 0.094400
0 0.044300 0.196400 0.030200 0.083100
0 0.509900 0.350900 0.027700 0.100000
0 0.259400 0.481100 0.026400 0.115300
0 0.614700 0.584100 0.020000 0.111200
0 0.371900 0.431400 0.025800 0.116800
0 0.367800 0.788000 0.034300 0.120900
0 0.108200 0.650100 0.025300 0.089400
0 0.575300 0.098600 0.022500 0.093300
0 0.117200 0.362300 0.041300 0.107900
0 0.729700 0.176800 0.028300 0.096300
0 0.066700 0.867900 0.025700 0.091600
0 0.330800 0.242000 0.024400 0.100200
0 0.433000 0.065800 0.023700 0.110800
0 0.271900 0.600500 0.027600 0.082300
0 0.143000 0.039500 0.026900 0.082500
0 0.851900 0.069200 0.021900 0.083500
0 0.168300 0.581900 0.024200 0.097900
0 0.232400 0.150300 0.020700 0.109400
0 0.439200 0.367800 0.033700 0.088100
0 0.971900 0.507300 0.021100 0.110100
0 0.956300 0.074300 0.019400 0.092000
0 0.675000 0.746600 0.027800 0.070400
0 0.444100 0.648700 0.034000 0.107900
0 0.017700 0.616000 0.032300 0.153400
0 0.213000 0.176500 0.022100 0.100200
0 0.541000 0.102200 0.026200 0.084700
0 0.443200 0.263200 0.035800 0.123300
0 0.696800 0.883800 0.036400 0.118800
0 0.184000 0.211900 0.026600 0.100400
0 0.302300 0.507700 0.025700 0.072100
0 0.638500 0.150400 0.023300 0.085900
0 0.314600 0.443600 0.024600 0.096300
0 0.034800 0.477900 0.041000 0.110700
0 0.290300 0.396300 0.027000 0.107900
0 0.786600 0.051900 0.026800 0.096500
0 0.481100 0.350100 0.023900 0.109300
0 0.433100 0.649000 0.024100 0.076300
0 0.244100 0.412700 0.025600 0.091300
0 0.275900 0.839600 0.021800 0.109700
0 0.356700 0.257500 0.024800 0.075200
0 0.650800 0.303800 0.024500 0.090900
0 0.351400 0.447900 0.024700 0.078300
0 0.956100 0.822400 0.025600 0.075800
0 0.268600 0.260900 0.026000 0.086400
0 0.409900 0.226100 0.021500 0.092600
0 0.543500 0.197500 0.022100 0.090500
0 0.629000 0.393900 0.022800 0.109400
0 0.305700 0.582100 0.022200 0.114400
0 0.604300 0.361800 0.033600 0.134800
0 0.496300 0.059000 0.030300 0.084100
0 0.669700 0.132200 0.028100 0.085700
0 0.955100 0.849500 0.029200 0.082600
0 0.893600 0.070900 0.019000 0.094000
0 0.129700 0.976000 0.032100 0.047100
0 0.816900 0.708600 0.035600 0.120400
0 0.617300 0.148000 0.025100 0.075800
0 0.980400 0.722800 0.027400 0.097700
0 0.724900 0.024700 0.022400 0.054000
0 0.388600 0.197900 0.022600 0.064600
0 0.026900 0.415800 0.028400 0.076400
0 0.465600 0.414500 0.028500 0.070100
0 0.211700 0.287800 0.023800 0.100300
0 0.885400 0.071400 0.020600 0.084900
0 0.160938 0.445139 0.032812 0.104167
0 0.165234 0.366667 0.033594 0.083333
0 0.187500 0.059028 0.026563 0.093056
0 0.190625 0.140278 0.025000 0.072222
0 0.157031 0.202083 0.021875 0.084722
0 0.188281 0.284722 0.026563 0.102778
0 0.227734 0.297917 0.019531 0.045833
0 0.247266 0.284722 0.014844 0.044444
0 0.255859 0.329861 0.041406 0.059722
0 0.333594 0.313889 0.029687 0.075000
0 0.318750 0.354167 0.029687 0.080556
0 0.302344 0.283333 0.021875 0.088889
0 0.304688 0.218056 0.020312 0.058333
0 0.309375 0.168750 0.021875 0.065278
0 0.301562 0.116667 0.021875 0.038889
0 0.336719 0.111111 0.028125 0.030556
0 0.334375 0.162500 0.023438 0.069444
0 0.315625 0.070833 0.018750 0.055556
0 0.335547 0.058333 0.024219 0.061111
0 0.365625 0.073611 0.025000 0.063889
0 0.468750 0.065972 0.021875 0.056944
0 0.467578 0.121528 0.014844 0.062500
0 0.487500 0.127083 0.025000 0.062500
0 0.502344 0.164583 0.026563 0.034722
0 0.526953 0.192361 0.019531 0.095833
0 0.495703 0.250694 0.016406 0.059722
0 0.466797 0.213194 0.027344 0.104167
0 0.509375 0.276389 0.015625 0.061111
0 0.530469 0.279167 0.023438 0.052778
0 0.566797 0.276389 0.027344 0.052778
0 0.601562 0.209028 0.021875 0.081944
0 0.606641 0.432639 0.030469 0.084722
0 0.587500 0.406250 0.023438 0.098611
0 0.575391 0.335417 0.024219 0.095833
0 0.549219 0.331944 0.026563 0.077778
0 0.537891 0.402083 0.032031 0.112500
0 0.787891 0.252778 0.019531 0.113889
0 0.761328 0.206944 0.032031 0.094444
0 0.756641 0.118750 0.027344 0.059722
0 0.678125 0.063194 0.034375 0.045833
0 0.830469 0.082639 0.032812 0.093056
0 0.966406 0.179167 0.028125 0.111111
0 0.980469 0.126389 0.029687 0.091667
0 0.719141 0.228472 0.036719 0.051389
0 0.684375 0.229861 0.035937 0.054167
0 0.660547 0.190972 0.017969 0.079167
