26 0.651400 0.824000 0.014200 0.037100
26 0.487500 0.724900 0.012900 0.027000
0 0.505000 0.922800 0.033400 0.134200
0 0.757500 0.427300 0.024500 0.103300
0 0.058700 0.598500 0.035200 0.126300
0 0.866600 0.444300 0.024600 0.098700
0 0.554300 0.930900 0.044700 0.116100
0 0.866300 0.210000 0.022500 0.131000
0 0.916700 0.880000 0.029500 0.096200
0 0.072400 0.192200 0.040100 0.132300
0 0.367300 0.761700 0.032800 0.119400
0 0.909300 0.551300 0.026800 0.117700
0 0.648600 0.961400 0.029600 0.067400
0 0.430800 0.523300 0.021800 0.109200
0 0.682100 0.971200 0.034000 0.059000
0 0.762200 0.572400 0.036100 0.113600
0 0.389700 0.566700 0.021600 0.127200
0 0.614400 0.571400 0.021600 0.123000
0 0.441500 0.800600 0.033000 0.119500
0 0.040500 0.086200 0.026100 0.114600
0 0.697500 0.740900 0.035100 0.111100
0 0.058600 0.791900 0.033400 0.121100
0 0.918400 0.955400 0.030100 0.086000
0 0.955900 0.854500 0.027600 0.104500
0 0.869800 0.880100 0.033600 0.123900
0 0.081900 0.518100 0.033300 0.112500
0 0.666200 0.839700 0.027700 0.120700
0 0.308700 0.755900 0.027100 0.131800
0 0.075200 0.347800 0.034900 0.110600
0 0.021000 0.636000 0.041100 0.148700
0 0.229200 0.583500 0.032200 0.118000
0 0.899100 0.433400 0.025000 0.101900
0 0.166100 0.230000 0.027200 0.107000
0 0.989700 0.528200 0.019900 0.108600
0 0.012400 0.071200 0.026100 0.093300
0 0.872200 0.603000 0.027500 0.087500
0 0.132600 0.946200 0.026600 0.092800
0 0.442600 0.663300 0.025000 0.091500
0 0.106800 0.887700 0.038000 0.116600
0 0.916300 0.383000 0.021600 0.092700
0 0.479200 0.728500 0.027300 0.088100
0 0.651400 0.072500 0.025700 0.097400
0 0.980600 0.848700 0.026200 0.094400
0 0.989500 0.348600 0.020000 0.091800
0 0.306700 0.570300 0.023600 0.097100
0 0.794700 0.947200 0.028400 0.104600
0 0.278200 0.177300 0.025100 0.105000
0 0.068700 0.958900 0.032100 0.082100
0 0.669200 0.580400 0.034600 0.116900
0 0.274000 0.759200 0.030300 0.135400
0 0.120000 0.680300 0.029500 0.122500
0 0.888000 0.056900 0.022400 0.099000
0 0.760900 0.318400 0.022100 0.098800
0 0.941500 0.387200 0.023200 0.091000
0 0.956100 0.069600 0.021200 0.109500
0 0.276000 0.617700 0.030400 0.088600
0 0.097000 0.978600 0.035000 0.045100
0 0.477200 0.645600 0.026500 0.099600
0 0.787600 0.056200 0.024100 0.108900
0 0.723300 0.651000 0.028100 0.075100
0 0.035900 0.196600 0.040300 0.114700
0 0.822200 0.081500 0.026500 0.095000
0 0.286700 0.977200 0.031400 0.042600
0 0.512700 0.599300 0.025600 0.105400
0 0.121200 0.349200 0.026800 0.119400
0 0.333000 0.603900 0.024800 0.096700
0 0.935400 0.551400 0.027500 0.122400
0 0.691000 0.317100 0.035200 0.115700
0 0.387600 0.270700 0.029100 0.106200
0 0.356500 0.273100 0.026300 0.097800
0 0.666600 0.760900 0.028000 0.085300
0 0.792200 0.727300 0.037700 0.130200
0 0.432700 0.072300 0.024400 0.095900
0 0.353100 0.464800 0.024700 0.100900
0 0.445000 0.271900 0.037200 0.124900
0 0.989900 0.710100 0.017200 0.112900
0 0.492800 0.587700 0.020800 0.076400
0 0.697100 0.914100 0.040000 0.142200
0 0.179400 0.988400 0.027900 0.022700
0 0.162100 0.573500 0.041800 0.119600
0 0.982800 0.527100 0.027000 0.135400
0 0.582300 0.097400 0.019000 0.103200
0 0.042700 0.884200 0.026700 0.074500
0 0.849700 0.055800 0.022700 0.088600
0 0.913000 0.088700 0.027000 0.089000
0 0.964900 0.195500 0.028000 0.084300
0 0.574700 0.089600 0.024100 0.088000
0 0.966800 0.526100 0.023600 0.109500
0 0.542400 0.090300 0.022000 0.095400
0 0.410800 0.240400 0.022600 0.102300
0 0.541800 0.413100 0.029700 0.100300
0 0.319600 0.085700 0.023900 0.093100
0 0.330200 0.229600 0.023600 0.095700
0 0.480500 0.350300 0.028700 0.078000
0 0.070600 0.884500 0.025900 0.079900
0 0.920100 0.691200 0.024900 0.107600
0 0.870100 0.056600 0.018900 0.092100
0 0.645500 0.162000 0.020900 0.085800
0 0.440900 0.382800 0.032200 0.086800
0 0.511600 0.354400 0.027100 0.080300
0 0.619900 0.380100 0.025500 0.098900
0 0.534200 0.321300 0.024900 0.099700
0 0.143300 0.037900 0.026000 0.078100
0 0.674300 0.084500 0.027100 0.062300
0 0.982400 0.707500 0.030200 0.130800
0 0.213100 0.181900 0.024500 0.096300
0 0.493400 0.070400 0.026900 0.092600
0 0.461600 0.493700 0.019500 0.125600
0 0.148000 0.572100 0.026300 0.115900
0 0.213200 0.302800 0.023200 0.097500
0 0.726900 0.712800 0.025400 0.088300
0 0.401400 0.420600 0.037700 0.126900
0 0.225200 0.135400 0.019400 0.070400
0 0.596000 0.211400 0.026700 0.093700
0 0.252600 0.614200 0.029600 0.060800
0 0.376600 0.444600 0.028100 0.093700
0 0.209400 0.041300 0.026500 0.089200
0 0.464600 0.444400 0.028100 0.100400
0 0.619141 0.177083 0.024219 0.123611
0 0.787109 0.237500 0.024219 0.088889
0 0.761719 0.202083 0.023438 0.090278
0 0.750000 0.125694 0.035937 0.081944
0 0.984375 0.140278 0.026563 0.111111
0 0.714063 0.214583 0.026563 0.054167
0 0.719141 0.291667 0.028906 0.094444
0 0.734766 0.193056 0.030469 0.111111
0 0.688281 0.231944 0.028125 0.063889
0 0.657422 0.323611 0.027344 0.105556
0 0.660547 0.213889 0.021094 0.094444
0 0.676172 0.127778 0.030469 0.094444
0 0.592578 0.253472 0.030469 0.059722
0 0.610156 0.323611 0.025000 0.080556
0 0.583984 0.390278 0.019531 0.088889
0 0.602734 0.420139 0.025781 0.093056
0 0.616797 0.477083 0.027344 0.081944
0 0.570703 0.332639 0.024219 0.106944
0 0.561328 0.273611 0.025781 0.052778
0 0.544922 0.186806 0.024219 0.104167
0 0.525391 0.179167 0.019531 0.094444
0 0.507031 0.183333 0.026563 0.072222
0 0.491016 0.134028 0.022656 0.070833
0 0.466406 0.132639 0.034375 0.079167
0 0.462500 0.070833 0.028125 0.044444
0 0.466406 0.223611 0.028125 0.097222
0 0.493750 0.261111 0.020312 0.077778
0 0.507812 0.282639 0.018750 0.040278
0 0.385156 0.195833 0.023438 0.041667
0 0.354297 0.134722 0.028906 0.088889
0 0.333203 0.150000 0.021094 0.050000
0 0.260156 0.243750 0.029687 0.079167
0 0.307422 0.150694 0.024219 0.062500
0 0.310547 0.195833 0.013281 0.027778
0 0.296875 0.265972 0.023438 0.076389
0 0.328906 0.291667 0.028125 0.066667
0 0.316406 0.342361 0.026563 0.079167
0 0.314453 0.429167 0.030469 0.100000
0 0.287109 0.380556 0.027344 0.113889
0 0.296875 0.486111 0.028125 0.075000
0 0.263281 0.490278 0.021875 0.097222
0 0.245703 0.422222 0.024219 0.102778
0 0.251953 0.353472 0.036719 0.093056
0 0.246094 0.299306 0.025000 0.054167
0 0.225781 0.326389 0.025000 0.075000
0 0.156641 0.416667 0.027344 0.108333
0 0.165234 0.356250 0.028906 0.087500
0 0.185156 0.310417 0.023438 0.093056
0 0.189063 0.213194 0.018750 0.098611
0 0.188281 0.152083 0.025000 0.043056
0 0.190234 0.075694 0.028906 0.109722
0 0.026563 0.424306 0.032812 0.068056
0 0.032031 0.493056 0.017188 0.091667
0 0.052734 0.477083 0.024219 0.104167
0 0.266016 0.809028 0.032031 0.087500
0 0.328125 0.039583 0.028125 0.051389
0 0.367188 0.075694 0.026563 0.093056
