26 0.353900 0.724900 0.013600 0.032400
26 0.527600 0.601700 0.015300 0.037400
26 0.662700 0.337300 0.013600 0.029400
24 0.272900 0.755500 0.018000 0.039700
24 0.806700 0.743700 0.018900 0.035600
24 0.082900 0.896500 0.014600 0.030600
0 0.868700 0.418900 0.027400 0.092500
0 0.314300 0.772600 0.032000 0.120400
0 0.909700 0.519400 0.021200 0.141800
0 0.862900 0.178200 0.026200 0.087000
0 0.928100 0.577800 0.037800 0.113900
0 0.056000 0.621100 0.027700 0.130300
0 0.755000 0.402700 0.029400 0.095100
0 0.696700 0.767800 0.036300 0.114400
0 0.036700 0.777100 0.043100 0.120500
0 0.919000 0.921100 0.035500 0.123100
0 0.887500 0.637700 0.029200 0.124300
0 0.914400 0.713200 0.032500 0.131400
0 0.086200 0.527900 0.027000 0.107500
0 0.122300 0.329000 0.033900 0.123200
0 0.121800 0.711400 0.037600 0.066900
0 0.472100 0.770200 0.029300 0.156500
0 0.697400 0.346500 0.025600 0.112700
0 0.119000 0.901100 0.043100 0.113800
0 0.042400 0.114400 0.026100 0.107400
0 0.761800 0.544200 0.037200 0.113800
0 0.395200 0.589000 0.028100 0.096500
0 0.514700 0.943600 0.040600 0.116800
0 0.942000 0.368900 0.021700 0.093000
0 0.272800 0.771600 0.033600 0.116800
0 0.963500 0.539500 0.027700 0.097300
0 0.575700 0.084400 0.023000 0.101900
0 0.666100 0.598300 0.028000 0.096100
0 0.861400 0.910600 0.031400 0.154900
0 0.237600 0.610600 0.035000 0.120500
0 0.988200 0.551600 0.020400 0.097800
0 0.515900 0.616200 0.034500 0.108400
0 0.796500 0.756800 0.036600 0.126700
0 0.481900 0.664800 0.027500 0.092900
0 0.449200 0.690600 0.024800 0.090500
0 0.902800 0.412500 0.022300 0.111000
0 0.285400 0.646300 0.033300 0.088400
0 0.076200 0.214700 0.038400 0.121800
0 0.662300 0.787200 0.026800 0.088500
0 0.079500 0.370800 0.027000 0.106600
0 0.558100 0.949700 0.030300 0.103300
0 0.073800 0.902000 0.028100 0.089500
0 0.981400 0.369100 0.022700 0.107600
0 0.168300 0.546600 0.036800 0.122200
0 0.034000 0.460600 0.031400 0.090700
0 0.136600 0.962700 0.035500 0.070700
0 0.957200 0.884400 0.036200 0.114200
0 0.286000 0.978000 0.027700 0.041700
0 0.792800 0.084200 0.026300 0.099500
0 0.174900 0.245400 0.029300 0.094300
0 0.652600 0.861600 0.032300 0.129400
0 0.768700 0.348600 0.022300 0.095300
0 0.612800 0.463100 0.027300 0.073700
0 0.653600 0.347100 0.023700 0.101200
0 0.982300 0.867900 0.027500 0.086500
0 0.013500 0.085400 0.025900 0.086400
0 0.648700 0.977400 0.037600 0.042200
0 0.012700 0.647500 0.024000 0.106500
0 0.439200 0.539700 0.024300 0.099400
0 0.040100 0.681000 0.030500 0.093100
0 0.820600 0.058400 0.019900 0.100000
0 0.055600 0.507300 0.030400 0.102400
0 0.327100 0.570700 0.031200 0.129500
0 0.013400 0.192300 0.024100 0.104700
0 0.371300 0.134500 0.026000 0.103000
0 0.165300 0.348700 0.026100 0.113000
0 0.912000 0.116300 0.026000 0.081800
0 0.682900 0.982900 0.033400 0.030800
0 0.930200 0.966100 0.027700 0.061900
0 0.914600 0.352400 0.023300 0.070800
0 0.776800 0.940900 0.025100 0.101900
0 0.849500 0.745000 0.024300 0.110200
0 0.988900 0.366700 0.020000 0.092600
0 0.870200 0.049700 0.020200 0.081000
0 0.492500 0.602700 0.023000 0.071800
0 0.259900 0.989200 0.020600 0.021300
0 0.770300 0.735300 0.034900 0.118400
0 0.246100 0.442900 0.026800 0.098300
0 0.722700 0.679700 0.025600 0.088000
0 0.237300 0.772500 0.035800 0.128700
0 0.199400 0.242200 0.029300 0.094500
0 0.648400 0.089400 0.024300 0.087900
0 0.412200 0.257300 0.022300 0.089000
0 0.463400 0.507400 0.022900 0.085600
0 0.473300 0.447300 0.028000 0.079500
0 0.487100 0.369700 0.029100 0.088700
0 0.268100 0.519900 0.027500 0.108300
0 0.377700 0.461500 0.027800 0.117100
0 0.519400 0.377500 0.029800 0.099000
0 0.319500 0.071100 0.024000 0.086300
0 0.915000 0.386100 0.032900 0.134500
0 0.055200 0.931400 0.040400 0.118500
0 0.433300 0.100700 0.024400 0.100800
0 0.539100 0.335700 0.024600 0.092700
0 0.893800 0.038800 0.019800 0.084900
0 0.355300 0.493700 0.025400 0.097100
0 0.362000 0.291700 0.027400 0.089800
0 0.542800 0.074200 0.026400 0.093900
0 0.306300 0.554000 0.023400 0.123100
0 0.392200 0.227900 0.022600 0.067800
0 0.707500 0.932000 0.026000 0.081600
0 0.150000 0.545000 0.038500 0.114100
0 0.618200 0.351200 0.022200 0.092100
0 0.804500 0.962100 0.028600 0.070800
0 0.284000 0.353700 0.027900 0.101000
0 0.758900 0.180900 0.022300 0.087700
0 0.697400 0.645100 0.042500 0.120300
0 0.191500 0.321600 0.024000 0.099500
0 0.211900 0.318100 0.023400 0.102200
0 0.569700 0.321600 0.025400 0.099200
0 0.306300 0.149700 0.023900 0.085500
0 0.143500 0.028300 0.025200 0.057700
0 0.846800 0.040700 0.022300 0.081600
0 0.667100 0.173300 0.037400 0.122200
0 0.333400 0.586900 0.024100 0.088700
0 0.068800 0.962300 0.031200 0.076100
0 0.408900 0.443200 0.028800 0.099800
0 0.736700 0.210400 0.026000 0.091500
0 0.151172 0.392361 0.028906 0.106944
0 0.190625 0.159028 0.020312 0.048611
0 0.216797 0.187500 0.017969 0.072222
0 0.195312 0.088194 0.028125 0.079167
0 0.255469 0.229167 0.021875 0.075000
0 0.264844 0.140972 0.023438 0.084722
0 0.280469 0.182639 0.017188 0.081944
0 0.327734 0.197222 0.022656 0.069444
0 0.304297 0.239583 0.014844 0.054167
0 0.327734 0.272917 0.017969 0.051389
0 0.323047 0.327083 0.025781 0.062500
0 0.317969 0.396528 0.020312 0.062500
0 0.306250 0.185417 0.021875 0.045833
0 0.333594 0.134028 0.025000 0.079167
0 0.335156 0.026389 0.023438 0.052778
0 0.612891 0.546528 0.030469 0.109722
0 0.550781 0.429167 0.029687 0.122222
0 0.550781 0.261806 0.020312 0.076389
0 0.586719 0.240278 0.017188 0.083333
0 0.594922 0.172917 0.019531 0.070833
0 0.619922 0.197222 0.016406 0.102778
0 0.539453 0.160417 0.021094 0.081944
0 0.517187 0.140972 0.025000 0.059722
0 0.509375 0.213889 0.023438 0.088889
0 0.500391 0.329861 0.021094 0.081944
0 0.489062 0.180556 0.017188 0.091667
0 0.466016 0.165972 0.028906 0.087500
0 0.456250 0.113889 0.026563 0.066667
0 0.464844 0.043750 0.021875 0.043056
0 0.466016 0.244444 0.030469 0.111111
0 0.442187 0.387500 0.028125 0.086111
0 0.370313 0.729167 0.031250 0.125000
0 0.391016 0.292361 0.028906 0.118056
0 0.440625 0.329167 0.025000 0.072222
0 0.441797 0.266667 0.032031 0.075000
0 0.488281 0.076389 0.018750 0.066667
0 0.683203 0.261111 0.022656 0.069444
0 0.714453 0.268750 0.028906 0.081944
0 0.711719 0.204167 0.018750 0.069444
0 0.744922 0.088889 0.027344 0.069444
0 0.673828 0.088889 0.024219 0.072222
0 0.604688 0.390972 0.032812 0.068056
0 0.255859 0.368056 0.024219 0.088889
0 0.236328 0.330556 0.030469 0.091667
0 0.963281 0.220833 0.028125 0.105556
0 0.983594 0.154861 0.026563 0.095833
0 0.779297 0.247917 0.025781 0.104167
0 0.601953 0.302083 0.030469 0.070833
