26 0.395100 0.323000 0.020500 0.039700
26 0.908600 0.176500 0.014700 0.028400
26 0.676600 0.851900 0.010900 0.025900
0 0.860900 0.130500 0.026300 0.112200
0 0.977200 0.601600 0.026400 0.101100
0 0.651700 0.645500 0.028000 0.131500
0 0.950300 0.587600 0.026000 0.098600
0 0.867700 0.356300 0.023900 0.082700
0 0.788700 0.410900 0.025500 0.101800
0 0.853800 0.645600 0.023700 0.111900
0 0.604300 0.926600 0.034100 0.117000
0 0.353000 0.652200 0.023800 0.114300
0 0.761100 0.472100 0.024800 0.095000
0 0.401000 0.663200 0.028300 0.104100
0 0.918000 0.446800 0.023100 0.118200
0 0.638000 0.838800 0.027800 0.093600
0 0.080700 0.287800 0.036700 0.121200
0 0.809400 0.136800 0.026700 0.102600
0 0.048800 0.172900 0.038900 0.122500
0 0.461400 0.600500 0.023400 0.101800
0 0.153900 0.726200 0.036100 0.116100
0 0.286800 0.821500 0.033700 0.137500
0 0.707300 0.412300 0.032100 0.127400
0 0.051300 0.706200 0.042800 0.129800
0 0.043000 0.539200 0.024300 0.104600
0 0.683900 0.557000 0.027000 0.087100
0 0.910500 0.790400 0.033900 0.130000
0 0.085300 0.442200 0.029300 0.103800
0 0.144000 0.158500 0.029400 0.096600
0 0.939200 0.975400 0.032100 0.050300
0 0.839000 0.958300 0.032300 0.081500
0 0.896700 0.179400 0.036600 0.122000
0 0.164000 0.456900 0.026400 0.104500
0 0.262200 0.682400 0.035900 0.115000
0 0.308600 0.722300 0.029000 0.089500
0 0.518700 0.678800 0.033400 0.128100
0 0.132100 0.460400 0.024700 0.093700
0 0.017400 0.129800 0.029200 0.100300
0 0.334200 0.816600 0.035500 0.137900
0 0.613800 0.472300 0.021200 0.125300
0 0.810500 0.033700 0.021300 0.077700
0 0.770000 0.805500 0.041000 0.124400
0 0.122400 0.257400 0.027200 0.100100
0 0.693800 0.840300 0.031800 0.123000
0 0.479300 0.522400 0.026800 0.103200
0 0.992300 0.432200 0.015500 0.112900
0 0.582200 0.049700 0.023400 0.093300
0 0.918200 0.639100 0.034100 0.120700
0 0.223500 0.681500 0.035600 0.122500
0 0.912200 0.289300 0.021300 0.071800
0 0.470400 0.073300 0.025800 0.098500
0 0.253000 0.180600 0.024400 0.079600
0 0.020800 0.731500 0.033900 0.130800
0 0.140500 0.951200 0.045100 0.094300
0 0.988900 0.944400 0.019600 0.098200
0 0.522900 0.786700 0.025300 0.114100
0 0.742900 0.354700 0.025800 0.108000
0 0.287400 0.979700 0.029700 0.038800
0 0.424600 0.491900 0.027300 0.110300
0 0.520200 0.118800 0.020400 0.099200
0 0.090300 0.958200 0.032000 0.079300
0 0.642500 0.149200 0.025400 0.096200
0 0.738500 0.134700 0.024700 0.101800
0 0.665000 0.398900 0.023800 0.091700
0 0.964000 0.947800 0.028000 0.085500
0 0.056500 0.729900 0.027800 0.100400
0 0.285100 0.576700 0.036900 0.114100
0 0.939200 0.305600 0.020500 0.089600
0 0.669000 0.065600 0.025400 0.097600
0 0.966900 0.276400 0.029200 0.089000
0 0.973400 0.431900 0.021000 0.109400
0 0.369800 0.551000 0.025700 0.100100
0 0.182900 0.371200 0.027600 0.094600
0 0.357600 0.338000 0.027200 0.084500
0 0.314800 0.490000 0.025600 0.108200
0 0.550000 0.038900 0.021900 0.080900
0 0.709900 0.179500 0.023700 0.127100
0 0.535100 0.981600 0.034200 0.037500
0 0.288700 0.402300 0.026300 0.106100
0 0.325500 0.163300 0.020700 0.081000
0 0.336800 0.508100 0.026600 0.091800
0 0.102900 0.551000 0.034800 0.133500
0 0.209300 0.085900 0.025700 0.071300
0 0.144000 0.332200 0.021900 0.117500
0 0.167500 0.274900 0.028100 0.096500
0 0.194500 0.304200 0.028300 0.092300
0 0.757500 0.975700 0.027900 0.049100
0 0.495500 0.395200 0.031700 0.143500
0 0.417400 0.116900 0.022900 0.099200
0 0.256600 0.503700 0.025300 0.103300
0 0.572900 0.989300 0.027200 0.020300
0 0.068200 0.962400 0.035000 0.067300
0 0.261300 0.988800 0.022300 0.020700
0 0.224300 0.402400 0.025600 0.101500
0 0.910200 0.350100 0.021900 0.091800
0 0.384900 0.510100 0.026500 0.091500
0 0.492800 0.556000 0.024700 0.081000
0 0.221000 0.302100 0.025400 0.091000
0 0.394800 0.347000 0.025100 0.119300
0 0.333600 0.229400 0.026500 0.088300
0 0.571000 0.452000 0.032700 0.139500
0 0.284100 0.226000 0.022800 0.095400
0 0.696200 0.319400 0.022500 0.081500
0 0.262000 0.429100 0.029100 0.085500
0 0.523900 0.416600 0.025600 0.092700
0 0.271000 0.308100 0.023300 0.091900
0 0.744200 0.057400 0.026200 0.076700
0 0.004400 0.446700 0.008600 0.122200
0 0.015800 0.677800 0.031800 0.112400
0 0.917600 0.325200 0.035300 0.121100
0 0.394700 0.275900 0.023800 0.059800
0 0.446900 0.356600 0.033100 0.144900
0 0.596484 0.329861 0.021094 0.059722
0 0.601172 0.391667 0.021094 0.055556
0 0.574609 0.316667 0.022656 0.075000
0 0.558203 0.360417 0.030469 0.054167
0 0.609375 0.278472 0.026563 0.056944
0 0.580469 0.250694 0.023438 0.068056
0 0.557031 0.252083 0.023438 0.062500
0 0.525000 0.263889 0.025000 0.075000
0 0.533984 0.205556 0.027344 0.058333
0 0.495703 0.220833 0.022656 0.088889
0 0.471875 0.208333 0.029687 0.100000
0 0.469531 0.137500 0.023438 0.069444
0 0.434375 0.158333 0.023438 0.080556
0 0.583594 0.134028 0.034375 0.084722
0 0.452344 0.083333 0.031250 0.075000
0 0.205078 0.174306 0.025781 0.087500
0 0.232031 0.227778 0.021875 0.069444
0 0.335938 0.107639 0.034375 0.073611
0 0.308203 0.156944 0.032031 0.063889
0 0.305469 0.090972 0.021875 0.062500
0 0.320312 0.345833 0.025000 0.097222
0 0.464063 0.727083 0.032812 0.090278
0 0.470703 0.827083 0.028906 0.137500
0 0.420703 0.290278 0.027344 0.100000
0 0.325781 0.273611 0.035937 0.091667
0 0.388672 0.118750 0.030469 0.098611
0 0.363672 0.058333 0.032031 0.077778
