26 0.349600 0.474800 0.016300 0.030900
26 0.973100 0.635500 0.014100 0.030700
24 0.677900 0.443200 0.013900 0.031900
26 0.509100 0.587300 0.015900 0.034000
26 0.915700 0.745100 0.016400 0.031200
26 0.708900 0.353300 0.014500 0.030900
26 0.915700 0.697500 0.016900 0.025600
0 0.805700 0.465600 0.025200 0.126900
0 0.088000 0.493000 0.029100 0.097600
0 0.856400 0.091400 0.026700 0.100000
0 0.057200 0.588600 0.029100 0.094900
0 0.151900 0.776100 0.028000 0.103000
0 0.568300 0.765200 0.036400 0.115900
0 0.725300 0.471400 0.035900 0.123500
0 0.761200 0.417100 0.027300 0.095400
0 0.663500 0.682000 0.031200 0.094100
0 0.404600 0.729400 0.028800 0.110000
0 0.294100 0.620300 0.027600 0.106700
0 0.284800 0.739300 0.034900 0.114900
0 0.565700 0.958800 0.032300 0.081800
0 0.466300 0.877700 0.024200 0.125700
0 0.865100 0.316100 0.024000 0.094500
0 0.972600 0.975000 0.035700 0.053000
0 0.071200 0.769400 0.027100 0.091900
0 0.612400 0.892900 0.034000 0.126100
0 0.025200 0.163700 0.029300 0.099100
0 0.667800 0.447500 0.024900 0.096100
0 0.882900 0.224800 0.023400 0.109400
0 0.684600 0.891200 0.037700 0.112400
0 0.823300 0.183400 0.025900 0.097300
0 0.214100 0.588100 0.024200 0.099600
0 0.474100 0.787800 0.024600 0.093000
0 0.923900 0.393100 0.021300 0.118000
0 0.863600 0.572400 0.026900 0.101200
0 0.825400 0.982100 0.037400 0.034800
0 0.164600 0.972400 0.028700 0.049900
0 0.180700 0.413400 0.026500 0.101400
0 0.088400 0.348300 0.031900 0.126800
0 0.757000 0.836200 0.024100 0.083800
0 0.646800 0.507900 0.023100 0.091900
0 0.342300 0.849200 0.025700 0.123200
0 0.263700 0.474800 0.035900 0.087900
0 0.331100 0.773100 0.033400 0.080400
0 0.586200 0.511600 0.027200 0.107700
0 0.361800 0.384400 0.025700 0.090800
0 0.145700 0.276500 0.026200 0.095000
0 0.060100 0.214000 0.042000 0.108000
0 0.424300 0.493600 0.031400 0.093500
0 0.340700 0.586400 0.025100 0.105300
0 0.121100 0.211300 0.028700 0.118100
0 0.247300 0.145700 0.024900 0.078300
0 0.933100 0.258000 0.020700 0.098400
0 0.964500 0.646700 0.024900 0.097000
0 0.607100 0.414600 0.023400 0.094100
0 0.523000 0.696500 0.026400 0.075100
0 0.290900 0.261500 0.027700 0.098900
0 0.480500 0.568800 0.025600 0.101200
0 0.724000 0.833900 0.025900 0.082000
0 0.128300 0.409600 0.023500 0.106200
0 0.665800 0.104400 0.025600 0.090500
0 0.028700 0.754900 0.025800 0.121200
0 0.762200 0.026500 0.029600 0.053700
0 0.907700 0.848900 0.027500 0.113400
0 0.507800 0.083300 0.024100 0.095400
0 0.705600 0.366000 0.020900 0.093600
0 0.496800 0.429100 0.028800 0.135300
0 0.264100 0.556300 0.022600 0.097600
0 0.964700 0.321400 0.029500 0.086700
0 0.392500 0.382200 0.026500 0.109100
0 0.908400 0.243800 0.021600 0.066000
0 0.283800 0.980700 0.031300 0.036400
0 0.091200 0.149300 0.020100 0.089900
0 0.387400 0.569100 0.025800 0.121300
0 0.336200 0.476500 0.025600 0.112500
0 0.964400 0.463500 0.019900 0.104600
0 0.913900 0.741000 0.025200 0.074400
0 0.175200 0.228400 0.029600 0.111500
0 0.396200 0.322300 0.024300 0.075300
0 0.403600 0.035000 0.028900 0.085200
0 0.362300 0.114200 0.027300 0.104100
0 0.306700 0.072100 0.021700 0.078900
0 0.935000 0.633500 0.027400 0.101200
0 0.509400 0.772600 0.025300 0.109600
0 0.417000 0.335300 0.020800 0.088100
0 0.335400 0.040600 0.029200 0.093100
0 0.992200 0.476000 0.014300 0.108200
0 0.213200 0.131900 0.026100 0.072500
0 0.036000 0.733800 0.043300 0.133000
0 0.729500 0.308300 0.027900 0.077400
0 0.723900 0.087300 0.028300 0.091700
0 0.930100 0.668700 0.038600 0.114900
0 0.151700 0.401300 0.023300 0.097900
0 0.989600 0.973000 0.020700 0.056400
0 0.456100 0.445500 0.026100 0.088500
0 0.497800 0.697300 0.026200 0.080300
0 0.231200 0.337500 0.025100 0.084100
0 0.740600 0.028700 0.025100 0.061400
0 0.457300 0.365400 0.028000 0.095600
0 0.586800 0.034300 0.025300 0.080400
0 0.242000 0.275100 0.023700 0.095600
0 0.268300 0.260000 0.023500 0.092600
0 0.507900 0.602600 0.020800 0.096400
0 0.207900 0.413200 0.024000 0.098300
0 0.476600 0.647700 0.021300 0.098200
0 0.909800 0.304800 0.022600 0.101000
0 0.194900 0.987800 0.021800 0.021700
0 0.085000 0.978000 0.031000 0.042400
0 0.622400 0.028700 0.027500 0.059900
0 0.137000 0.576900 0.039400 0.107400
0 0.447700 0.539000 0.035400 0.120300
0 0.430600 0.209600 0.025900 0.104600
0 0.221700 0.272200 0.021300 0.091900
0 0.706700 0.178100 0.023700 0.097900
0 0.299400 0.179700 0.025100 0.090600
0 0.321200 0.303800 0.024500 0.098100
0 0.102300 0.981700 0.022300 0.030300
0 0.808900 0.018500 0.019500 0.041800
0 0.706900 0.146200 0.034100 0.122400
0 0.533800 0.459900 0.026200 0.088400
0 0.331500 0.118700 0.027100 0.072200
0 0.337109 0.175000 0.025781 0.077778
0 0.329297 0.216667 0.030469 0.063889
0 0.373047 0.184028 0.024219 0.106944
0 0.400391 0.152778 0.028906 0.100000
0 0.430078 0.094444 0.016406 0.111111
0 0.446094 0.071528 0.010937 0.045833
0 0.465625 0.099306 0.017188 0.062500
0 0.760156 0.234722 0.025000 0.100000
0 0.782031 0.296528 0.032812 0.112500
0 0.638672 0.317361 0.021094 0.104167
0 0.589844 0.352778 0.028125 0.075000
0 0.594141 0.286806 0.021094 0.059722
0 0.670313 0.306944 0.015625 0.072222
0 0.687891 0.253472 0.025781 0.101389
0 0.680469 0.192361 0.015625 0.045833
0 0.642578 0.191667 0.028906 0.091667
0 0.652344 0.132639 0.026563 0.065278
0 0.636719 0.078472 0.023438 0.070833
0 0.575781 0.088889 0.023438 0.058333
0 0.578125 0.150000 0.026563 0.069444
0 0.508984 0.179167 0.017969 0.094444
0 0.534766 0.226389 0.017969 0.075000
0 0.503125 0.269444 0.018750 0.091667
0 0.476562 0.243750 0.025000 0.098611
0 0.480078 0.173611 0.022656 0.061111
0 0.533203 0.320139 0.025781 0.093056
0 0.518750 0.375000 0.025000 0.102778
0 0.558203 0.277778 0.021094 0.086111
0 0.562891 0.204167 0.017969 0.052778
0 0.596094 0.227083 0.017188 0.056944
0 0.314453 0.414583 0.027344 0.095833
0 0.207813 0.334028 0.031250 0.073611
0 0.296875 0.845833 0.035937 0.130556
