26 0.674400 0.867200 0.011500 0.026300
26 0.976500 0.604200 0.017200 0.033400
26 0.912300 0.710900 0.015800 0.022900
26 0.620000 0.870000 0.018000 0.034300
0 0.908600 0.696500 0.029600 0.080600
0 0.401500 0.676900 0.024800 0.111900
0 0.154400 0.736600 0.037300 0.116900
0 0.590800 0.939700 0.036600 0.112000
0 0.865300 0.349100 0.025300 0.092600
0 0.761300 0.457200 0.025400 0.089600
0 0.857500 0.122100 0.028400 0.103900
0 0.692300 0.851100 0.027000 0.118900
0 0.612200 0.457900 0.025700 0.105600
0 0.267700 0.697100 0.036000 0.120800
0 0.634000 0.850700 0.027800 0.095200
0 0.966900 0.288100 0.026000 0.102100
0 0.314900 0.742800 0.029800 0.096700
0 0.925800 0.634800 0.026200 0.090800
0 0.836500 0.963400 0.033600 0.077600
0 0.854500 0.628300 0.024600 0.110700
0 0.940500 0.981300 0.030000 0.040300
0 0.081200 0.306600 0.039900 0.124400
0 0.698000 0.332100 0.026000 0.097100
0 0.945500 0.600000 0.023700 0.089600
0 0.966300 0.956500 0.030800 0.087500
0 0.896900 0.189300 0.025500 0.118100
0 0.923500 0.439900 0.017900 0.132400
0 0.464500 0.601600 0.025000 0.104800
0 0.666100 0.413500 0.023800 0.098300
0 0.143700 0.317200 0.024800 0.113800
0 0.161900 0.441600 0.025200 0.102200
0 0.654700 0.653000 0.028500 0.110300
0 0.336200 0.822700 0.033900 0.125100
0 0.817500 0.158700 0.038900 0.110800
0 0.097500 0.965400 0.034300 0.063800
0 0.584900 0.041400 0.025400 0.082800
0 0.478000 0.535800 0.023300 0.112700
0 0.084700 0.457300 0.029100 0.108800
0 0.974600 0.615700 0.025400 0.092400
0 0.044200 0.537400 0.028000 0.080000
0 0.148500 0.955000 0.049400 0.084600
0 0.793500 0.417500 0.024300 0.095200
0 0.522400 0.679300 0.025200 0.092700
0 0.909700 0.797200 0.029800 0.126100
0 0.121600 0.245200 0.027000 0.107100
0 0.272000 0.302900 0.026300 0.102500
0 0.815800 0.028200 0.023200 0.059900
0 0.992200 0.444300 0.015100 0.118700
0 0.990300 0.957100 0.018500 0.086500
0 0.974300 0.432200 0.021900 0.112800
0 0.053800 0.736900 0.044000 0.104200
0 0.709500 0.430700 0.032300 0.128700
0 0.131600 0.160000 0.020900 0.121900
0 0.754700 0.980500 0.029300 0.040400
0 0.502600 0.728100 0.027200 0.092500
0 0.495200 0.398000 0.032700 0.150100
0 0.018500 0.137000 0.030000 0.092200
0 0.225400 0.649300 0.024900 0.096800
0 0.286400 0.824900 0.035200 0.123800
0 0.287200 0.979700 0.030400 0.038900
0 0.930800 0.304500 0.024100 0.089800
0 0.639100 0.161200 0.024800 0.092800
0 0.776300 0.819000 0.028000 0.097300
0 0.167700 0.268700 0.025900 0.110500
0 0.668200 0.071400 0.024200 0.082800
0 0.339600 0.504100 0.026900 0.102900
0 0.252600 0.167200 0.026500 0.072200
0 0.939200 0.291600 0.020800 0.088700
0 0.357600 0.352100 0.027500 0.093300
0 0.533900 0.785600 0.024800 0.101600
0 0.679700 0.551800 0.025900 0.098400
0 0.050900 0.179200 0.037200 0.118800
0 0.351600 0.633800 0.026100 0.095300
0 0.283500 0.588600 0.030600 0.099200
0 0.517500 0.113600 0.022200 0.089700
0 0.470900 0.820800 0.028300 0.134600
0 0.495100 0.569000 0.021100 0.085600
0 0.317400 0.473600 0.025400 0.118200
0 0.912000 0.276900 0.019900 0.066700
0 0.470300 0.086200 0.024900 0.100900
0 0.386600 0.523400 0.028200 0.092100
0 0.038800 0.681900 0.025900 0.067200
0 0.334800 0.214200 0.025800 0.087800
0 0.235900 0.245700 0.024600 0.100200
0 0.287500 0.400000 0.023500 0.130000
0 0.260200 0.511100 0.025000 0.111400
0 0.128700 0.447600 0.022500 0.085500
0 0.743000 0.053100 0.024800 0.083500
0 0.225100 0.415100 0.027300 0.119600
0 0.115800 0.552500 0.043000 0.110400
0 0.181500 0.383700 0.027400 0.097400
0 0.205400 0.168300 0.031900 0.146900
0 0.284500 0.229200 0.022500 0.095100
0 0.260100 0.419700 0.039100 0.119300
0 0.572100 0.450100 0.033600 0.160900
0 0.741200 0.337500 0.025400 0.087000
0 0.635200 0.040800 0.030900 0.071300
0 0.495000 0.665100 0.024700 0.073000
0 0.325700 0.148800 0.025100 0.073400
0 0.368500 0.557000 0.028600 0.095100
0 0.736300 0.128100 0.019000 0.127400
0 0.493800 0.119400 0.021400 0.089400
0 0.524500 0.429100 0.026900 0.080900
0 0.066800 0.973000 0.031500 0.053700
0 0.196300 0.306000 0.033200 0.081900
0 0.990600 0.114800 0.016900 0.102300
0 0.018100 0.679500 0.029800 0.088200
0 0.433600 0.177700 0.025100 0.094100
0 0.039200 0.710300 0.027600 0.091500
0 0.222700 0.307400 0.025200 0.100100
0 0.678000 0.599300 0.024300 0.089400
0 0.755078 0.272222 0.024219 0.102778
0 0.759766 0.207639 0.022656 0.031944
0 0.712109 0.202778 0.030469 0.097222
0 0.678125 0.211111 0.021875 0.075000
0 0.670703 0.281944 0.021094 0.080556
0 0.630078 0.265278 0.025781 0.097222
0 0.639844 0.218056 0.017188 0.050000
0 0.676172 0.154167 0.021094 0.044444
0 0.708203 0.133333 0.017969 0.041667
0 0.986328 0.208333 0.025781 0.077778
0 0.610156 0.267361 0.021875 0.068056
0 0.600391 0.318056 0.022656 0.055556
0 0.599609 0.379861 0.017969 0.062500
0 0.572266 0.302778 0.022656 0.075000
0 0.575000 0.232639 0.018750 0.056944
0 0.549609 0.252778 0.017969 0.075000
0 0.523828 0.275000 0.019531 0.077778
0 0.512109 0.337500 0.025781 0.080556
0 0.477344 0.302778 0.017188 0.083333
0 0.455859 0.322222 0.033594 0.075000
0 0.451172 0.409028 0.025781 0.104167
0 0.418359 0.309722 0.019531 0.102778
0 0.393750 0.347222 0.018750 0.080556
0 0.388281 0.275000 0.020312 0.038889
0 0.496484 0.223611 0.022656 0.077778
0 0.527344 0.188889 0.021875 0.061111
0 0.582422 0.118750 0.027344 0.081944
0 0.470313 0.213889 0.017188 0.100000
0 0.426562 0.090278 0.018750 0.052778
0 0.446875 0.095139 0.015625 0.062500
0 0.392578 0.129167 0.016406 0.080556
0 0.369141 0.136111 0.016406 0.094444
0 0.361719 0.068056 0.021875 0.066667
0 0.384375 0.043750 0.021875 0.062500
0 0.304297 0.134028 0.021094 0.037500
0 0.306250 0.083333 0.025000 0.052778
0 0.329297 0.090972 0.021094 0.043056
0 0.212109 0.081944 0.030469 0.047222
0 0.288281 0.036111 0.018750 0.072222
0 0.433203 0.507639 0.030469 0.118056
0 0.428516 0.430556 0.021094 0.038889
0 0.742969 0.809028 0.035937 0.137500
0 0.463281 0.739583 0.035937 0.095833
