26 0.914800 0.775100 0.014200 0.027600
26 0.677000 0.472900 0.014900 0.029300
24 0.617100 0.369200 0.016900 0.033300
1 0.382400 0.615200 0.023100 0.086300
0 0.603400 0.913600 0.027100 0.097400
0 0.408300 0.760600 0.026800 0.109500
0 0.150200 0.807500 0.027600 0.121700
0 0.065300 0.619600 0.029100 0.105000
0 0.852000 0.069300 0.023800 0.092400
0 0.341500 0.855400 0.039500 0.158900
0 0.291800 0.771500 0.038200 0.116700
0 0.731500 0.496100 0.038300 0.144300
0 0.671700 0.708800 0.034600 0.113200
0 0.677000 0.916200 0.028800 0.114800
0 0.462900 0.902700 0.023700 0.113800
0 0.590200 0.740800 0.025700 0.127100
0 0.090800 0.381600 0.023300 0.137300
0 0.087400 0.526000 0.033200 0.095500
0 0.810600 0.488900 0.023800 0.099200
0 0.912900 0.772900 0.023600 0.096900
0 0.925400 0.366700 0.021200 0.108700
0 0.712000 0.378200 0.024700 0.088900
0 0.551100 0.971400 0.030100 0.052900
0 0.338000 0.554800 0.024000 0.116400
0 0.029900 0.178400 0.032800 0.103300
0 0.759700 0.386200 0.026500 0.092500
0 0.129400 0.621900 0.025200 0.098800
0 0.824200 0.213700 0.034900 0.126800
0 0.667500 0.475700 0.027900 0.101200
0 0.302900 0.646600 0.034700 0.124900
0 0.121000 0.190900 0.027700 0.102500
0 0.966400 0.351900 0.026800 0.112100
0 0.862200 0.289300 0.026500 0.090400
0 0.762300 0.036100 0.034600 0.076000
0 0.864700 0.526600 0.022900 0.088900
0 0.931000 0.240600 0.022000 0.097400
0 0.715400 0.866500 0.033100 0.134100
0 0.931300 0.712000 0.025500 0.090700
0 0.904300 0.879100 0.025400 0.116400
0 0.395100 0.583100 0.035100 0.112900
0 0.956100 0.673700 0.033200 0.120700
0 0.461700 0.384200 0.028800 0.098100
0 0.907800 0.275100 0.027400 0.089800
0 0.365700 0.400800 0.025400 0.089300
0 0.054300 0.726400 0.027700 0.097000
0 0.131300 0.378100 0.022000 0.105500
0 0.604400 0.386400 0.027700 0.098700
0 0.065100 0.237500 0.039000 0.115300
0 0.570700 0.509700 0.027700 0.110500
0 0.666200 0.337200 0.024400 0.091600
0 0.963500 0.478200 0.023100 0.111500
0 0.514200 0.767600 0.033700 0.159800
0 0.269400 0.238900 0.024800 0.099800
0 0.245400 0.120800 0.022700 0.075000
0 0.725000 0.300700 0.039000 0.116900
0 0.597700 0.739500 0.026100 0.091700
0 0.457600 0.475100 0.023500 0.080300
0 0.148500 0.257600 0.034200 0.121000
0 0.074600 0.790600 0.026800 0.095000
0 0.259600 0.990500 0.020700 0.017400
0 0.638600 0.214100 0.026500 0.089600
0 0.409300 0.050000 0.024300 0.106700
0 0.579400 0.351000 0.025000 0.106600
0 0.483600 0.795900 0.033000 0.118100
0 0.420500 0.508500 0.033300 0.080600
0 0.174700 0.198800 0.028200 0.099300
0 0.214500 0.554900 0.024100 0.117400
0 0.903700 0.225800 0.022400 0.072800
0 0.211900 0.367500 0.027800 0.083200
0 0.065900 0.149100 0.022200 0.088000
0 0.635600 0.489000 0.034400 0.121300
0 0.452000 0.555700 0.029700 0.097400
0 0.789800 0.319500 0.028000 0.092800
0 0.393500 0.400600 0.026400 0.103800
0 0.881600 0.243100 0.023500 0.097500
0 0.482300 0.651000 0.024100 0.112600
0 0.664700 0.120300 0.027900 0.079600
0 0.509100 0.148300 0.027200 0.090700
0 0.010700 0.862800 0.021500 0.218300
0 0.715500 0.084000 0.021300 0.116300
0 0.590800 0.225600 0.027500 0.093000
0 0.158600 0.370600 0.023000 0.089100
0 0.294200 0.275800 0.028000 0.097000
0 0.271300 0.581000 0.023000 0.110600
0 0.283800 0.982500 0.022900 0.035900
0 0.502000 0.067400 0.024000 0.079000
0 0.086700 0.017900 0.018700 0.044900
0 0.479900 0.585500 0.032700 0.076600
0 0.696400 0.119100 0.020600 0.104500
0 0.622900 0.043400 0.029400 0.079900
0 0.544000 0.351100 0.024500 0.105800
0 0.018600 0.775500 0.032300 0.115000
0 0.381000 0.604100 0.023200 0.084500
0 0.333600 0.444300 0.025600 0.099500
0 0.307200 0.067100 0.025000 0.107700
0 0.757600 0.239500 0.020500 0.106800
0 0.533700 0.489800 0.025900 0.099200
0 0.152000 0.192400 0.023600 0.099600
0 0.299200 0.160200 0.023000 0.099200
0 0.571800 0.068600 0.025900 0.081800
0 0.176900 0.432000 0.023900 0.109900
0 0.931900 0.648000 0.023500 0.073500
0 0.474300 0.054600 0.028200 0.073100
0 0.992100 0.460700 0.013700 0.133100
0 0.180700 0.983000 0.035000 0.030500
0 0.236600 0.366300 0.024600 0.097300
0 0.322900 0.210700 0.025400 0.082600
0 0.703200 0.137500 0.027800 0.155100
0 0.519000 0.041400 0.023400 0.089500
0 0.599100 0.539900 0.022500 0.098100
0 0.681200 0.213800 0.023100 0.058200
0 0.162300 0.553400 0.027600 0.062900
0 0.743200 0.026000 0.024400 0.052700
0 0.310156 0.393750 0.029687 0.104167
0 0.225000 0.282639 0.023438 0.081944
0 0.243750 0.290278 0.020312 0.080556
0 0.210938 0.203472 0.025000 0.090278
0 0.218750 0.143750 0.023438 0.056944
0 0.433203 0.224306 0.021094 0.095833
0 0.471484 0.268750 0.024219 0.093056
0 0.513281 0.287500 0.017188 0.083333
0 0.517578 0.384722 0.024219 0.091667
0 0.489453 0.418750 0.019531 0.048611
0 0.498437 0.484028 0.023438 0.106944
0 0.488672 0.364583 0.021094 0.068056
0 0.422656 0.357639 0.023438 0.112500
0 0.400000 0.325694 0.015625 0.045833
0 0.401563 0.185417 0.020312 0.112500
0 0.481641 0.206944 0.021094 0.069444
0 0.523438 0.206944 0.018750 0.069444
0 0.547266 0.252083 0.022656 0.081944
0 0.556250 0.187500 0.021875 0.075000
0 0.459766 0.174306 0.022656 0.070833
0 0.445703 0.138194 0.019531 0.073611
0 0.469141 0.109028 0.022656 0.056944
0 0.437109 0.105556 0.017969 0.083333
0 0.445703 0.053472 0.017969 0.051389
0 0.462500 0.067361 0.023438 0.048611
0 0.380078 0.206944 0.022656 0.100000
0 0.376953 0.133333 0.013281 0.077778
0 0.389844 0.097917 0.021875 0.062500
0 0.361328 0.125694 0.021094 0.079167
0 0.335547 0.154167 0.024219 0.066667
0 0.331250 0.095139 0.021875 0.054167
0 0.331641 0.043750 0.019531 0.054167
0 0.198828 0.427778 0.022656 0.100000
0 0.230859 0.473611 0.017969 0.094444
0 0.249609 0.428472 0.014844 0.051389
0 0.262500 0.481250 0.031250 0.076389
0 0.271484 0.305556 0.025781 0.083333
0 0.302734 0.870139 0.030469 0.120833
