26 0.909900 0.159600 0.016700 0.028000
24 0.099500 0.947600 0.016100 0.032700
26 0.698300 0.381800 0.014500 0.035000
26 0.225800 0.680600 0.014100 0.039700
26 0.491800 0.538100 0.018300 0.036500
26 0.275300 0.791200 0.016100 0.035600
0 0.398500 0.649700 0.024100 0.123500
0 0.327100 0.801700 0.035600 0.126000
0 0.609900 0.917200 0.033600 0.127400
0 0.652900 0.631700 0.030000 0.100400
0 0.761500 0.481600 0.026800 0.098000
0 0.870400 0.372100 0.026100 0.092100
0 0.784900 0.400200 0.023100 0.119000
0 0.357000 0.666700 0.025400 0.102400
0 0.151700 0.714700 0.034100 0.117000
0 0.511800 0.797600 0.038300 0.116400
0 0.696600 0.825700 0.030800 0.124000
0 0.924000 0.615000 0.030000 0.106400
0 0.259400 0.666600 0.033100 0.119600
0 0.706800 0.393800 0.029500 0.125700
0 0.930500 0.965300 0.031800 0.071700
0 0.862000 0.144600 0.025600 0.113200
0 0.522800 0.660500 0.025700 0.108600
0 0.123100 0.274400 0.025600 0.129800
0 0.850600 0.668300 0.032300 0.117300
0 0.079600 0.276200 0.036000 0.130400
0 0.912500 0.759700 0.026500 0.091900
0 0.850300 0.943800 0.028900 0.095300
0 0.528900 0.971300 0.040400 0.055900
0 0.052200 0.704300 0.037600 0.130000
0 0.042300 0.523800 0.026700 0.113400
0 0.304600 0.698700 0.031600 0.088300
0 0.134400 0.945700 0.024900 0.102800
0 0.806800 0.130100 0.026200 0.097100
0 0.641100 0.827300 0.037100 0.110600
0 0.016300 0.727000 0.030800 0.143600
0 0.691900 0.568200 0.027700 0.072900
0 0.472900 0.803400 0.022300 0.128400
0 0.690000 0.631300 0.023700 0.098200
0 0.157600 0.158800 0.022000 0.110400
0 0.917800 0.461400 0.027500 0.109300
0 0.191900 0.291200 0.029800 0.105400
0 0.820800 0.980200 0.036200 0.037500
0 0.986800 0.931700 0.020800 0.111600
0 0.814000 0.035900 0.023300 0.082100
0 0.911300 0.303200 0.018700 0.070400
0 0.089500 0.956600 0.029200 0.091300
0 0.102300 0.570000 0.024400 0.106400
0 0.067000 0.956600 0.031500 0.080300
0 0.977500 0.400200 0.027000 0.103600
0 0.226500 0.704500 0.031500 0.127500
0 0.049100 0.150300 0.028100 0.110100
0 0.166300 0.290700 0.026500 0.098600
0 0.426500 0.482000 0.031900 0.143800
0 0.496100 0.661700 0.027500 0.111200
0 0.457300 0.725400 0.029300 0.085400
0 0.762100 0.972000 0.032000 0.055900
0 0.081800 0.428200 0.023100 0.126200
0 0.476700 0.521600 0.038300 0.128400
0 0.904300 0.665900 0.027900 0.080400
0 0.569700 0.979100 0.032300 0.038100
0 0.961900 0.933700 0.026400 0.095800
0 0.979900 0.595900 0.029200 0.102600
0 0.902700 0.161600 0.026200 0.105300
0 0.261600 0.041200 0.024100 0.087300
0 0.667900 0.053300 0.026400 0.090300
0 0.939800 0.322500 0.019200 0.098300
0 0.132800 0.479500 0.023800 0.089900
0 0.581500 0.054800 0.025500 0.094200
0 0.522800 0.134100 0.023100 0.095100
0 0.931300 0.334400 0.023200 0.088000
0 0.747200 0.368000 0.025600 0.097300
0 0.013800 0.119300 0.026500 0.093000
0 0.743400 0.256300 0.026800 0.096700
0 0.285500 0.979800 0.028600 0.037700
0 0.216200 0.276200 0.024800 0.092100
0 0.102600 0.507600 0.022700 0.063600
0 0.166300 0.477400 0.026200 0.097800
0 0.285600 0.801000 0.036500 0.118400
0 0.744700 0.073200 0.025600 0.089700
0 0.951600 0.584700 0.024500 0.101400
0 0.711300 0.193900 0.022200 0.120600
0 0.255300 0.493500 0.026100 0.106200
0 0.277100 0.565700 0.023900 0.102000
0 0.410100 0.117200 0.023900 0.102200
0 0.325000 0.041000 0.025600 0.088100
0 0.378600 0.517900 0.037500 0.125700
0 0.644000 0.144100 0.026200 0.098200
0 0.393500 0.332800 0.027200 0.110700
0 0.333300 0.523800 0.025800 0.125500
0 0.080800 0.526600 0.022800 0.081600
0 0.474200 0.065700 0.025900 0.089500
0 0.303500 0.225000 0.025400 0.098600
0 0.662600 0.382100 0.023600 0.082600
0 0.143500 0.340900 0.027900 0.093800
0 0.361600 0.337100 0.025700 0.096600
0 0.522400 0.413900 0.027600 0.104900
0 0.693800 0.305600 0.026600 0.073500
0 0.274000 0.321800 0.025100 0.098600
0 0.731200 0.977000 0.027300 0.042600
0 0.304200 0.119100 0.026600 0.091100
0 0.447300 0.335600 0.036300 0.136100
0 0.004100 0.431200 0.008100 0.119100
0 0.007700 0.726400 0.013600 0.134400
0 0.542900 0.042300 0.023200 0.089600
0 0.334000 0.242100 0.025900 0.085300
0 0.260500 0.988300 0.022200 0.020900
0 0.915700 0.356100 0.036000 0.128300
0 0.208800 0.085600 0.026100 0.103700
0 0.909300 0.384300 0.019100 0.069700
0 0.785800 0.817800 0.026500 0.094600
0 0.784700 0.774300 0.027100 0.064500
0 0.204800 0.141800 0.032700 0.143900
0 0.225000 0.393750 0.021875 0.095833
0 0.247266 0.370833 0.024219 0.075000
0 0.262500 0.400000 0.020312 0.063889
0 0.291406 0.406944 0.025000 0.077778
0 0.322656 0.363889 0.032812 0.097222
0 0.180859 0.368056 0.025781 0.083333
0 0.208984 0.362500 0.025781 0.094444
0 0.765234 0.232639 0.022656 0.087500
0 0.678516 0.195139 0.025781 0.079167
0 0.682813 0.138194 0.023438 0.056944
0 0.746094 0.130556 0.029687 0.086111
0 0.583984 0.125694 0.021094 0.054167
0 0.584375 0.183333 0.025000 0.055556
0 0.628516 0.239583 0.028906 0.093056
0 0.584375 0.250000 0.018750 0.055556
0 0.610547 0.300000 0.025781 0.075000
0 0.603125 0.343750 0.020312 0.056944
0 0.577344 0.323611 0.021875 0.083333
0 0.609766 0.411111 0.027344 0.069444
0 0.616406 0.475000 0.023438 0.088889
0 0.561719 0.488194 0.015625 0.126389
0 0.571484 0.410417 0.021094 0.079167
0 0.553516 0.366667 0.030469 0.072222
0 0.561328 0.272917 0.025781 0.087500
0 0.519531 0.252083 0.018750 0.090278
0 0.536328 0.234722 0.028906 0.100000
0 0.494922 0.225694 0.025781 0.115278
0 0.475391 0.200694 0.030469 0.095833
0 0.436719 0.153472 0.021875 0.101389
0 0.333594 0.111806 0.023438 0.062500
0 0.334375 0.165278 0.015625 0.052778
0 0.305078 0.156944 0.017969 0.052778
0 0.246094 0.191667 0.031250 0.088889
0 0.278906 0.207639 0.025000 0.084722
0 0.359375 0.063889 0.026563 0.083333
