26 0.355700 0.727200 0.015100 0.036500
26 0.446500 0.668600 0.013100 0.029400
24 0.272400 0.755500 0.017500 0.036500
24 0.806500 0.740700 0.017900 0.036000
24 0.355900 0.478800 0.025500 0.062700
0 0.869000 0.418600 0.026000 0.088100
0 0.863100 0.180600 0.027500 0.086600
0 0.314900 0.772300 0.031700 0.122400
0 0.754200 0.408300 0.025900 0.098400
0 0.511900 0.941600 0.038500 0.119200
0 0.393400 0.586500 0.025600 0.102200
0 0.909800 0.519200 0.022800 0.132200
0 0.558100 0.948900 0.029400 0.117500
0 0.038100 0.786000 0.048500 0.111800
0 0.696000 0.340800 0.025000 0.127500
0 0.055900 0.621600 0.027100 0.130000
0 0.118800 0.900100 0.042100 0.117300
0 0.364000 0.734100 0.033700 0.120100
0 0.913400 0.709400 0.030800 0.133300
0 0.919900 0.922000 0.034200 0.130200
0 0.122100 0.331100 0.034800 0.119400
0 0.930200 0.575600 0.038500 0.115200
0 0.698100 0.765600 0.036000 0.115200
0 0.902600 0.415400 0.024100 0.115800
0 0.042000 0.104100 0.027200 0.112600
0 0.988000 0.543100 0.021600 0.106900
0 0.886900 0.637600 0.031800 0.124000
0 0.085700 0.528200 0.026300 0.112000
0 0.481900 0.662800 0.026900 0.095600
0 0.760100 0.538700 0.027600 0.092200
0 0.121100 0.710600 0.035700 0.066000
0 0.941700 0.369500 0.022300 0.092000
0 0.273000 0.771700 0.032600 0.118600
0 0.076200 0.214100 0.037300 0.126600
0 0.981600 0.367200 0.023300 0.104300
0 0.819500 0.067500 0.021100 0.108500
0 0.614300 0.539600 0.024100 0.099800
0 0.965200 0.539500 0.026500 0.104700
0 0.574900 0.084500 0.024100 0.096600
0 0.471900 0.769600 0.029100 0.160800
0 0.079400 0.370100 0.026600 0.113000
0 0.033700 0.459900 0.031900 0.092100
0 0.666600 0.589600 0.027400 0.090800
0 0.793400 0.081200 0.028600 0.098800
0 0.514800 0.614500 0.033700 0.110700
0 0.861900 0.911700 0.030300 0.164800
0 0.174500 0.245100 0.029600 0.103600
0 0.448500 0.682600 0.024100 0.078400
0 0.959000 0.880800 0.025200 0.122600
0 0.286200 0.978000 0.027500 0.042400
0 0.013400 0.084000 0.025400 0.087100
0 0.682300 0.982500 0.033500 0.034000
0 0.136500 0.962700 0.031800 0.071600
0 0.439800 0.541000 0.024300 0.094900
0 0.915100 0.354000 0.024100 0.069000
0 0.463400 0.506000 0.023300 0.097200
0 0.661500 0.786900 0.028600 0.090600
0 0.981900 0.868000 0.026900 0.092100
0 0.492700 0.602500 0.022900 0.076400
0 0.166900 0.547000 0.037800 0.122000
0 0.653300 0.859200 0.031900 0.133000
0 0.055300 0.506800 0.030400 0.096700
0 0.767600 0.349300 0.019900 0.099900
0 0.648600 0.089900 0.025400 0.087200
0 0.870100 0.041200 0.019900 0.083800
0 0.796300 0.743500 0.037500 0.118400
0 0.370000 0.133400 0.025300 0.097200
0 0.237600 0.606600 0.038300 0.117400
0 0.017000 0.190600 0.028800 0.098900
0 0.020300 0.646900 0.037700 0.118800
0 0.238000 0.773000 0.036000 0.125200
0 0.260000 0.989500 0.021300 0.020600
0 0.612800 0.474300 0.026100 0.089300
0 0.487100 0.369800 0.029900 0.091400
0 0.285300 0.647100 0.031100 0.087000
0 0.929500 0.965100 0.027800 0.060900
0 0.648300 0.976300 0.036200 0.044800
0 0.411300 0.244600 0.019700 0.085300
0 0.707000 0.930300 0.027300 0.086500
0 0.442900 0.296800 0.031800 0.131400
0 0.326700 0.572600 0.032600 0.131900
0 0.723000 0.681000 0.024900 0.082600
0 0.846700 0.038600 0.022700 0.079700
0 0.067400 0.963700 0.030900 0.076400
0 0.132300 0.725100 0.027800 0.061800
0 0.355700 0.493900 0.025700 0.091200
0 0.518600 0.377600 0.030100 0.101100
0 0.164300 0.350200 0.025900 0.119800
0 0.284600 0.366300 0.025300 0.117500
0 0.912900 0.116500 0.024000 0.083700
0 0.073700 0.900300 0.028400 0.085700
0 0.893500 0.039300 0.021500 0.086200
0 0.617100 0.363800 0.022500 0.119300
0 0.538700 0.336300 0.023200 0.090700
0 0.758600 0.181400 0.024800 0.089700
0 0.267900 0.519400 0.028900 0.110800
0 0.058800 0.476800 0.024200 0.063900
0 0.257100 0.379400 0.027000 0.093300
0 0.222800 0.352100 0.021600 0.098600
0 0.475000 0.447600 0.025400 0.080400
0 0.361700 0.291400 0.026400 0.089900
0 0.802800 0.963800 0.034600 0.061300
0 0.319600 0.072600 0.024300 0.089200
0 0.039300 0.680000 0.029400 0.090800
0 0.659200 0.337600 0.023700 0.089600
0 0.144500 0.542000 0.024600 0.103600
0 0.211300 0.307000 0.024300 0.078600
0 0.198500 0.240900 0.028200 0.096100
0 0.432700 0.099300 0.024700 0.097800
0 0.715600 0.258600 0.025200 0.082400
0 0.991200 0.040900 0.017000 0.082600
0 0.460800 0.804000 0.020000 0.122100
0 0.392200 0.227000 0.021700 0.070800
0 0.543100 0.080500 0.024800 0.100800
0 0.607200 0.363200 0.030300 0.133700
0 0.392200 0.290600 0.026100 0.101800
0 0.746900 0.408900 0.018200 0.086600
0 0.668200 0.172900 0.036700 0.122600
0 0.696200 0.647300 0.048200 0.113200
0 0.143300 0.033800 0.020700 0.071000
0 0.246100 0.441400 0.028200 0.098300
0 0.552100 0.273700 0.024300 0.077200
0 0.849600 0.754900 0.025900 0.093400
0 0.190200 0.320700 0.024900 0.093300
0 0.057500 0.926300 0.041600 0.124200
0 0.377300 0.460100 0.025800 0.119200
0 0.306300 0.149400 0.024500 0.082500
0 0.194531 0.169444 0.025000 0.052778
0 0.222266 0.186111 0.019531 0.069444
0 0.265234 0.145139 0.017969 0.056944
0 0.196094 0.083333 0.034375 0.091667
0 0.330078 0.202083 0.019531 0.068056
0 0.303125 0.239583 0.026563 0.065278
0 0.330469 0.275694 0.021875 0.065278
0 0.319141 0.322917 0.021094 0.045833
0 0.317187 0.394444 0.015625 0.066667
0 0.773047 0.247917 0.024219 0.093056
0 0.736719 0.213889 0.026563 0.100000
0 0.706641 0.203472 0.017969 0.056944
0 0.739844 0.095833 0.028125 0.086111
0 0.677344 0.100694 0.028125 0.068056
0 0.658984 0.220833 0.027344 0.080556
0 0.627734 0.184028 0.025781 0.093056
0 0.596484 0.178472 0.030469 0.073611
0 0.591406 0.240972 0.018750 0.059722
0 0.600781 0.288889 0.023438 0.036111
0 0.572656 0.297917 0.026563 0.068056
0 0.588281 0.356944 0.020312 0.083333
0 0.538281 0.166667 0.021875 0.083333
0 0.519922 0.151389 0.022656 0.063889
0 0.514063 0.209722 0.028125 0.069444
0 0.493750 0.156944 0.023438 0.072222
0 0.467187 0.148611 0.026563 0.086111
0 0.453906 0.097917 0.018750 0.043056
0 0.464453 0.038194 0.019531 0.059722
0 0.490234 0.079167 0.024219 0.072222
0 0.333594 0.150000 0.025000 0.072222
0 0.301562 0.199306 0.021875 0.045833
0 0.257812 0.245833 0.029687 0.088889
0 0.771094 0.720139 0.021875 0.131944
0 0.963672 0.222222 0.024219 0.105556
0 0.980859 0.156250 0.025781 0.095833
0 0.953516 0.049306 0.022656 0.098611
0 0.466016 0.240278 0.028906 0.091667
0 0.500781 0.311806 0.028125 0.081944
0 0.500391 0.270139 0.022656 0.054167
