26 0.677200 0.675200 0.013600 0.025200
26 0.595700 0.769900 0.014700 0.029400
26 0.351600 0.835700 0.017300 0.035900
24 0.492100 0.621100 0.015300 0.034200
24 0.725900 0.837100 0.015300 0.034800
0 0.809800 0.476700 0.026300 0.100700
0 0.726200 0.480400 0.032600 0.128500
0 0.914100 0.759000 0.025800 0.089400
0 0.558300 0.964800 0.027800 0.070600
0 0.761300 0.402600 0.027300 0.097100
0 0.407600 0.744500 0.026400 0.106800
0 0.073300 0.778400 0.028700 0.098600
0 0.862700 0.303700 0.025400 0.092000
0 0.087400 0.510800 0.031100 0.096400
0 0.153200 0.797600 0.039000 0.115500
0 0.667200 0.691900 0.026900 0.092800
0 0.465200 0.895300 0.025500 0.122400
0 0.823100 0.196700 0.024200 0.107800
0 0.121800 0.196700 0.028100 0.104400
0 0.484700 0.794800 0.036200 0.112700
0 0.338300 0.838800 0.038500 0.176500
0 0.682800 0.910200 0.033800 0.117000
0 0.863900 0.554900 0.027500 0.112400
0 0.289100 0.758000 0.038300 0.118100
0 0.854100 0.075700 0.027100 0.087100
0 0.963600 0.659300 0.027100 0.099600
0 0.964200 0.477300 0.021000 0.139700
0 0.930100 0.701800 0.037000 0.122700
0 0.924700 0.383200 0.021500 0.112800
0 0.128000 0.618300 0.027400 0.110700
0 0.390400 0.588100 0.034700 0.148300
0 0.060200 0.589600 0.031100 0.078100
0 0.027900 0.168100 0.030200 0.093700
0 0.606700 0.903700 0.034200 0.114800
0 0.730200 0.304600 0.023800 0.095000
0 0.910100 0.868800 0.029600 0.133300
0 0.510900 0.614100 0.023700 0.105400
0 0.606500 0.400900 0.024300 0.100800
0 0.586200 0.754600 0.031500 0.120200
0 0.972600 0.980200 0.034000 0.036700
0 0.247100 0.134400 0.022100 0.083700
0 0.177200 0.981200 0.035900 0.040300
0 0.148400 0.269200 0.024800 0.130100
0 0.089800 0.369700 0.031700 0.132200
0 0.006900 0.521900 0.013000 0.116900
0 0.214500 0.569700 0.024600 0.115800
0 0.761300 0.035000 0.034800 0.078000
0 0.964700 0.334800 0.028100 0.099300
0 0.778400 0.826200 0.022100 0.077800
0 0.716500 0.852100 0.023300 0.124500
0 0.990800 0.981400 0.017800 0.032700
0 0.364800 0.397900 0.025800 0.105800
0 0.709300 0.370000 0.024700 0.086900
0 0.455300 0.460600 0.024100 0.093000
0 0.268200 0.567500 0.022500 0.094100
0 0.669200 0.461500 0.027600 0.095900
0 0.497000 0.451600 0.030100 0.148300
0 0.065400 0.231300 0.042400 0.129400
0 0.258800 0.990200 0.020900 0.017400
0 0.785400 0.306800 0.029700 0.092900
0 0.647700 0.538000 0.029800 0.093100
0 0.481500 0.646900 0.023700 0.113100
0 0.177700 0.416600 0.025500 0.094800
0 0.524000 0.711300 0.029400 0.078500
0 0.665200 0.115400 0.028200 0.092600
0 0.982200 0.477900 0.029500 0.144700
0 0.129500 0.386900 0.024300 0.099400
0 0.446700 0.539100 0.033100 0.129800
0 0.285200 0.982200 0.025700 0.032500
0 0.080100 0.149800 0.023200 0.091000
0 0.022900 0.759300 0.030800 0.097200
0 0.933000 0.245300 0.020300 0.083800
0 0.007200 0.862000 0.018600 0.215900
0 0.177500 0.210400 0.026000 0.104000
0 0.153200 0.385700 0.024500 0.101000
0 0.045200 0.730000 0.044000 0.114300
0 0.263500 0.488900 0.030800 0.089200
0 0.295400 0.633000 0.026100 0.094100
0 0.267500 0.243200 0.019300 0.087600
0 0.713200 0.107500 0.033100 0.146500
0 0.419100 0.351600 0.025600 0.096600
0 0.639000 0.207400 0.021700 0.100200
0 0.825700 0.989900 0.022300 0.018000
0 0.200500 0.426200 0.029100 0.091400
0 0.881900 0.241600 0.019600 0.091700
0 0.721500 0.087900 0.025400 0.112700
0 0.990200 0.476000 0.015500 0.125800
0 0.909300 0.228900 0.018500 0.068800
0 0.585800 0.519200 0.041600 0.103700
0 0.506400 0.072000 0.023600 0.078600
0 0.752200 0.851000 0.015700 0.080700
0 0.742200 0.026500 0.027500 0.056000
0 0.408300 0.040200 0.025400 0.086500
0 0.534000 0.474000 0.030500 0.094100
0 0.643900 0.490600 0.027500 0.086500
0 0.301300 0.863600 0.020600 0.120600
0 0.934600 0.647500 0.028600 0.097300
0 0.512600 0.773400 0.026900 0.087700
0 0.495100 0.711100 0.024100 0.075100
0 0.628800 0.101000 0.030300 0.080800
0 0.337800 0.570700 0.022800 0.093800
0 0.459100 0.369700 0.028900 0.084400
0 0.148100 0.577400 0.046400 0.104400
0 0.836600 0.512500 0.035400 0.067600
0 0.142600 0.390000 0.034500 0.115400
0 0.162400 0.193900 0.019800 0.095900
0 0.678000 0.207400 0.027400 0.062000
0 0.338200 0.788700 0.034700 0.079900
0 0.569300 0.506900 0.025500 0.101700
0 0.902700 0.242300 0.020800 0.083700
0 0.205900 0.993200 0.017600 0.013700
0 0.623200 0.037000 0.025000 0.074500
0 0.336300 0.477900 0.030500 0.134000
0 0.215500 0.162400 0.024100 0.126800
0 0.432500 0.215100 0.027300 0.098700
0 0.322656 0.294444 0.021875 0.086111
0 0.313672 0.398611 0.016406 0.083333
0 0.280469 0.336111 0.029687 0.094444
0 0.236328 0.336806 0.017969 0.068056
0 0.210547 0.347917 0.022656 0.062500
0 0.220313 0.275000 0.015625 0.080556
0 0.239453 0.272222 0.014844 0.055556
0 0.322266 0.211111 0.024219 0.061111
0 0.294531 0.165972 0.014062 0.087500
0 0.335547 0.155556 0.017969 0.061111
0 0.378125 0.187500 0.018750 0.083333
0 0.401953 0.191667 0.017969 0.097222
0 0.376563 0.129167 0.012500 0.083333
0 0.358984 0.118056 0.017969 0.086111
0 0.330078 0.111111 0.019531 0.063889
0 0.305078 0.113889 0.022656 0.072222
0 0.308594 0.059028 0.020312 0.062500
0 0.331250 0.050694 0.021875 0.048611
0 0.514453 0.152778 0.025781 0.088889
0 0.482031 0.068750 0.015625 0.090278
0 0.575000 0.138194 0.018750 0.079167
0 0.573828 0.066667 0.024219 0.058333
0 0.469531 0.246528 0.023438 0.084722
0 0.510156 0.273611 0.020312 0.080556
0 0.551562 0.262500 0.021875 0.091667
0 0.542188 0.325000 0.018750 0.086111
0 0.584375 0.351389 0.021875 0.094444
0 0.590234 0.282639 0.025781 0.070833
0 0.571875 0.425000 0.021875 0.061111
0 0.519922 0.381250 0.027344 0.106944
0 0.488672 0.352778 0.027344 0.072222
0 0.444531 0.124306 0.020312 0.062500
0 0.467969 0.109028 0.021875 0.073611
0 0.754297 0.236111 0.024219 0.108333
0 0.989844 0.158333 0.020312 0.105556
0 0.596875 0.227778 0.029687 0.077778
0 0.560938 0.197917 0.028125 0.076389
0 0.529688 0.209722 0.023438 0.086111
0 0.391016 0.086806 0.022656 0.059722
