26 0.976300 0.603700 0.017600 0.031000
26 0.900600 0.179700 0.019400 0.035000
26 0.675000 0.865500 0.012400 0.024800
26 0.912800 0.708500 0.015500 0.022800
26 0.677800 0.587200 0.018100 0.031400
26 0.619000 0.866000 0.018500 0.035800
26 0.908600 0.694800 0.029300 0.080700
24 0.501900 0.556900 0.014100 0.033900
24 0.493900 0.557300 0.023200 0.070100
1 0.004300 0.461800 0.009700 0.105700
0 0.401800 0.675100 0.026300 0.109800
0 0.266700 0.696500 0.035700 0.123600
0 0.154700 0.736600 0.036000 0.120000
0 0.865500 0.351100 0.026500 0.086800
0 0.854200 0.633000 0.024200 0.121500
0 0.857200 0.122400 0.029100 0.099500
0 0.761500 0.458700 0.025500 0.094300
0 0.792200 0.416800 0.024600 0.095700
0 0.709400 0.429100 0.032900 0.133000
0 0.691900 0.849100 0.027100 0.125200
0 0.634700 0.850900 0.027000 0.106400
0 0.837300 0.962000 0.032400 0.079600
0 0.081100 0.304900 0.039400 0.127300
0 0.923300 0.441800 0.018600 0.123200
0 0.925100 0.632700 0.024900 0.090500
0 0.612000 0.457900 0.023700 0.102500
0 0.147300 0.953400 0.047100 0.089800
0 0.945600 0.601100 0.024300 0.092500
0 0.974500 0.613400 0.024700 0.091600
0 0.596700 0.933200 0.032400 0.124300
0 0.817200 0.151200 0.037600 0.114400
0 0.353400 0.646700 0.019800 0.143100
0 0.654100 0.652200 0.027900 0.111400
0 0.314800 0.741500 0.027900 0.090500
0 0.940900 0.980900 0.030500 0.043400
0 0.162400 0.442200 0.024600 0.100000
0 0.463600 0.601700 0.022700 0.102500
0 0.909400 0.798400 0.031000 0.123900
0 0.476400 0.525000 0.022900 0.083000
0 0.584700 0.040800 0.026000 0.079300
0 0.966400 0.955700 0.030400 0.088500
0 0.132800 0.152300 0.021900 0.108000
0 0.904600 0.696900 0.029600 0.084200
0 0.044300 0.536400 0.028900 0.079500
0 0.989800 0.949400 0.018000 0.098700
0 0.699100 0.332100 0.023400 0.092900
0 0.085000 0.448100 0.029400 0.082400
0 0.815800 0.026600 0.023900 0.057500
0 0.018000 0.136500 0.030600 0.097800
0 0.530000 0.787500 0.023800 0.101200
0 0.144400 0.318900 0.024200 0.107400
0 0.665900 0.414400 0.022600 0.104000
0 0.965300 0.287300 0.021100 0.093100
0 0.357500 0.350100 0.026800 0.097500
0 0.129400 0.448000 0.023900 0.087100
0 0.992800 0.444500 0.014400 0.118700
0 0.776700 0.821600 0.027600 0.095700
0 0.385600 0.521500 0.028900 0.097300
0 0.272300 0.303900 0.027900 0.099700
0 0.098300 0.964000 0.030400 0.060900
0 0.335900 0.824400 0.033800 0.126700
0 0.668100 0.070900 0.025600 0.087200
0 0.932900 0.304900 0.020600 0.094600
0 0.897500 0.182200 0.024800 0.090600
0 0.051300 0.735600 0.046000 0.103800
0 0.756700 0.979100 0.027100 0.043600
0 0.517500 0.113500 0.020700 0.098500
0 0.287500 0.979500 0.030200 0.039100
0 0.338000 0.502400 0.025600 0.096700
0 0.122700 0.252200 0.027300 0.106500
0 0.912000 0.288700 0.019800 0.083100
0 0.494800 0.568100 0.022400 0.084600
0 0.224600 0.649600 0.027300 0.093000
0 0.470400 0.085800 0.023300 0.097400
0 0.289100 0.399100 0.023100 0.113800
0 0.522700 0.678600 0.024800 0.096500
0 0.572900 0.448300 0.032100 0.171200
0 0.639600 0.160800 0.023500 0.096300
0 0.182000 0.383700 0.028000 0.106700
0 0.315500 0.475700 0.023700 0.118100
0 0.050800 0.177900 0.037600 0.118100
0 0.167500 0.269600 0.028700 0.100900
0 0.742200 0.339300 0.025600 0.092100
0 0.303100 0.112300 0.023200 0.116300
0 0.067600 0.972600 0.036300 0.054900
0 0.429300 0.502700 0.028800 0.100700
0 0.283000 0.588500 0.029300 0.098900
0 0.974700 0.431200 0.020300 0.107300
0 0.939400 0.292800 0.019800 0.088200
0 0.635900 0.039800 0.032300 0.073200
0 0.253100 0.175000 0.026400 0.084000
0 0.742300 0.053800 0.024400 0.082200
0 0.039100 0.696000 0.031100 0.082100
0 0.737000 0.127700 0.020700 0.110700
0 0.287600 0.038600 0.025100 0.084000
0 0.259800 0.510600 0.024600 0.105100
0 0.284400 0.229500 0.022800 0.097700
0 0.286900 0.824300 0.035400 0.130400
0 0.225300 0.412700 0.026100 0.114500
0 0.111200 0.551500 0.043000 0.113800
0 0.395200 0.350300 0.025600 0.124100
0 0.433400 0.175700 0.023200 0.105100
0 0.988100 0.212300 0.020600 0.093200
0 0.495100 0.118000 0.020400 0.096500
0 0.681700 0.530989 0.027600 0.073200
0 0.325300 0.148600 0.024700 0.070800
0 0.260700 0.989200 0.020200 0.021200
0 0.259000 0.419000 0.039400 0.115100
0 0.502400 0.727400 0.026200 0.094900
0 0.524600 0.429400 0.027400 0.084000
0 0.990400 0.115000 0.018100 0.092100
0 0.429100 0.434900 0.029300 0.063600
0 0.972500 0.276200 0.025100 0.094900
0 0.550400 0.270800 0.021000 0.117400
0 0.461600 0.744500 0.028100 0.085200
0 0.470313 0.829167 0.034375 0.127778
0 0.755469 0.279167 0.023438 0.105556
0 0.762891 0.205556 0.016406 0.041667
0 0.712891 0.204861 0.025781 0.093056
0 0.707031 0.134028 0.020312 0.048611
0 0.669531 0.151389 0.020312 0.044444
0 0.678906 0.196528 0.029687 0.073611
0 0.670313 0.283333 0.017188 0.088889
0 0.632031 0.272222 0.032812 0.094444
0 0.641406 0.212500 0.023438 0.041667
0 0.607422 0.261111 0.032031 0.077778
0 0.602344 0.325000 0.028125 0.066667
0 0.603906 0.378472 0.026563 0.059722
0 0.574609 0.304167 0.028906 0.063889
0 0.564062 0.372917 0.026563 0.051389
0 0.579687 0.247917 0.021875 0.059722
0 0.580078 0.174306 0.016406 0.054167
0 0.576563 0.104861 0.020312 0.062500
0 0.528906 0.200000 0.025000 0.080556
0 0.527344 0.279861 0.020312 0.087500
0 0.510547 0.323611 0.024219 0.058333
0 0.496875 0.361806 0.023438 0.051389
0 0.498437 0.427778 0.026563 0.075000
0 0.450000 0.419444 0.028125 0.105556
0 0.448438 0.326389 0.032812 0.077778
0 0.475391 0.306250 0.024219 0.084722
0 0.494531 0.231944 0.017188 0.105556
0 0.471094 0.212500 0.026563 0.086111
0 0.471094 0.146528 0.015625 0.051389
0 0.449609 0.101389 0.019531 0.072222
0 0.422656 0.095833 0.020312 0.055556
0 0.319922 0.250000 0.019531 0.055556
0 0.322266 0.332639 0.025781 0.070833
0 0.333984 0.220139 0.027344 0.079167
0 0.302344 0.202083 0.028125 0.093056
0 0.232422 0.235417 0.027344 0.068056
0 0.208203 0.229167 0.019531 0.061111
0 0.208984 0.175000 0.024219 0.072222
0 0.212500 0.090278 0.020312 0.052778
0 0.199219 0.303472 0.023438 0.065278
0 0.207813 0.375000 0.023438 0.083333
0 0.221875 0.291667 0.028125 0.072222
0 0.393750 0.274306 0.023438 0.043056
0 0.418750 0.305556 0.025000 0.086111
0 0.368750 0.554861 0.029687 0.104167
0 0.742578 0.799306 0.036719 0.131944
0 0.676172 0.600000 0.041406 0.111111
0 0.012109 0.754167 0.024219 0.127778
0 0.014062 0.655556 0.028125 0.063889
