0 0.727100 0.489300 0.033700 0.141400
0 0.810400 0.479400 0.027300 0.101800
0 0.074900 0.784600 0.029300 0.107800
0 0.759800 0.397600 0.025300 0.090700
0 0.090300 0.522600 0.039900 0.104700
0 0.153800 0.800400 0.041400 0.112400
0 0.556400 0.966100 0.028900 0.065200
0 0.587700 0.745900 0.032700 0.115700
0 0.962500 0.663500 0.025200 0.109300
0 0.339800 0.847900 0.038400 0.170500
0 0.862800 0.299900 0.024800 0.106600
0 0.924000 0.379500 0.019500 0.111400
0 0.854000 0.071300 0.024700 0.084300
0 0.484300 0.798000 0.037200 0.120400
0 0.121500 0.194700 0.028400 0.101800
0 0.681700 0.913000 0.034700 0.120500
0 0.290700 0.755900 0.028300 0.104000
0 0.667100 0.699200 0.027800 0.097100
0 0.215500 0.559200 0.027300 0.104100
0 0.464300 0.898000 0.024300 0.108800
0 0.729700 0.303000 0.022300 0.097700
0 0.604800 0.910300 0.032400 0.121100
0 0.408200 0.747500 0.025100 0.105900
0 0.914100 0.760700 0.024800 0.094200
0 0.007700 0.523400 0.014800 0.119700
0 0.511800 0.615300 0.026200 0.111000
0 0.061100 0.601700 0.029900 0.082100
0 0.823200 0.207600 0.025800 0.111600
0 0.966100 0.338300 0.029600 0.102700
0 0.710100 0.371400 0.027500 0.086800
0 0.145500 0.258400 0.024500 0.101100
0 0.963400 0.478000 0.021800 0.130500
0 0.089800 0.381100 0.025700 0.135000
0 0.389300 0.582500 0.035800 0.121500
0 0.337800 0.567300 0.026200 0.112700
0 0.029200 0.175600 0.030600 0.100100
0 0.365500 0.396800 0.027000 0.098400
0 0.020500 0.773800 0.028900 0.130900
0 0.929800 0.702200 0.038000 0.129100
0 0.048500 0.728700 0.040400 0.113400
0 0.669700 0.477000 0.028700 0.092400
0 0.762000 0.035600 0.037000 0.080600
0 0.247900 0.131200 0.020300 0.086000
0 0.269300 0.568800 0.023100 0.088800
0 0.932500 0.243600 0.023100 0.093500
0 0.129300 0.618800 0.029700 0.099700
0 0.451700 0.549800 0.025800 0.100800
0 0.263300 0.490800 0.031000 0.091400
0 0.980800 0.479500 0.030100 0.148700
0 0.482100 0.647800 0.024000 0.111800
0 0.643000 0.518800 0.032500 0.129700
0 0.786700 0.307900 0.029000 0.089700
0 0.299300 0.644500 0.026500 0.105700
0 0.129500 0.384500 0.023800 0.096600
0 0.715000 0.851700 0.023400 0.106700
0 0.259000 0.990400 0.020500 0.017200
0 0.638500 0.209600 0.023800 0.094100
0 0.664100 0.117300 0.027300 0.088800
0 0.177100 0.209700 0.024900 0.112900
0 0.971800 0.981700 0.036000 0.033400
0 0.523200 0.711400 0.028300 0.074400
0 0.882700 0.240400 0.022000 0.094900
0 0.496000 0.712200 0.023500 0.078000
0 0.179400 0.982100 0.035300 0.036100
0 0.720700 0.087800 0.021700 0.121900
0 0.268200 0.244000 0.022900 0.098900
0 0.198600 0.429800 0.031600 0.096000
0 0.285100 0.982600 0.025600 0.033900
0 0.072100 0.147900 0.023500 0.088200
0 0.150200 0.576100 0.051500 0.104400
0 0.419200 0.352700 0.023900 0.095500
0 0.569200 0.506100 0.027000 0.130000
0 0.503600 0.070300 0.022100 0.076700
0 0.064800 0.229900 0.039300 0.118100
0 0.991100 0.982100 0.016300 0.030000
0 0.158400 0.382600 0.023900 0.107400
0 0.461000 0.380000 0.028100 0.097100
0 0.497500 0.476700 0.027000 0.089600
0 0.605300 0.394700 0.022600 0.096300
0 0.177800 0.414700 0.024400 0.085000
0 0.008500 0.862300 0.020400 0.201100
0 0.433400 0.214300 0.027800 0.106200
0 0.336500 0.462800 0.026000 0.109700
0 0.420400 0.488600 0.031500 0.059700
0 0.679200 0.208400 0.025400 0.058500
0 0.524000 0.383900 0.025500 0.102100
0 0.934200 0.648100 0.028600 0.083800
0 0.903200 0.864600 0.024400 0.086100
0 0.580300 0.353800 0.025000 0.096800
0 0.457200 0.465100 0.026400 0.087200
0 0.723800 0.859600 0.033700 0.128700
0 0.628500 0.102300 0.028200 0.076000
0 0.270800 0.788700 0.026900 0.050200
0 0.990400 0.476100 0.014600 0.137400
0 0.216300 0.163400 0.022400 0.128300
0 0.572900 0.445100 0.025500 0.090700
0 0.990400 0.274900 0.017800 0.111100
0 0.583600 0.519200 0.038400 0.115400
0 0.758100 0.242200 0.020200 0.115800
0 0.513600 0.769000 0.033400 0.130100
0 0.408900 0.042300 0.024700 0.089500
0 0.622800 0.036700 0.026400 0.073700
0 0.637600 0.480800 0.025100 0.081300
0 0.712400 0.108300 0.033600 0.139800
0 0.340000 0.789900 0.033100 0.078000
0 0.908984 0.285417 0.017969 0.090278
0 0.907031 0.215278 0.021875 0.052778
0 0.482422 0.568750 0.025781 0.076389
0 0.376953 0.600694 0.025781 0.112500
0 0.314453 0.402083 0.021094 0.087500
0 0.276563 0.326389 0.026563 0.094444
0 0.320703 0.290278 0.021094 0.088889
0 0.296484 0.270139 0.022656 0.093056
0 0.243359 0.276389 0.024219 0.069444
0 0.220703 0.263194 0.022656 0.065278
0 0.236719 0.329167 0.032812 0.077778
0 0.210156 0.347917 0.031250 0.070833
0 0.228125 0.458333 0.020312 0.075000
0 0.250391 0.425000 0.024219 0.061111
0 0.326953 0.220833 0.024219 0.083333
0 0.332031 0.158333 0.015625 0.069444
0 0.298828 0.163194 0.025781 0.098611
0 0.305469 0.098611 0.017188 0.044444
0 0.329297 0.102778 0.021094 0.052778
0 0.309375 0.047917 0.023438 0.059722
0 0.331250 0.049306 0.021875 0.045833
0 0.359375 0.121528 0.021875 0.084722
0 0.460547 0.063889 0.022656 0.044444
0 0.467969 0.113194 0.029687 0.068056
0 0.511328 0.136806 0.025781 0.065278
0 0.443750 0.117361 0.015625 0.059722
0 0.462500 0.171528 0.020312 0.087500
0 0.433203 0.097222 0.022656 0.083333
0 0.378516 0.202083 0.027344 0.101389
0 0.400000 0.181250 0.031250 0.109722
0 0.472266 0.259722 0.024219 0.105556
0 0.512109 0.281944 0.025781 0.083333
0 0.543359 0.346528 0.019531 0.106944
0 0.552344 0.251389 0.023438 0.080556
0 0.585547 0.283333 0.021094 0.072222
0 0.592969 0.223611 0.028125 0.080556
0 0.555859 0.186806 0.019531 0.059722
0 0.527344 0.216667 0.021875 0.091667
0 0.576563 0.139583 0.031250 0.084722
0 0.573047 0.070139 0.025781 0.065278
0 0.687500 0.266667 0.028125 0.097222
0 0.634766 0.345833 0.022656 0.105556
0 0.644141 0.272222 0.027344 0.069444
0 0.865625 0.545139 0.028125 0.112500
0 0.400000 0.324306 0.023438 0.062500
0 0.390625 0.393056 0.029687 0.119444
0 0.298828 0.868056 0.033594 0.130556
