26 0.534200 0.629900 0.014400 0.031900
26 0.839700 0.698900 0.013300 0.030400
26 0.037100 0.496300 0.027200 0.102200
26 0.448300 0.697400 0.014900 0.033000
26 0.028700 0.504300 0.014400 0.024300
26 0.915300 0.136000 0.017300 0.036500
0 0.771700 0.957800 0.030000 0.076700
24 0.247700 0.636800 0.028700 0.099700
0 0.653500 0.809000 0.031100 0.093900
0 0.759700 0.506900 0.025000 0.092600
0 0.981000 0.570700 0.029000 0.099400
0 0.633300 0.894000 0.037100 0.122000
0 0.522200 0.958700 0.034800 0.088700
0 0.698400 0.803500 0.033400 0.119800
0 0.397300 0.620000 0.023200 0.096700
0 0.913900 0.487400 0.022100 0.123600
0 0.716200 0.960300 0.037600 0.083400
0 0.051800 0.671500 0.036100 0.146300
0 0.852300 0.931400 0.030000 0.127500
0 0.847800 0.699300 0.030000 0.110500
0 0.654200 0.619800 0.029000 0.106700
0 0.137600 0.507800 0.024000 0.101100
0 0.862500 0.158800 0.023700 0.094500
0 0.927100 0.949300 0.029600 0.099700
0 0.956500 0.556200 0.021200 0.119800
0 0.925000 0.598900 0.026700 0.121700
0 0.139300 0.705300 0.043400 0.100800
0 0.895700 0.665300 0.032100 0.127100
0 0.068900 0.523500 0.025600 0.103300
0 0.522700 0.640500 0.036600 0.106800
0 0.450200 0.558100 0.024100 0.110900
0 0.318000 0.790500 0.035000 0.118000
0 0.361600 0.690900 0.021100 0.113400
0 0.247200 0.647100 0.032100 0.129500
0 0.044000 0.134000 0.025100 0.116200
0 0.747700 0.386300 0.024400 0.100800
0 0.867600 0.395500 0.023900 0.094900
0 0.096200 0.552200 0.025300 0.099600
0 0.699800 0.372200 0.024500 0.132800
0 0.778900 0.372200 0.025600 0.099300
0 0.982800 0.901500 0.026900 0.093000
0 0.330200 0.545600 0.039400 0.127200
0 0.961000 0.912400 0.025900 0.100500
0 0.495800 0.804200 0.026200 0.123100
0 0.077000 0.254100 0.038500 0.121100
0 0.613700 0.508100 0.021400 0.097800
0 0.011100 0.757300 0.022100 0.113600
0 0.128400 0.928700 0.036000 0.115300
0 0.169800 0.513900 0.035000 0.130600
0 0.121600 0.291600 0.029700 0.098700
0 0.659700 0.368000 0.023900 0.103100
0 0.178300 0.159400 0.023100 0.103600
0 0.543200 0.051500 0.024100 0.095700
0 0.040700 0.503800 0.027300 0.098700
0 0.699500 0.589500 0.026600 0.069100
0 0.916300 0.740100 0.025100 0.092600
0 0.291800 0.677900 0.024300 0.083900
0 0.013700 0.104500 0.026000 0.095100
0 0.418100 0.456400 0.038000 0.111000
0 0.810000 0.972600 0.040300 0.056100
0 0.082800 0.397300 0.030700 0.085400
0 0.744800 0.088600 0.026200 0.091100
0 0.836900 0.512000 0.034700 0.065600
0 0.740000 0.239100 0.027400 0.108100
0 0.083800 0.941500 0.025400 0.093900
0 0.367800 0.509200 0.039700 0.112200
0 0.941200 0.338500 0.021900 0.087300
0 0.144500 0.364700 0.025100 0.101800
0 0.323200 0.055800 0.026000 0.088400
0 0.980000 0.397300 0.023200 0.105400
0 0.270300 0.542500 0.029500 0.095800
0 0.485800 0.043500 0.023200 0.089800
0 0.241500 0.165000 0.019800 0.078300
0 0.801100 0.102800 0.027700 0.090800
0 0.669400 0.037600 0.027900 0.079200
0 0.480700 0.538300 0.021300 0.082400
0 0.017700 0.680100 0.031500 0.094200
0 0.473800 0.788100 0.020600 0.105000
0 0.792800 0.771200 0.028200 0.088100
0 0.576100 0.066800 0.023500 0.092100
0 0.285000 0.980600 0.022900 0.037200
0 0.569700 0.965900 0.032800 0.067900
0 0.162500 0.308400 0.027300 0.096800
0 0.185200 0.274800 0.028200 0.095000
0 0.713100 0.228300 0.021300 0.118200
0 0.912000 0.337100 0.022400 0.096700
0 0.477200 0.476900 0.027000 0.079900
0 0.454400 0.709300 0.039400 0.104200
0 0.933900 0.352300 0.022500 0.091200
0 0.485400 0.700300 0.032100 0.132500
0 0.903500 0.146000 0.023700 0.114500
0 0.991000 0.570100 0.014800 0.098500
0 0.495400 0.632700 0.022000 0.084900
0 0.647700 0.117100 0.026600 0.092100
0 0.445000 0.326700 0.036900 0.146800
0 0.478100 0.516400 0.030900 0.145400
0 0.357100 0.320000 0.023600 0.098400
0 0.330600 0.192900 0.024600 0.097300
0 0.450000 0.709900 0.020600 0.083200
0 0.816200 0.043500 0.026100 0.091600
0 0.283700 0.788800 0.022200 0.110700
0 0.059100 0.944700 0.028500 0.091000
0 0.305300 0.239700 0.023000 0.097900
0 0.255700 0.221100 0.020000 0.104600
0 0.226000 0.222500 0.022100 0.108400
0 0.276600 0.337000 0.025400 0.092500
0 0.526200 0.148500 0.021900 0.092600
0 0.003800 0.413800 0.008300 0.107200
0 0.752200 0.159500 0.021900 0.087100
0 0.067300 0.978900 0.032300 0.042900
0 0.761719 0.752778 0.032812 0.141667
0 0.768359 0.242361 0.022656 0.104167
0 0.681641 0.176389 0.027344 0.102778
0 0.663281 0.233333 0.025000 0.080556
0 0.691016 0.277778 0.024219 0.075000
0 0.629297 0.236111 0.024219 0.119444
0 0.640234 0.179167 0.021094 0.080556
0 0.675391 0.120139 0.024219 0.056944
0 0.590625 0.154861 0.029687 0.070833
0 0.589063 0.213889 0.026563 0.055556
0 0.589453 0.275694 0.019531 0.065278
0 0.613281 0.311111 0.025000 0.072222
0 0.605469 0.361806 0.015625 0.056944
0 0.610156 0.424306 0.020312 0.054167
0 0.564844 0.386806 0.020312 0.076389
0 0.558203 0.459722 0.030469 0.108333
0 0.523438 0.400694 0.023438 0.093056
0 0.486719 0.373611 0.017188 0.050000
0 0.503516 0.334028 0.025781 0.062500
0 0.548437 0.361111 0.028125 0.097222
0 0.564844 0.291667 0.021875 0.077778
0 0.547266 0.253472 0.025781 0.087500
0 0.521094 0.236806 0.025000 0.068056
0 0.505078 0.292361 0.021094 0.065278
0 0.470313 0.274306 0.020312 0.104167
0 0.491406 0.195833 0.015625 0.080556
0 0.467969 0.182639 0.020312 0.087500
0 0.442187 0.137500 0.015625 0.077778
0 0.505078 0.128472 0.014844 0.056944
0 0.437891 0.081944 0.010156 0.030556
0 0.458594 0.073611 0.026563 0.072222
0 0.395703 0.115278 0.038281 0.086111
0 0.388672 0.245833 0.022656 0.050000
0 0.416016 0.264583 0.027344 0.087500
0 0.392578 0.305556 0.022656 0.102778
0 0.333594 0.249306 0.034375 0.068056
0 0.321875 0.290972 0.028125 0.065278
0 0.317187 0.377778 0.023438 0.102778
0 0.293359 0.428472 0.028906 0.076389
0 0.255078 0.464583 0.022656 0.081944
0 0.263281 0.404167 0.026563 0.108333
0 0.245703 0.349306 0.024219 0.068056
0 0.229297 0.386111 0.019531 0.088889
0 0.208984 0.334028 0.017969 0.087500
0 0.188281 0.350694 0.029687 0.109722
0 0.210938 0.239583 0.023438 0.084722
0 0.201953 0.186806 0.025781 0.068056
0 0.198828 0.105556 0.025781 0.097222
0 0.209375 0.061806 0.029687 0.090278
0 0.333203 0.123611 0.021094 0.052778
0 0.306250 0.181250 0.026563 0.070833
0 0.303516 0.119444 0.025781 0.058333
0 0.282813 0.197222 0.021875 0.100000
0 0.700781 0.654861 0.026563 0.106944
0 0.962891 0.254861 0.022656 0.126389
0 0.983203 0.185417 0.022656 0.115278
