26 0.345300 0.595700 0.013200 0.032400
26 0.709300 0.895600 0.011500 0.029300
24 0.760800 0.196300 0.025700 0.069000
0 0.389600 0.558800 0.026800 0.126200
0 0.503700 0.917000 0.035100 0.134600
0 0.059000 0.589600 0.037800 0.113900
0 0.552700 0.930200 0.046400 0.121000
0 0.865400 0.446200 0.027600 0.092900
0 0.757000 0.431400 0.025400 0.096500
0 0.866200 0.211600 0.020700 0.123700
0 0.428600 0.520000 0.022700 0.093500
0 0.229500 0.576100 0.033900 0.117600
0 0.681400 0.966500 0.035200 0.060200
0 0.990200 0.523900 0.019400 0.101400
0 0.759400 0.566100 0.025800 0.093900
0 0.433500 0.803200 0.025700 0.121400
0 0.956700 0.853000 0.025400 0.114500
0 0.794300 0.947200 0.029000 0.115000
0 0.870100 0.878800 0.034300 0.128400
0 0.070900 0.191700 0.041300 0.135000
0 0.918400 0.949500 0.030900 0.091500
0 0.870900 0.602300 0.025600 0.087300
0 0.650000 0.960800 0.028000 0.072900
0 0.306400 0.755500 0.032000 0.129700
0 0.367300 0.770100 0.032000 0.121400
0 0.081600 0.508900 0.025900 0.095700
0 0.040500 0.084100 0.026200 0.105900
0 0.012200 0.068100 0.026100 0.090200
0 0.444400 0.662800 0.033500 0.109200
0 0.904100 0.552200 0.024800 0.114900
0 0.036700 0.195300 0.029400 0.092900
0 0.277400 0.177200 0.025400 0.107800
0 0.274300 0.615500 0.030200 0.100400
0 0.274400 0.758500 0.029400 0.142200
0 0.652000 0.070400 0.026600 0.105400
0 0.164600 0.228600 0.027000 0.115900
0 0.106700 0.884600 0.036500 0.116700
0 0.134400 0.943000 0.026100 0.092900
0 0.759000 0.309400 0.024500 0.088500
0 0.915100 0.877500 0.029700 0.097100
0 0.697100 0.738000 0.026700 0.104300
0 0.513100 0.588000 0.023300 0.105300
0 0.306400 0.571600 0.025000 0.099600
0 0.121500 0.352200 0.027900 0.104000
0 0.146200 0.581500 0.027800 0.116500
0 0.064400 0.789700 0.025900 0.110100
0 0.669100 0.577400 0.034800 0.117200
0 0.923000 0.680400 0.034000 0.119000
0 0.989700 0.339900 0.020300 0.105600
0 0.073400 0.346800 0.033300 0.109400
0 0.068900 0.957500 0.031200 0.083100
0 0.980700 0.848300 0.027000 0.101300
0 0.287000 0.977400 0.031900 0.042700
0 0.143800 0.037100 0.025000 0.076100
0 0.582200 0.097700 0.021300 0.101800
0 0.098100 0.976600 0.034400 0.043800
0 0.541600 0.097500 0.020100 0.106900
0 0.786100 0.057200 0.025400 0.103300
0 0.898600 0.439200 0.024100 0.108800
0 0.460500 0.493200 0.018300 0.150700
0 0.492500 0.587300 0.020500 0.088700
0 0.668700 0.758000 0.029100 0.078400
0 0.403800 0.413600 0.026100 0.112200
0 0.479000 0.723600 0.036200 0.112800
0 0.892400 0.057000 0.022200 0.093800
0 0.040800 0.882500 0.025900 0.082500
0 0.957600 0.073600 0.022600 0.104600
0 0.444800 0.269500 0.038900 0.122600
0 0.653400 0.318000 0.024300 0.095500
0 0.333000 0.613000 0.025100 0.094200
0 0.477600 0.634300 0.025800 0.083300
0 0.356300 0.271700 0.026300 0.100700
0 0.353700 0.462000 0.027600 0.100000
0 0.915100 0.383300 0.020100 0.085900
0 0.040600 0.487700 0.043700 0.103200
0 0.021100 0.642200 0.039400 0.119000
0 0.936100 0.536700 0.026500 0.084600
0 0.440500 0.381200 0.030900 0.090000
0 0.542400 0.411500 0.024300 0.099600
0 0.793700 0.725400 0.039300 0.127300
0 0.166200 0.378600 0.026100 0.117400
0 0.724200 0.651400 0.027400 0.066600
0 0.432600 0.069800 0.025200 0.096200
0 0.912000 0.086900 0.026400 0.089900
0 0.691300 0.315900 0.035100 0.110800
0 0.116900 0.665000 0.030500 0.091600
0 0.940600 0.395500 0.019600 0.096900
0 0.503200 0.197900 0.029800 0.095400
0 0.211800 0.181300 0.023100 0.094600
0 0.615100 0.571500 0.021200 0.093900
0 0.823300 0.082900 0.026100 0.097800
0 0.730800 0.192300 0.028200 0.104700
0 0.697000 0.887100 0.030800 0.085400
0 0.818100 0.732500 0.037900 0.130600
0 0.621800 0.382800 0.026200 0.094700
0 0.178900 0.987100 0.027400 0.023500
0 0.387700 0.269600 0.028900 0.101200
0 0.850300 0.056300 0.022800 0.082100
0 0.261400 0.491300 0.026000 0.102700
0 0.199200 0.203600 0.030300 0.133800
0 0.668800 0.835400 0.031900 0.136900
0 0.410400 0.227500 0.021900 0.093500
0 0.479400 0.349800 0.028400 0.082100
0 0.376400 0.447400 0.028100 0.094500
0 0.543900 0.193100 0.019900 0.094800
0 0.212700 0.291500 0.024000 0.087800
0 0.615100 0.521100 0.027500 0.150000
0 0.494900 0.069200 0.029000 0.091900
0 0.511200 0.353100 0.027300 0.087100
0 0.164100 0.578300 0.037400 0.119500
0 0.227300 0.134900 0.018600 0.069600
0 0.191100 0.302700 0.023300 0.096200
0 0.068700 0.883000 0.028000 0.095800
0 0.849500 0.791500 0.037300 0.113500
0 0.674500 0.085100 0.027300 0.068700
0 0.942500 0.547100 0.035500 0.132900
0 0.973300 0.521000 0.020900 0.101100
0 0.964500 0.194500 0.026400 0.084300
0 0.730600 0.724800 0.025200 0.103400
0 0.209900 0.041700 0.026100 0.090300
0 0.915900 0.551800 0.034900 0.121900
0 0.315000 0.430800 0.023800 0.086100
0 0.330100 0.229300 0.023100 0.093100
0 0.945800 0.987200 0.030500 0.024000
0 0.288400 0.384200 0.026400 0.101500
0 0.120300 0.978200 0.031900 0.041100
0 0.301100 0.508500 0.024800 0.094800
0 0.471800 0.430800 0.025700 0.097300
0 0.464100 0.099700 0.026700 0.095800
0 0.752600 0.134000 0.023000 0.089000
0 0.661328 0.204167 0.019531 0.102778
0 0.685938 0.227083 0.021875 0.062500
0 0.719922 0.281250 0.017969 0.087500
0 0.711328 0.235417 0.033594 0.079167
0 0.593359 0.194444 0.028906 0.069444
0 0.616406 0.172917 0.028125 0.112500
0 0.642187 0.144444 0.025000 0.086111
0 0.677734 0.125694 0.033594 0.093056
0 0.785547 0.243750 0.022656 0.095833
0 0.985547 0.712500 0.028906 0.108333
0 0.984375 0.138889 0.021875 0.108333
0 0.598047 0.250000 0.036719 0.052778
0 0.565234 0.272222 0.022656 0.047222
0 0.577344 0.322917 0.025000 0.051389
0 0.605859 0.309028 0.024219 0.051389
0 0.580469 0.382639 0.017188 0.073611
0 0.603125 0.409028 0.028125 0.062500
0 0.532031 0.284028 0.017188 0.073611
0 0.551953 0.328472 0.025781 0.068056
0 0.509766 0.276389 0.019531 0.058333
0 0.494922 0.265278 0.024219 0.063889
0 0.467187 0.210417 0.028125 0.090278
0 0.332812 0.304861 0.029687 0.059722
0 0.319141 0.345833 0.021094 0.052778
0 0.259375 0.343056 0.028125 0.069444
0 0.246484 0.410417 0.030469 0.081944
0 0.158984 0.418750 0.025781 0.095833
0 0.245703 0.292361 0.017969 0.043056
0 0.226562 0.323611 0.017188 0.066667
0 0.267969 0.827083 0.037500 0.118056
0 0.266406 0.243750 0.028125 0.068056
0 0.301172 0.263889 0.021094 0.069444
0 0.309766 0.215972 0.019531 0.076389
0 0.287891 0.131250 0.021094 0.070833
0 0.307031 0.152778 0.017188 0.061111
0 0.337500 0.169444 0.029687 0.077778
0 0.331250 0.040278 0.017188 0.052778
0 0.352734 0.134028 0.030469 0.084722
0 0.319141 0.079167 0.024219 0.072222
0 0.487109 0.131944 0.027344 0.061111
0 0.189453 0.075694 0.032031 0.123611
