26 0.900700 0.177400 0.019800 0.034300
26 0.975800 0.602200 0.015800 0.029600
26 0.674900 0.863000 0.011800 0.023400
24 0.864800 0.618400 0.014700 0.037400
1 0.004500 0.461000 0.009700 0.115800
0 0.792300 0.416100 0.025900 0.092700
0 0.865600 0.352700 0.026200 0.085000
0 0.857000 0.121600 0.027900 0.093800
0 0.837700 0.961600 0.035500 0.078300
0 0.853900 0.637600 0.031200 0.125800
0 0.265800 0.694900 0.037000 0.118200
0 0.401500 0.674400 0.026900 0.109800
0 0.598000 0.931400 0.031300 0.119600
0 0.154700 0.733900 0.034600 0.121800
0 0.634500 0.848800 0.026900 0.109500
0 0.923300 0.444700 0.019900 0.121200
0 0.710300 0.424800 0.032600 0.127400
0 0.925100 0.631800 0.026100 0.090300
0 0.692900 0.847100 0.027000 0.121900
0 0.085600 0.447200 0.030000 0.086000
0 0.653700 0.651500 0.028000 0.114700
0 0.081700 0.304000 0.039100 0.129400
0 0.308800 0.739500 0.044200 0.099400
0 0.976000 0.613100 0.024100 0.094700
0 0.947100 0.598600 0.023600 0.096500
0 0.810500 0.027300 0.022300 0.056000
0 0.909000 0.799100 0.031200 0.125100
0 0.817500 0.146600 0.037300 0.107500
0 0.352800 0.645700 0.023200 0.114700
0 0.904600 0.694500 0.028000 0.084100
0 0.135500 0.153200 0.024300 0.099200
0 0.018000 0.135300 0.031300 0.099600
0 0.146200 0.952100 0.047500 0.088800
0 0.463500 0.600000 0.023700 0.094100
0 0.051300 0.737200 0.047700 0.115600
0 0.761500 0.459400 0.023500 0.095500
0 0.940100 0.979800 0.030700 0.045800
0 0.584300 0.041700 0.026200 0.079500
0 0.989800 0.948100 0.017900 0.098400
0 0.334600 0.821700 0.036300 0.132000
0 0.162900 0.444700 0.024200 0.100100
0 0.891900 0.182800 0.034100 0.122500
0 0.965700 0.287500 0.024200 0.094500
0 0.477000 0.524600 0.024000 0.087300
0 0.143800 0.320500 0.024700 0.105600
0 0.044000 0.537800 0.028900 0.082700
0 0.993000 0.444200 0.013900 0.114300
0 0.911600 0.287000 0.020300 0.081700
0 0.050600 0.178200 0.037900 0.120300
0 0.528900 0.787100 0.022800 0.106300
0 0.426700 0.485100 0.027700 0.143400
0 0.287800 0.979600 0.030400 0.039100
0 0.932900 0.306500 0.020000 0.091000
0 0.764800 0.807600 0.043500 0.116500
0 0.130000 0.449600 0.024200 0.087900
0 0.338900 0.502400 0.025400 0.094000
0 0.612200 0.457500 0.023400 0.105400
0 0.966000 0.949600 0.028100 0.083100
0 0.681100 0.553900 0.025100 0.095000
0 0.097600 0.963300 0.031800 0.063000
0 0.224400 0.663100 0.025800 0.115200
0 0.357500 0.349400 0.025400 0.101600
0 0.286700 0.823000 0.033800 0.130800
0 0.939400 0.292500 0.019700 0.083600
0 0.122900 0.252100 0.026800 0.103100
0 0.665800 0.412900 0.022700 0.102600
0 0.898300 0.181000 0.024900 0.082900
0 0.698700 0.331800 0.022300 0.089300
0 0.271500 0.306900 0.028000 0.097700
0 0.763500 0.257500 0.039200 0.130100
0 0.755700 0.977700 0.028700 0.043900
0 0.741900 0.346300 0.024500 0.097100
0 0.518200 0.114500 0.021300 0.094500
0 0.107000 0.554300 0.039800 0.126200
0 0.282600 0.587300 0.029000 0.101000
0 0.974400 0.431600 0.019600 0.115300
0 0.066500 0.972300 0.036500 0.055400
0 0.252800 0.175100 0.025100 0.083700
0 0.639400 0.159400 0.022400 0.092200
0 0.167600 0.271200 0.028300 0.100100
0 0.317200 0.486000 0.035100 0.124900
0 0.497000 0.397800 0.030500 0.148500
0 0.258600 0.507000 0.024700 0.095300
0 0.284000 0.228800 0.023000 0.098500
0 0.470600 0.084000 0.022700 0.097000
0 0.495100 0.569400 0.023200 0.080400
0 0.669300 0.069900 0.024200 0.087900
0 0.603800 0.422300 0.029700 0.148100
0 0.521700 0.678800 0.025800 0.106400
0 0.466600 0.792100 0.032100 0.200900
0 0.550100 0.271900 0.020700 0.117600
0 0.261100 0.989000 0.020600 0.020900
0 0.395300 0.349800 0.026500 0.128500
0 0.636000 0.038100 0.031200 0.074200
0 0.502100 0.727100 0.025900 0.095000
0 0.325100 0.149000 0.025300 0.069100
0 0.385300 0.510200 0.027400 0.088600
0 0.210600 0.088000 0.023800 0.068900
0 0.040000 0.680000 0.029900 0.070600
0 0.368400 0.162300 0.024700 0.072900
0 0.259900 0.418300 0.039900 0.122400
0 0.570500 0.449500 0.031600 0.161100
0 0.495700 0.664000 0.023800 0.077200
0 0.910900 0.348900 0.017000 0.088500
0 0.433400 0.167100 0.024300 0.103300
0 0.511200 0.703000 0.033400 0.144500
0 0.225700 0.414200 0.026000 0.116600
0 0.222100 0.304400 0.027200 0.090900
0 0.777100 0.819900 0.026900 0.098200
0 0.524500 0.427400 0.027400 0.084600
0 0.495500 0.117600 0.020500 0.093600
0 0.606250 0.279861 0.018750 0.084722
0 0.628125 0.268750 0.021875 0.106944
0 0.597656 0.329167 0.015625 0.063889
0 0.572266 0.309028 0.024219 0.073611
0 0.578125 0.244444 0.021875 0.061111
0 0.580859 0.188194 0.019531 0.065278
0 0.579297 0.120833 0.021094 0.066667
0 0.525000 0.193750 0.020312 0.056944
0 0.525781 0.273611 0.018750 0.066667
0 0.511328 0.331944 0.025781 0.069444
0 0.473828 0.301389 0.011719 0.091667
0 0.498828 0.237500 0.025781 0.083333
0 0.472656 0.200694 0.020312 0.076389
0 0.451562 0.315278 0.017188 0.077778
0 0.447266 0.403472 0.013281 0.084722
0 0.420703 0.315972 0.019531 0.090278
0 0.393359 0.266667 0.019531 0.044444
0 0.316406 0.333333 0.025000 0.075000
0 0.323438 0.255556 0.018750 0.069444
0 0.179297 0.372917 0.016406 0.084722
0 0.207813 0.375694 0.018750 0.084722
0 0.194141 0.306250 0.024219 0.087500
0 0.211719 0.222222 0.018750 0.075000
0 0.205859 0.167361 0.025781 0.073611
0 0.233984 0.241667 0.021094 0.086111
0 0.740625 0.791667 0.031250 0.127778
0 0.680078 0.214583 0.022656 0.084722
0 0.666016 0.283333 0.024219 0.077778
0 0.712891 0.211806 0.019531 0.095833
0 0.711719 0.150000 0.025000 0.066667
0 0.736719 0.120833 0.020312 0.102778
0 0.743750 0.045139 0.025000 0.070833
0 0.676562 0.161111 0.025000 0.069444
0 0.646094 0.090972 0.031250 0.073611
0 0.448828 0.086111 0.021094 0.047222
0 0.425391 0.096528 0.021094 0.056944
0 0.392188 0.131944 0.032812 0.100000
0 0.360938 0.073611 0.020312 0.088889
0 0.330859 0.096528 0.024219 0.065278
0 0.305078 0.155556 0.022656 0.072222
0 0.306641 0.093750 0.028906 0.056944
0 0.386719 0.056250 0.025000 0.048611
