26 0.917400 0.118400 0.016200 0.031100
26 0.395000 0.278900 0.020400 0.041300
26 0.661900 0.339100 0.014300 0.032400
0 0.553400 0.443900 0.020800 0.105600
0 0.862700 0.177100 0.026300 0.102000
0 0.315100 0.775100 0.032400 0.118400
0 0.868000 0.417600 0.025300 0.098500
0 0.929100 0.578500 0.037600 0.114400
0 0.889200 0.645200 0.034900 0.120000
0 0.274200 0.773100 0.032900 0.122200
0 0.474200 0.777200 0.032200 0.155900
0 0.697700 0.771000 0.035100 0.115500
0 0.028900 0.772000 0.030000 0.104100
0 0.753800 0.399900 0.026000 0.101800
0 0.363400 0.722500 0.024500 0.120800
0 0.986800 0.552000 0.023100 0.094200
0 0.042300 0.118800 0.026400 0.118400
0 0.664200 0.601300 0.025200 0.099700
0 0.820300 0.055800 0.024300 0.099400
0 0.770400 0.353300 0.023500 0.102900
0 0.920700 0.927300 0.037700 0.117700
0 0.288500 0.650600 0.029500 0.099100
0 0.559100 0.956700 0.031900 0.093100
0 0.614700 0.526500 0.022900 0.097400
0 0.761200 0.527300 0.026800 0.096200
0 0.517500 0.949300 0.030500 0.110300
0 0.910200 0.507700 0.025800 0.097900
0 0.053900 0.638600 0.034800 0.135300
0 0.484100 0.671700 0.035700 0.111200
0 0.697200 0.353400 0.023700 0.138700
0 0.775600 0.946100 0.025800 0.094600
0 0.941400 0.367700 0.022000 0.106900
0 0.122300 0.314600 0.027600 0.102700
0 0.520200 0.621300 0.032700 0.116200
0 0.123000 0.712000 0.037800 0.062200
0 0.708300 0.941200 0.028600 0.090000
0 0.396200 0.597900 0.026100 0.117200
0 0.848900 0.731900 0.024400 0.106400
0 0.077700 0.223700 0.036700 0.129200
0 0.860700 0.910200 0.030400 0.135300
0 0.240100 0.619100 0.034900 0.121700
0 0.576100 0.081300 0.021700 0.103200
0 0.661300 0.789000 0.025300 0.084600
0 0.449800 0.695500 0.035200 0.112200
0 0.647600 0.867800 0.023900 0.128400
0 0.911500 0.117100 0.025400 0.082900
0 0.982400 0.881200 0.027900 0.098400
0 0.793300 0.087800 0.027500 0.100600
0 0.089000 0.535700 0.026800 0.093100
0 0.075600 0.914500 0.027700 0.096000
0 0.041200 0.681400 0.029100 0.094200
0 0.035900 0.476600 0.027800 0.097700
0 0.962900 0.543000 0.028100 0.104300
0 0.932700 0.973700 0.034600 0.050100
0 0.648500 0.099000 0.025000 0.099000
0 0.957400 0.887800 0.037100 0.113300
0 0.790800 0.765800 0.031900 0.133400
0 0.080500 0.378700 0.030400 0.111700
0 0.286700 0.979100 0.028400 0.040000
0 0.804900 0.961300 0.030900 0.080200
0 0.013000 0.651100 0.025600 0.102300
0 0.981600 0.369900 0.020600 0.114800
0 0.164900 0.338200 0.027000 0.102200
0 0.377700 0.461800 0.028500 0.113300
0 0.441500 0.550500 0.029800 0.101100
0 0.518700 0.379400 0.029000 0.103200
0 0.920200 0.723900 0.036700 0.121000
0 0.165700 0.540900 0.033400 0.132900
0 0.178400 0.258800 0.026400 0.099800
0 0.444200 0.301000 0.036400 0.137000
0 0.846300 0.039400 0.021300 0.083100
0 0.618700 0.350200 0.023600 0.091800
0 0.473700 0.458500 0.027700 0.081600
0 0.765500 0.765200 0.033700 0.157200
0 0.410800 0.441700 0.028500 0.094800
0 0.321100 0.069400 0.027600 0.089200
0 0.357700 0.302100 0.026100 0.108900
0 0.333200 0.583900 0.023800 0.094100
0 0.914500 0.366700 0.021800 0.112900
0 0.542500 0.069300 0.021800 0.101600
0 0.259200 0.989500 0.022000 0.020700
0 0.151500 0.385800 0.028200 0.100900
0 0.869800 0.039300 0.023300 0.072400
0 0.119500 0.918600 0.036100 0.137000
0 0.649200 0.980000 0.034400 0.036600
0 0.668500 0.175400 0.034100 0.141300
0 0.682000 0.987000 0.029200 0.024700
0 0.306000 0.147600 0.024100 0.085900
0 0.236700 0.770900 0.036000 0.128800
0 0.057500 0.508600 0.027700 0.087600
0 0.011800 0.193400 0.022900 0.091300
0 0.989400 0.369000 0.018700 0.101400
0 0.323200 0.555800 0.024000 0.111600
0 0.896000 0.028700 0.021600 0.061300
0 0.259000 0.162600 0.020700 0.088600
0 0.612900 0.460800 0.024800 0.079800
0 0.433300 0.101500 0.024300 0.095400
0 0.653200 0.349500 0.020600 0.101700
0 0.492800 0.603600 0.023100 0.064400
0 0.675100 0.028200 0.029800 0.064100
0 0.330700 0.207800 0.025800 0.090600
0 0.496600 0.035600 0.020800 0.077700
0 0.015500 0.110100 0.029600 0.141200
0 0.715800 0.258600 0.028600 0.073700
0 0.211800 0.321700 0.022500 0.084900
0 0.710300 0.619300 0.028200 0.083000
0 0.602000 0.395800 0.026500 0.081500
0 0.393300 0.301200 0.024600 0.111100
0 0.283000 0.354800 0.027500 0.094900
0 0.758000 0.179800 0.022300 0.090100
0 0.747200 0.106400 0.026100 0.083700
0 0.054200 0.914800 0.024300 0.076900
0 0.367100 0.052300 0.045500 0.100800
0 0.143700 0.026000 0.026700 0.051500
0 0.464800 0.507800 0.021400 0.087600
0 0.145000 0.539600 0.033400 0.125000
0 0.298800 0.490300 0.031600 0.143400
0 0.534600 0.165000 0.020900 0.090100
0 0.074700 0.516500 0.038200 0.116600
0 0.464063 0.154167 0.021875 0.066667
0 0.486719 0.154167 0.014062 0.061111
0 0.507812 0.203472 0.020312 0.062500
0 0.466406 0.239583 0.017188 0.079167
0 0.451953 0.121528 0.019531 0.073611
0 0.483984 0.091667 0.014844 0.080556
0 0.462109 0.052083 0.022656 0.059722
0 0.377734 0.133333 0.017969 0.102778
0 0.390234 0.218056 0.016406 0.052778
0 0.414453 0.251389 0.017969 0.086111
0 0.333203 0.278472 0.021094 0.065278
0 0.325000 0.326389 0.018750 0.069444
0 0.320703 0.389583 0.028906 0.065278
0 0.302734 0.253472 0.022656 0.079167
0 0.303516 0.190278 0.021094 0.069444
0 0.332812 0.138889 0.023438 0.052778
0 0.284766 0.188889 0.024219 0.102778
0 0.219141 0.194444 0.021094 0.063889
0 0.260547 0.236111 0.025781 0.086111
0 0.201562 0.238194 0.018750 0.070833
0 0.200391 0.183333 0.021094 0.061111
0 0.203516 0.129167 0.022656 0.047222
0 0.194141 0.069444 0.021094 0.055556
0 0.621875 0.193750 0.021875 0.106944
0 0.597266 0.288194 0.022656 0.059722
0 0.584375 0.349306 0.028125 0.068056
0 0.573828 0.297917 0.024219 0.068056
0 0.543750 0.311111 0.020312 0.058333
0 0.555078 0.361806 0.027344 0.059722
0 0.553125 0.260417 0.026563 0.065278
0 0.587500 0.229861 0.025000 0.062500
0 0.596094 0.161806 0.025000 0.059722
0 0.705859 0.196528 0.030469 0.065278
0 0.688281 0.255556 0.021875 0.066667
0 0.773828 0.240972 0.032031 0.087500
0 0.735156 0.224306 0.029687 0.118056
0 0.966406 0.225000 0.026563 0.102778
0 0.985937 0.152778 0.026563 0.100000
0 0.903906 0.405556 0.028125 0.102778
0 0.251172 0.435417 0.014844 0.065278
0 0.265234 0.512500 0.032031 0.100000
0 0.260938 0.377778 0.028125 0.088889
0 0.247656 0.324306 0.018750 0.045833
0 0.231641 0.365972 0.025781 0.101389
0 0.190234 0.334028 0.024219 0.106944
0 0.501172 0.300694 0.022656 0.065278
0 0.488281 0.384028 0.028125 0.093056
0 0.441406 0.400694 0.040625 0.095833
