26 0.975700 0.604200 0.015400 0.033800
26 0.525000 0.412300 0.022400 0.031900
26 0.909100 0.696200 0.030300 0.077900
24 0.502900 0.558100 0.014900 0.036700
24 0.900800 0.179600 0.016200 0.040700
0 0.589000 0.939800 0.035400 0.114800
0 0.402100 0.679800 0.024400 0.094800
0 0.691600 0.850300 0.029100 0.116100
0 0.633400 0.851500 0.027300 0.098600
0 0.154800 0.740400 0.036700 0.120600
0 0.857200 0.120200 0.027700 0.102100
0 0.865200 0.347300 0.024600 0.096700
0 0.967000 0.291900 0.025500 0.114100
0 0.834800 0.965200 0.035900 0.074200
0 0.794100 0.425400 0.027300 0.097800
0 0.925900 0.634800 0.026900 0.086300
0 0.896400 0.189800 0.025100 0.113300
0 0.923900 0.431600 0.019400 0.114100
0 0.945600 0.599600 0.022800 0.087300
0 0.654300 0.657700 0.028700 0.124000
0 0.612500 0.457700 0.024500 0.112300
0 0.761700 0.450800 0.026100 0.091700
0 0.855200 0.629100 0.032100 0.123400
0 0.335600 0.823600 0.035900 0.124100
0 0.314300 0.743400 0.029900 0.093900
0 0.940500 0.981600 0.033700 0.039200
0 0.477700 0.536900 0.023700 0.110300
0 0.972300 0.956300 0.030200 0.087400
0 0.268100 0.699400 0.039700 0.116500
0 0.259800 0.518600 0.025900 0.114400
0 0.521800 0.681600 0.025700 0.092700
0 0.085900 0.457600 0.030400 0.101200
0 0.044700 0.539000 0.029100 0.079700
0 0.051800 0.738800 0.045100 0.105300
0 0.464800 0.604100 0.024900 0.103900
0 0.974400 0.615900 0.024500 0.088900
0 0.224000 0.648200 0.027400 0.104200
0 0.698000 0.332400 0.025400 0.092300
0 0.144600 0.316300 0.025900 0.112200
0 0.908700 0.803400 0.028100 0.100600
0 0.081300 0.307100 0.040800 0.124800
0 0.709100 0.430600 0.030800 0.129700
0 0.129500 0.151600 0.020000 0.099600
0 0.678600 0.539300 0.025000 0.074500
0 0.642600 0.165100 0.027300 0.095400
0 0.585100 0.041600 0.025100 0.082400
0 0.161700 0.440800 0.026000 0.102200
0 0.018900 0.144800 0.030200 0.102200
0 0.991800 0.443900 0.015900 0.123800
0 0.776400 0.819000 0.027100 0.098000
0 0.535700 0.784700 0.028000 0.100500
0 0.974600 0.433300 0.022400 0.125100
0 0.286100 0.828000 0.034000 0.122000
0 0.148200 0.957700 0.034000 0.081700
0 0.167900 0.261100 0.029000 0.100100
0 0.570800 0.453400 0.030000 0.167900
0 0.753600 0.981000 0.029700 0.039200
0 0.990100 0.957500 0.018500 0.083800
0 0.112700 0.569600 0.041900 0.114000
0 0.271800 0.302000 0.025700 0.100500
0 0.050700 0.180200 0.039700 0.116400
0 0.666300 0.416100 0.024600 0.094800
0 0.911600 0.276400 0.019700 0.067100
0 0.039100 0.694500 0.027800 0.074400
0 0.286800 0.979600 0.030000 0.038300
0 0.121600 0.245000 0.027900 0.115300
0 0.014300 0.758700 0.030900 0.130200
0 0.097300 0.965600 0.034300 0.060600
0 0.496200 0.570000 0.021900 0.088900
0 0.909800 0.705300 0.037000 0.106600
0 0.739800 0.349000 0.039100 0.109200
0 0.668000 0.073500 0.025100 0.085600
0 0.350700 0.633900 0.023900 0.109500
0 0.503900 0.727700 0.025700 0.091200
0 0.339300 0.504600 0.026800 0.103600
0 0.226000 0.415700 0.026900 0.116400
0 0.252500 0.167000 0.024800 0.073800
0 0.128400 0.447200 0.022600 0.089700
0 0.991900 0.290400 0.016200 0.112500
0 0.335400 0.213800 0.026600 0.087500
0 0.495700 0.665200 0.025000 0.072800
0 0.018100 0.678500 0.031300 0.091800
0 0.285100 0.597400 0.026600 0.101800
0 0.939200 0.291800 0.021900 0.095500
0 0.676900 0.587900 0.025000 0.077200
0 0.635500 0.052000 0.030900 0.090200
0 0.815300 0.028600 0.024800 0.061800
0 0.516900 0.112900 0.020700 0.089900
0 0.470600 0.087800 0.024000 0.094600
0 0.757800 0.293900 0.031500 0.147100
0 0.260200 0.422000 0.038700 0.117500
0 0.197900 0.317800 0.032300 0.096100
0 0.418000 0.321600 0.027200 0.085800
0 0.118800 0.456800 0.042100 0.105200
0 0.492900 0.119600 0.020600 0.087700
0 0.433400 0.179800 0.025100 0.091300
0 0.325400 0.147800 0.025200 0.072100
0 0.320800 0.478300 0.034600 0.127200
0 0.236200 0.245300 0.024000 0.091300
0 0.384600 0.524900 0.027600 0.085400
0 0.357500 0.353700 0.026700 0.083500
0 0.514000 0.703500 0.034700 0.129100
0 0.181300 0.384300 0.028000 0.095900
0 0.731400 0.118800 0.022500 0.095400
0 0.287100 0.397300 0.026000 0.115900
0 0.137600 0.447600 0.035200 0.111000
0 0.967000 0.431700 0.020000 0.109500
0 0.734766 0.809722 0.019531 0.141667
0 0.764063 0.205556 0.020312 0.036111
0 0.816406 0.147222 0.026563 0.088889
0 0.989062 0.195139 0.018750 0.056944
0 0.632812 0.281250 0.026563 0.098611
0 0.668750 0.288194 0.018750 0.101389
0 0.681641 0.211111 0.022656 0.083333
0 0.709375 0.202083 0.018750 0.081944
0 0.709766 0.129861 0.016406 0.043056
0 0.673437 0.154861 0.026563 0.045833
0 0.742578 0.045139 0.025781 0.079167
0 0.606641 0.265278 0.028906 0.077778
0 0.600391 0.320139 0.030469 0.062500
0 0.599219 0.371528 0.021875 0.054167
0 0.562891 0.376389 0.025781 0.052778
0 0.497656 0.355556 0.021875 0.047222
0 0.491797 0.436111 0.030469 0.097222
0 0.525391 0.433333 0.024219 0.100000
0 0.515625 0.332639 0.020312 0.070833
0 0.566016 0.295833 0.019531 0.072222
0 0.546094 0.251389 0.020312 0.066667
0 0.571875 0.230556 0.020312 0.058333
0 0.578516 0.168750 0.017969 0.054167
0 0.576563 0.105556 0.021875 0.044444
0 0.529297 0.184722 0.025781 0.058333
0 0.531250 0.279167 0.020312 0.094444
0 0.501172 0.240972 0.016406 0.079167
0 0.478906 0.300694 0.015625 0.073611
0 0.470703 0.213889 0.021094 0.091667
0 0.472656 0.143056 0.018750 0.058333
0 0.449219 0.318750 0.021875 0.070833
0 0.448828 0.409722 0.013281 0.077778
0 0.395312 0.347917 0.026563 0.090278
0 0.392578 0.280556 0.021094 0.036111
0 0.319531 0.335417 0.021875 0.093056
0 0.323828 0.257639 0.021094 0.073611
0 0.298828 0.195833 0.028906 0.088889
0 0.303906 0.134722 0.015625 0.050000
0 0.306641 0.088194 0.019531 0.054167
0 0.329297 0.088889 0.017969 0.055556
0 0.361719 0.065972 0.017188 0.051389
0 0.383984 0.043056 0.013281 0.052778
0 0.210938 0.086806 0.025000 0.054167
0 0.198828 0.186806 0.016406 0.079167
0 0.210156 0.150000 0.026563 0.083333
0 0.423047 0.430556 0.022656 0.036111
0 0.433203 0.508333 0.030469 0.108333
0 0.368359 0.559028 0.030469 0.112500
0 0.473828 0.832639 0.021094 0.106944
0 0.465625 0.745833 0.034375 0.100000
0 0.066406 0.971528 0.034375 0.054167
