26 0.959600 0.679700 0.016600 0.029100
26 0.710100 0.867800 0.015200 0.034700
26 0.681500 0.492700 0.015500 0.036100
26 0.098700 0.399100 0.032100 0.093200
26 0.523800 0.620600 0.016400 0.040900
24 0.522800 0.627800 0.017000 0.031100
24 0.384500 0.632700 0.024400 0.073200
1 0.146800 0.865100 0.025100 0.054100
0 0.411600 0.786800 0.026400 0.106600
0 0.739300 0.518400 0.034700 0.118700
0 0.716100 0.394300 0.026600 0.103600
0 0.588700 0.930500 0.040000 0.115000
0 0.073400 0.645300 0.026200 0.095400
0 0.606400 0.721900 0.027100 0.106900
0 0.153300 0.835700 0.040300 0.114100
0 0.086600 0.809600 0.030100 0.093200
0 0.302400 0.796600 0.035800 0.124200
0 0.672900 0.944400 0.037300 0.111200
0 0.850600 0.051600 0.024100 0.086200
0 0.090200 0.553700 0.029000 0.100100
0 0.827800 0.234700 0.031000 0.121600
0 0.704100 0.884500 0.030000 0.130700
0 0.308600 0.661700 0.026000 0.101000
0 0.136000 0.645500 0.025200 0.095300
0 0.755700 0.369400 0.027300 0.097200
0 0.801200 0.336000 0.029900 0.103000
0 0.133600 0.354500 0.023900 0.101000
0 0.727600 0.892100 0.033200 0.121000
0 0.069600 0.258000 0.035700 0.123300
0 0.669900 0.722200 0.025700 0.102600
0 0.147200 0.226800 0.028100 0.110000
0 0.397900 0.612200 0.033200 0.127900
0 0.174200 0.182100 0.030200 0.100500
0 0.460100 0.925300 0.025100 0.099500
0 0.350900 0.881600 0.039700 0.138000
0 0.368600 0.425900 0.022500 0.120800
0 0.724000 0.276300 0.027800 0.099200
0 0.867300 0.503600 0.021400 0.120000
0 0.769600 0.052500 0.026000 0.094800
0 0.711900 0.054400 0.025300 0.093100
0 0.087000 0.023300 0.029400 0.047700
0 0.516200 0.642200 0.038100 0.111300
0 0.890700 0.271600 0.036700 0.131500
0 0.038400 0.196700 0.030300 0.091700
0 0.016000 0.891000 0.031400 0.155500
0 0.119300 0.176700 0.025500 0.121800
0 0.573900 0.536100 0.029000 0.119600
0 0.524100 0.764300 0.034500 0.132300
0 0.332600 0.526800 0.023500 0.115900
0 0.916500 0.788900 0.022900 0.085800
0 0.669500 0.490600 0.029400 0.086000
0 0.099800 0.402600 0.037000 0.112900
0 0.241800 0.106100 0.027100 0.073200
0 0.420500 0.536600 0.033000 0.095600
0 0.462100 0.399200 0.028400 0.092200
0 0.862700 0.274700 0.027500 0.104900
0 0.972200 0.362400 0.029900 0.102000
0 0.638000 0.240200 0.025200 0.100100
0 0.461300 0.572200 0.025400 0.094700
0 0.605200 0.551200 0.025000 0.103600
0 0.071000 0.741500 0.025300 0.102600
0 0.549000 0.383400 0.024100 0.125400
0 0.425400 0.379900 0.021900 0.109300
0 0.622100 0.068500 0.029000 0.096000
0 0.535600 0.980700 0.036600 0.034900
0 0.161500 0.353400 0.021300 0.110800
0 0.535300 0.505100 0.029900 0.102500
0 0.757600 0.242100 0.020100 0.133500
0 0.598700 0.365600 0.025500 0.101400
0 0.819700 0.508500 0.022400 0.087700
0 0.521100 0.320500 0.025200 0.096300
0 0.013400 0.790800 0.024000 0.082900
0 0.898000 0.199100 0.022000 0.061900
0 0.481200 0.603700 0.024400 0.073600
0 0.211100 0.228800 0.025200 0.094600
0 0.243800 0.382400 0.026300 0.094300
0 0.664800 0.146700 0.028000 0.091100
0 0.959200 0.507300 0.023800 0.097400
0 0.432900 0.245700 0.027200 0.099900
0 0.399900 0.367600 0.027900 0.083800
0 0.385200 0.648000 0.024700 0.116500
0 0.323900 0.430300 0.026700 0.120500
0 0.460800 0.494400 0.027100 0.077300
0 0.259300 0.990600 0.022300 0.017000
0 0.927300 0.212400 0.022800 0.078700
0 0.228400 0.306600 0.022900 0.096200
0 0.007700 0.555800 0.014200 0.110700
0 0.664700 0.352000 0.022800 0.088700
0 0.284400 0.982500 0.024300 0.035600
0 0.237700 0.490800 0.023500 0.102500
0 0.521800 0.634100 0.023500 0.080400
0 0.928800 0.665300 0.025800 0.074200
0 0.478500 0.819900 0.024900 0.080000
0 0.037600 0.135300 0.023100 0.057500
0 0.629400 0.505900 0.024000 0.107900
0 0.193700 0.444800 0.028900 0.086000
0 0.270000 0.223900 0.028700 0.091800
0 0.956500 0.681700 0.024500 0.074300
0 0.221400 0.180200 0.025400 0.090600
0 0.211900 0.522200 0.027000 0.097500
0 0.934400 0.739100 0.026100 0.096300
0 0.257900 0.517300 0.034100 0.144700
0 0.698600 0.116700 0.029600 0.138000
0 0.618500 0.458300 0.024900 0.086800
0 0.275900 0.602900 0.024000 0.111000
0 0.495700 0.051300 0.021300 0.085200
0 0.193300 0.993600 0.026300 0.013300
0 0.569700 0.321800 0.019200 0.100900
0 0.902900 0.898200 0.025100 0.083200
0 0.991700 0.318300 0.015900 0.114000
0 0.574600 0.477400 0.027200 0.087400
0 0.925200 0.335900 0.024100 0.097100
0 0.694500 0.294800 0.039700 0.106800
0 0.245200 0.317700 0.026600 0.092000
0 0.586100 0.211500 0.026900 0.089100
0 0.391900 0.425500 0.033700 0.118900
0 0.992900 0.475900 0.013000 0.120900
0 0.834000 0.517500 0.044200 0.111800
0 0.074800 0.763400 0.040000 0.158800
0 0.404600 0.065700 0.027600 0.095000
0 0.521500 0.818500 0.027100 0.111200
0 0.504900 0.506900 0.026100 0.094500
0 0.330800 0.443700 0.020100 0.086200
0 0.310800 0.897000 0.020700 0.108500
0 0.527000 0.043400 0.023200 0.083300
0 0.376563 0.220139 0.018750 0.101389
0 0.405469 0.212500 0.025000 0.108333
0 0.172656 0.441667 0.026563 0.111111
0 0.215625 0.395833 0.025000 0.108333
0 0.323047 0.268056 0.025781 0.097222
0 0.304297 0.281944 0.021094 0.091667
0 0.305469 0.364583 0.025000 0.084722
0 0.271875 0.300694 0.026563 0.104167
0 0.326172 0.202778 0.030469 0.105556
0 0.296875 0.137500 0.023438 0.105556
0 0.302734 0.093750 0.019531 0.068056
0 0.328125 0.087500 0.014062 0.058333
0 0.338281 0.136111 0.018750 0.083333
0 0.357422 0.151389 0.017969 0.097222
0 0.377344 0.141667 0.020312 0.058333
0 0.477344 0.284028 0.023438 0.101389
0 0.484766 0.239583 0.025781 0.098611
0 0.540625 0.241667 0.029687 0.102778
0 0.514844 0.196528 0.021875 0.095833
0 0.547266 0.179861 0.028906 0.095833
0 0.500781 0.124306 0.028125 0.084722
0 0.470703 0.137500 0.030469 0.086111
0 0.447656 0.161806 0.026563 0.090278
0 0.446875 0.084028 0.025000 0.068056
0 0.576953 0.106944 0.028906 0.077778
0 0.574609 0.042361 0.028906 0.073611
0 0.198828 0.061111 0.024219 0.113889
0 0.308203 0.038194 0.021094 0.073611
0 0.335547 0.039583 0.028906 0.068056
0 0.990234 0.203472 0.019531 0.106944
0 0.638281 0.368750 0.025000 0.101389
0 0.641797 0.298611 0.022656 0.072222
0 0.977734 0.511806 0.021094 0.093056
0 0.489062 0.667361 0.032812 0.087500
0 0.497656 0.745139 0.025000 0.090278
