26 0.102300 0.957300 0.014100 0.025300
26 0.395400 0.322400 0.020500 0.039100
0 0.604600 0.925000 0.032400 0.123600
0 0.861100 0.132400 0.025400 0.101300
0 0.760700 0.473700 0.025700 0.092500
0 0.867700 0.364200 0.024300 0.084700
0 0.261800 0.677500 0.037100 0.117200
0 0.279100 0.574300 0.030300 0.105800
0 0.787800 0.403300 0.025400 0.110700
0 0.043300 0.536200 0.026100 0.113800
0 0.852000 0.651400 0.020400 0.117300
0 0.652100 0.636700 0.028200 0.102800
0 0.809500 0.134700 0.027600 0.099100
0 0.521600 0.667500 0.024000 0.125100
0 0.978200 0.598100 0.028200 0.098000
0 0.924500 0.619800 0.027900 0.095000
0 0.091400 0.957200 0.030800 0.084700
0 0.918100 0.448800 0.024000 0.104100
0 0.080400 0.285500 0.036700 0.120900
0 0.331900 0.809100 0.037700 0.135100
0 0.950200 0.584300 0.025300 0.102700
0 0.684300 0.567600 0.026300 0.107900
0 0.705700 0.401600 0.034100 0.124500
0 0.123200 0.258700 0.027600 0.101400
0 0.520500 0.790500 0.027100 0.106100
0 0.897000 0.175900 0.036000 0.122200
0 0.582600 0.051500 0.025900 0.096600
0 0.308000 0.714000 0.031500 0.088300
0 0.614100 0.473100 0.025000 0.108600
0 0.048700 0.168300 0.038300 0.118900
0 0.694300 0.839100 0.030900 0.126900
0 0.428700 0.486700 0.032200 0.135300
0 0.140100 0.948900 0.041600 0.098300
0 0.085000 0.432600 0.028700 0.090400
0 0.146700 0.158900 0.029800 0.096600
0 0.400600 0.664200 0.026700 0.113100
0 0.132300 0.471200 0.024400 0.104200
0 0.051900 0.706400 0.040100 0.130700
0 0.352700 0.654200 0.021800 0.105100
0 0.106400 0.571700 0.040500 0.106600
0 0.471500 0.071400 0.025500 0.097700
0 0.638000 0.838600 0.027000 0.090400
0 0.153500 0.722600 0.036300 0.112800
0 0.664900 0.398700 0.024800 0.100200
0 0.910500 0.773200 0.028400 0.146400
0 0.223300 0.682200 0.036100 0.121900
0 0.459300 0.601000 0.021300 0.103000
0 0.020200 0.730400 0.034500 0.129100
0 0.524800 0.977500 0.052300 0.048500
0 0.988300 0.932000 0.018600 0.119700
0 0.642400 0.148600 0.023900 0.099100
0 0.482300 0.523100 0.035900 0.114000
0 0.740500 0.136500 0.023400 0.109700
0 0.164400 0.462300 0.024800 0.095200
0 0.744200 0.360000 0.035600 0.114800
0 0.847900 0.949500 0.028100 0.094400
0 0.762700 0.974200 0.030200 0.050500
0 0.810900 0.035600 0.022000 0.081000
0 0.933400 0.972100 0.035400 0.053100
0 0.017200 0.130600 0.027100 0.098700
0 0.966700 0.275200 0.028700 0.090200
0 0.963900 0.945800 0.027300 0.086100
0 0.271700 0.042100 0.023000 0.092200
0 0.972900 0.428800 0.021300 0.105400
0 0.667800 0.056800 0.026400 0.095600
0 0.066500 0.960200 0.031200 0.067900
0 0.287100 0.979200 0.029300 0.038800
0 0.107100 0.510500 0.028100 0.061800
0 0.415400 0.116600 0.026200 0.096800
0 0.285700 0.804200 0.036300 0.117800
0 0.084300 0.540000 0.023200 0.092700
0 0.993900 0.430600 0.012600 0.129200
0 0.744900 0.058200 0.025100 0.078500
0 0.680800 0.616000 0.024900 0.070400
0 0.167100 0.276800 0.027900 0.093400
0 0.004600 0.446100 0.009700 0.108000
0 0.772600 0.801600 0.039600 0.123800
0 0.939800 0.306800 0.020600 0.083700
0 0.325500 0.165200 0.023700 0.081100
0 0.195700 0.304000 0.026600 0.105800
0 0.914600 0.330400 0.032900 0.132100
0 0.183800 0.370800 0.027400 0.095500
0 0.492700 0.567500 0.022100 0.079800
0 0.378500 0.523800 0.037100 0.126900
0 0.255700 0.491200 0.033800 0.126400
0 0.572100 0.987600 0.029800 0.023400
0 0.224600 0.401700 0.025800 0.096900
0 0.208900 0.082800 0.025000 0.073500
0 0.142800 0.335400 0.021000 0.136300
0 0.494800 0.663600 0.021800 0.099500
0 0.252600 0.183100 0.026100 0.081400
0 0.326400 0.037400 0.023300 0.082300
0 0.357800 0.335700 0.025600 0.078500
0 0.520500 0.120100 0.021500 0.088500
0 0.261200 0.988600 0.022900 0.020500
0 0.394300 0.345800 0.024200 0.119300
0 0.289300 0.414000 0.025000 0.106000
0 0.284300 0.227200 0.023700 0.101300
0 0.231200 0.243100 0.025000 0.107100
0 0.041800 0.678700 0.028800 0.098000
0 0.905000 0.679700 0.028400 0.078200
0 0.912800 0.292100 0.022200 0.067500
0 0.332600 0.518300 0.030400 0.140200
0 0.569200 0.450300 0.033300 0.156600
0 0.320100 0.351500 0.025400 0.094100
0 0.310200 0.492500 0.022400 0.106400
0 0.991600 0.100200 0.015800 0.120100
0 0.361600 0.658000 0.020600 0.115200
0 0.981000 0.232500 0.036900 0.145600
0 0.695400 0.319000 0.023800 0.081400
0 0.446300 0.356600 0.032900 0.137000
0 0.550100 0.040000 0.022700 0.084000
0 0.493100 0.414700 0.028900 0.153700
0 0.370700 0.550500 0.024600 0.102100
0 0.675600 0.148400 0.027100 0.054200
0 0.820300 0.987400 0.029700 0.022700
0 0.302900 0.222300 0.022800 0.094500
0 0.271800 0.318000 0.020400 0.101800
0 0.436328 0.160417 0.028906 0.084722
0 0.389453 0.267361 0.027344 0.073611
0 0.421484 0.272917 0.021094 0.068056
0 0.324609 0.269444 0.033594 0.055556
0 0.334766 0.219444 0.030469 0.069444
0 0.460156 0.725694 0.034375 0.090278
0 0.473828 0.817361 0.027344 0.112500
0 0.604297 0.406250 0.035156 0.079167
0 0.606641 0.342361 0.024219 0.068056
0 0.610937 0.280556 0.017188 0.061111
0 0.633984 0.249306 0.022656 0.112500
0 0.586719 0.249306 0.020312 0.068056
0 0.573438 0.304167 0.029687 0.075000
0 0.557813 0.359722 0.034375 0.066667
0 0.523438 0.413194 0.031250 0.095833
0 0.510938 0.304167 0.021875 0.058333
0 0.523438 0.259722 0.025000 0.083333
0 0.555469 0.264583 0.025000 0.090278
0 0.528906 0.204861 0.017188 0.048611
0 0.582812 0.200000 0.035937 0.066667
0 0.584766 0.131250 0.027344 0.070833
0 0.498437 0.204861 0.029687 0.065278
0 0.470703 0.192361 0.024219 0.090278
0 0.469531 0.127083 0.023438 0.056944
0 0.453125 0.100694 0.034375 0.087500
0 0.362500 0.052778 0.026563 0.075000
0 0.332031 0.100000 0.023438 0.063889
0 0.300391 0.149306 0.022656 0.056944
0 0.306250 0.097222 0.026563 0.063889
0 0.204297 0.202083 0.014844 0.070833
0 0.208203 0.158333 0.032031 0.083333
0 0.769531 0.222917 0.018750 0.065278
0 0.746875 0.250000 0.025000 0.100000
0 0.717969 0.220833 0.023438 0.102778
0 0.711719 0.154861 0.026563 0.068056
0 0.679297 0.197917 0.033594 0.087500
