26 0.097600 0.396400 0.032400 0.096100
24 0.523200 0.617600 0.015200 0.039700
26 0.712100 0.866500 0.014800 0.034900
26 0.476800 0.816900 0.016300 0.024700
26 0.492400 0.603700 0.014400 0.030600
24 0.055200 0.741100 0.013800 0.033800
24 0.395800 0.398200 0.028000 0.053200
0 0.604300 0.725800 0.025600 0.113500
0 0.410700 0.783500 0.024500 0.113300
0 0.740100 0.512900 0.036300 0.121600
0 0.850500 0.053200 0.022600 0.084900
0 0.153300 0.831700 0.036000 0.113400
0 0.715300 0.392100 0.029100 0.104400
0 0.085500 0.807900 0.029300 0.094200
0 0.301100 0.793400 0.035700 0.121300
0 0.071300 0.635700 0.029000 0.086400
0 0.865200 0.507400 0.023100 0.126000
0 0.826700 0.224900 0.026600 0.126900
0 0.595700 0.926100 0.027300 0.100900
0 0.099100 0.400000 0.036400 0.113000
0 0.460800 0.918800 0.025100 0.099900
0 0.669500 0.720800 0.029200 0.115800
0 0.956100 0.679700 0.025400 0.091700
0 0.134000 0.355700 0.022700 0.099100
0 0.089800 0.550400 0.026900 0.095900
0 0.796100 0.333600 0.034600 0.114400
0 0.014900 0.892900 0.029600 0.162700
0 0.711300 0.883900 0.033200 0.128100
0 0.136000 0.644000 0.025200 0.099000
0 0.967100 0.355500 0.028200 0.097200
0 0.521100 0.805800 0.034000 0.123300
0 0.119500 0.176600 0.027800 0.111100
0 0.396600 0.614000 0.033000 0.142300
0 0.518000 0.638900 0.035200 0.118500
0 0.307000 0.659100 0.026600 0.101400
0 0.037700 0.195600 0.029600 0.098200
0 0.538300 0.980200 0.036500 0.038100
0 0.174500 0.183200 0.029700 0.101300
0 0.601500 0.543900 0.029500 0.107400
0 0.756900 0.370300 0.028900 0.098100
0 0.148800 0.229900 0.026700 0.098800
0 0.914500 0.775200 0.023200 0.075100
0 0.769000 0.050900 0.024500 0.094700
0 0.460400 0.568100 0.027100 0.095300
0 0.068800 0.257100 0.035300 0.120800
0 0.527200 0.739400 0.029800 0.080500
0 0.270400 0.227900 0.027500 0.094300
0 0.274800 0.600200 0.022400 0.120300
0 0.925400 0.348500 0.020500 0.117800
0 0.534200 0.495900 0.028900 0.099000
0 0.817800 0.509200 0.020800 0.103900
0 0.758100 0.242600 0.022300 0.126700
0 0.712800 0.056800 0.024800 0.091900
0 0.354200 0.882800 0.035700 0.135300
0 0.674400 0.934100 0.035100 0.112900
0 0.086600 0.019900 0.029700 0.039000
0 0.726800 0.278500 0.027300 0.098300
0 0.927900 0.211900 0.021700 0.064700
0 0.017000 0.790000 0.027800 0.095900
0 0.385000 0.635100 0.023000 0.113600
0 0.889800 0.271000 0.042200 0.130400
0 0.929600 0.663700 0.025700 0.075000
0 0.420700 0.524600 0.030600 0.082500
0 0.369100 0.425500 0.025100 0.117000
0 0.933100 0.738600 0.034000 0.126100
0 0.959000 0.505500 0.022000 0.109200
0 0.503400 0.504100 0.027500 0.103500
0 0.699500 0.114300 0.030900 0.138200
0 0.432700 0.246000 0.028600 0.094300
0 0.243000 0.112400 0.025100 0.082000
0 0.334000 0.527900 0.026000 0.092400
0 0.669800 0.493300 0.029800 0.089000
0 0.070500 0.743400 0.039700 0.107600
0 0.725900 0.885800 0.033200 0.118800
0 0.490100 0.807400 0.027600 0.107600
0 0.303800 0.290600 0.026600 0.102700
0 0.496200 0.052600 0.022000 0.084000
0 0.324700 0.430400 0.024300 0.122400
0 0.259100 0.990900 0.021800 0.016900
0 0.461300 0.399000 0.028200 0.092200
0 0.663600 0.136800 0.027000 0.075200
0 0.622400 0.066800 0.027500 0.091100
0 0.902800 0.897300 0.026000 0.098700
0 0.638000 0.238600 0.024400 0.101100
0 0.408200 0.059300 0.028300 0.094500
0 0.900700 0.210300 0.021600 0.072300
0 0.982800 0.487800 0.031100 0.148000
0 0.212000 0.228400 0.025400 0.094500
0 0.459200 0.490800 0.028900 0.077500
0 0.481100 0.602400 0.026300 0.077400
0 0.829400 0.520900 0.039900 0.122900
0 0.572900 0.055000 0.026500 0.079800
0 0.479600 0.806700 0.026500 0.084300
0 0.163100 0.618400 0.026800 0.068800
0 0.163200 0.366000 0.033800 0.134300
0 0.601200 0.366500 0.026000 0.099900
0 0.284700 0.982300 0.022400 0.034700
0 0.425000 0.367700 0.020900 0.090300
0 0.991800 0.463600 0.015300 0.125200
0 0.574100 0.479100 0.026700 0.103000
0 0.696200 0.286800 0.030100 0.105900
0 0.548700 0.380800 0.024100 0.119700
0 0.308900 0.885300 0.020700 0.106600
0 0.183500 0.993000 0.026700 0.015400
0 0.041900 0.136500 0.020300 0.058700
0 0.162300 0.354500 0.022000 0.091400
0 0.391800 0.421100 0.032100 0.128400
0 0.299200 0.148600 0.024700 0.097000
0 0.354800 0.822400 0.029900 0.071800
0 0.525100 0.042800 0.023700 0.083600
0 0.400400 0.351800 0.024900 0.067300
0 0.587700 0.210900 0.027400 0.081200
0 0.228900 0.303300 0.020800 0.100200
0 0.375391 0.220139 0.021094 0.109722
0 0.400000 0.207639 0.023438 0.109722
0 0.170703 0.443056 0.017969 0.091667
0 0.192969 0.438889 0.015625 0.077778
0 0.210938 0.516667 0.032812 0.108333
0 0.258594 0.511806 0.018750 0.098611
0 0.234766 0.490278 0.022656 0.100000
0 0.253125 0.455556 0.025000 0.063889
0 0.312109 0.365972 0.030469 0.087500
0 0.250781 0.326389 0.028125 0.113889
0 0.270703 0.309722 0.027344 0.113889
0 0.478516 0.275694 0.028906 0.109722
0 0.518359 0.311806 0.030469 0.098611
0 0.572266 0.334028 0.028906 0.115278
0 0.624609 0.454861 0.035156 0.079167
0 0.631250 0.510417 0.026563 0.118056
0 0.666406 0.347222 0.021875 0.094444
0 0.638672 0.372222 0.028906 0.122222
0 0.542578 0.240972 0.032031 0.109722
0 0.580469 0.261806 0.023438 0.081944
0 0.548047 0.172222 0.028906 0.091667
0 0.574609 0.114583 0.027344 0.093056
0 0.516406 0.183333 0.028125 0.066667
0 0.484375 0.224306 0.029687 0.079167
0 0.446094 0.168056 0.023438 0.111111
0 0.470313 0.138889 0.023438 0.083333
0 0.501562 0.118750 0.021875 0.076389
0 0.473828 0.070833 0.022656 0.072222
0 0.447656 0.075694 0.021875 0.054167
0 0.434766 0.108333 0.021094 0.063889
0 0.389453 0.111806 0.022656 0.062500
0 0.374609 0.145139 0.022656 0.062500
0 0.360156 0.131250 0.015625 0.073611
0 0.340625 0.142361 0.018750 0.079167
0 0.327734 0.191667 0.022656 0.075000
0 0.319531 0.246528 0.026563 0.056944
0 0.332031 0.095139 0.020312 0.070833
0 0.307422 0.090972 0.024219 0.068056
0 0.303516 0.030556 0.022656 0.058333
0 0.334375 0.039583 0.026563 0.059722
0 0.490625 0.445139 0.026563 0.090278
